1.00000e-06 1.00000e+00 -1.00000e-06
6.00000e-06 1.00000e+00 -6.00000e-06
3.10000e-05 1.00000e+00 -3.10000e-05
1.56000e-04 1.00000e+00 -1.56000e-04
7.81000e-04 1.00000e+00 -7.81000e-04
3.90600e-03 9.99992e-01 -3.90599e-03
1.95310e-02 9.99809e-01 -1.95321e-02
9.76560e-02 9.95207e-01 -9.89684e-02
1.75781e-01 9.84034e-01 -1.91090e-01
2.53906e-01 9.64125e-01 -3.32415e-01
3.32031e-01 9.27793e-01 -6.50746e-01
4.10156e-01 8.40856e-01 -1.92971e+00
4.55618e-01 6.84423e-01 -6.13338e+00
4.78037e-01 4.64316e-01 -1.55293e+01
4.91267e-01 1.62910e-01 -3.27804e+01
5.00901e-01 -2.72224e-01 -6.01061e+01
5.10132e-01 -9.66962e-01 -8.57062e+01
5.38885e-01 -1.99165e+00 -1.98698e+00
5.69031e-01 -2.00175e+00 4.28821e-03
6.22662e-01 -2.00122e+00 1.04054e-02
7.28667e-01 -2.00012e+00 1.04151e-02
1.10440e+00 -1.99620e+00 1.04493e-02
2.76659e+00 -1.97870e+00 1.06048e-02
8.43440e+00 -1.91697e+00 1.11976e-02
2.26227e+01 -1.74432e+00 1.33413e-02
4.86036e+01 -1.25256e+00 3.42235e-02
4.96428e+01 -1.21431e+00 3.97632e-02
5.17556e+01 -1.10450e+00 7.52212e-02
5.23749e+01 -1.04328e+00 1.40525e-01
5.26364e+01 -9.92256e-01 2.89679e-01
5.27712e+01 -9.33233e-01 6.95167e-01
5.28559e+01 -8.28622e-01 2.26404e+00
5.29002e+01 -6.43849e-01 7.67938e+00
5.29205e+01 -3.95707e-01 1.91994e+01
5.29326e+01 -6.06190e-02 3.93309e+01
5.29418e+01 4.32736e-01 6.91706e+01
5.29595e+01 1.73297e+00 4.30673e+01
5.29831e+01 1.99906e+00 6.51578e-01
5.30163e+01 2.00216e+00 -9.30074e-03
5.30739e+01 2.00156e+00 -1.04026e-02
5.32025e+01 2.00022e+00 -1.04142e-02
5.37359e+01 1.99466e+00 -1.04628e-02
5.59922e+01 1.97081e+00 -1.06766e-02
6.40091e+01 1.88179e+00 -1.15700e-02
8.20913e+01 1.64555e+00 -1.50527e-02
1.00000e+02 1.28763e+00 -3.05042e-02
