1.00000e-06 1.00000e+00 -1.00000e-06
6.00000e-06 1.00000e+00 -6.00000e-06
3.10000e-05 1.00000e+00 -3.10000e-05
1.56000e-04 1.00000e+00 -1.56000e-04
7.81000e-04 1.00000e+00 -7.81000e-04
3.90600e-03 9.99992e-01 -3.90599e-03
1.95310e-02 9.99809e-01 -1.95325e-02
9.76560e-02 9.95201e-01 -9.92475e-02
1.75781e-01 9.83923e-01 -1.94395e-01
2.53906e-01 9.63280e-01 -3.52220e-01
3.32031e-01 9.22785e-01 -7.66337e-01
4.07678e-01 8.09561e-01 -2.97267e+00
4.41325e-01 6.29735e-01 -9.54947e+00
4.57304e-01 3.92243e-01 -2.28096e+01
4.67182e-01 6.94516e-02 -4.58239e+01
4.74854e-01 -4.05214e-01 -8.02033e+01
4.89944e-01 -1.72580e+00 -5.20204e+01
5.09676e-01 -1.99797e+00 -8.32826e-01
5.37063e-01 -2.00142e+00 7.14036e-03
5.84492e-01 -2.00101e+00 8.76425e-03
6.87507e-01 -2.00011e+00 8.77088e-03
1.09592e+00 -1.99652e+00 8.79718e-03
2.95091e+00 -1.98009e+00 8.91995e-03
1.00473e+01 -1.91498e+00 9.44684e-03
2.75162e+01 -1.73493e+00 1.13564e-02
5.91797e+01 -1.20017e+00 3.53193e-02
6.04462e+01 -1.14898e+00 4.66762e-02
6.13546e+01 -1.09895e+00 6.71350e-02
6.17466e+01 -1.06871e+00 9.04810e-02
6.19939e+01 -1.04266e+00 1.25034e-01
6.22046e+01 -1.00933e+00 2.07828e-01
6.23504e+01 -9.66806e-01 4.28445e-01
6.24478e+01 -8.98602e-01 1.19206e+00
6.25171e+01 -7.12232e-01 6.18449e+00
6.25406e+01 -4.54440e-01 1.90156e+01
6.25520e+01 -1.34712e-01 4.10030e+01
6.25599e+01 3.12909e-01 7.41835e+01
6.25676e+01 1.01468e+00 1.01824e+02
6.25902e+01 1.98837e+00 3.10003e+00
6.26201e+01 2.00181e+00 -5.40186e-03
6.26656e+01 2.00143e+00 -8.76112e-03
6.27596e+01 2.00060e+00 -8.76723e-03
6.31060e+01 1.99756e+00 -8.78950e-03
6.47147e+01 1.98334e+00 -8.89534e-03
7.06762e+01 1.92906e+00 -9.32704e-03
8.61162e+01 1.77412e+00 -1.08693e-02
1.00000e+02 1.60795e+00 -1.33422e-02
