1.00000e-06 1.00000e+00 -1.00000e-06
6.00000e-06 1.00000e+00 -6.00000e-06
3.10000e-05 1.00000e+00 -3.10000e-05
1.56000e-04 1.00000e+00 -1.56000e-04
7.81000e-04 1.00000e+00 -7.81000e-04
3.90600e-03 9.99992e-01 -3.90599e-03
1.95310e-02 9.99809e-01 -1.95326e-02
9.76560e-02 9.95201e-01 -9.92708e-02
1.75781e-01 9.83914e-01 -1.94675e-01
2.53906e-01 9.63207e-01 -3.53953e-01
3.32031e-01 9.22330e-01 -7.77340e-01
4.06460e-01 8.09435e-01 -3.00887e+00
4.39559e-01 6.30832e-01 -9.61723e+00
4.55339e-01 3.94837e-01 -2.29337e+01
4.65105e-01 7.40149e-02 -4.60701e+01
4.72689e-01 -3.98059e-01 -8.07894e+01
4.87625e-01 -1.72328e+00 -5.30824e+01
5.07128e-01 -1.99793e+00 -8.48053e-01
5.34060e-01 -2.00140e+00 6.95890e-03
5.80777e-01 -2.00100e+00 8.65048e-03
6.81950e-01 -2.00013e+00 8.65683e-03
1.08136e+00 -1.99666e+00 8.68188e-03
2.90620e+00 -1.98071e+00 8.79942e-03
9.91896e+00 -1.91729e+00 9.30451e-03
2.73206e+01 -1.74102e+00 1.11310e-02
5.96255e+01 -1.21111e+00 3.33052e-02
6.09177e+01 -1.16265e+00 4.25531e-02
6.25945e+01 -1.06398e+00 9.44225e-02
6.30340e+01 -1.00310e+00 2.29434e-01
6.31923e+01 -9.46206e-01 6.02520e-01
6.32761e+01 -8.56625e-01 1.96713e+00
6.33208e+01 -6.89045e-01 7.16889e+00
6.33401e+01 -4.64661e-01 1.86362e+01
6.33510e+01 -1.67418e-01 3.90730e+01
6.33589e+01 2.55782e-01 7.11092e+01
6.33661e+01 9.01002e-01 1.02443e+02
6.33866e+01 1.97530e+00 6.08537e+00
6.34072e+01 2.00167e+00 4.48632e-02
6.34457e+01 2.00157e+00 -8.63924e-03
6.35129e+01 2.00099e+00 -8.65061e-03
6.37208e+01 1.99919e+00 -8.66359e-03
6.47602e+01 1.99015e+00 -8.72945e-03
6.87884e+01 1.95445e+00 -9.00097e-03
8.04760e+01 1.84386e+00 -9.97783e-03
1.00000e+02 1.62471e+00 -1.28669e-02
