1.00000e-06 1.00000e+00 -1.00000e-06
6.00000e-06 1.00000e+00 -6.00000e-06
3.10000e-05 1.00000e+00 -3.10000e-05
1.56000e-04 1.00000e+00 -1.56000e-04
7.81000e-04 1.00000e+00 -7.81000e-04
3.90600e-03 9.99992e-01 -3.90599e-03
1.95310e-02 9.99809e-01 -1.95325e-02
9.76560e-02 9.95202e-01 -9.92242e-02
1.75781e-01 9.83933e-01 -1.94116e-01
2.53906e-01 9.63352e-01 -3.50501e-01
3.32031e-01 9.23234e-01 -7.55567e-01
4.09019e-01 8.09370e-01 -2.94487e+00
4.43196e-01 6.27903e-01 -9.51397e+00
4.59351e-01 3.88500e-01 -2.27546e+01
4.69332e-01 6.31295e-02 -4.57002e+01
4.77122e-01 -4.17598e-01 -7.99267e+01
4.92557e-01 -1.74092e+00 -4.90701e+01
5.12297e-01 -1.99804e+00 -8.13264e-01
5.40498e-01 -2.00143e+00 7.44741e-03
5.88821e-01 -2.00101e+00 8.88109e-03
6.94721e-01 -2.00007e+00 8.88808e-03
1.11981e+00 -1.99629e+00 8.91620e-03
3.03693e+00 -1.97907e+00 9.04671e-03
1.04054e+01 -1.91039e+00 9.61308e-03
2.82609e+01 -1.72224e+00 1.16784e-02
5.44935e+01 -1.31319e+00 2.41340e-02
6.07154e+01 -1.08732e+00 7.53191e-02
6.09643e+01 -1.06649e+00 9.38211e-02
6.11741e+01 -1.04403e+00 1.23943e-01
6.13669e+01 -1.01474e+00 1.91499e-01
6.15198e+01 -9.74627e-01 3.75429e-01
6.16245e+01 -9.12309e-01 9.86660e-01
6.16934e+01 -7.78922e-01 3.88166e+00
6.17228e+01 -5.78033e-01 1.19824e+01
6.17370e+01 -3.16980e-01 2.75359e+01
6.17462e+01 4.04791e-02 5.35489e+01
6.17538e+01 5.82665e-01 8.92670e+01
6.17695e+01 1.83040e+00 3.44589e+01
6.17910e+01 2.00053e+00 3.30723e-01
6.18227e+01 2.00175e+00 -8.61020e-03
6.18762e+01 2.00128e+00 -8.87912e-03
6.20098e+01 2.00009e+00 -8.88790e-03
6.26776e+01 1.99414e+00 -8.93221e-03
6.58954e+01 1.96505e+00 -9.15621e-03
7.58623e+01 1.86984e+00 -9.98672e-03
9.77802e+01 1.62031e+00 -1.32899e-02
1.00000e+02 1.59019e+00 -1.38673e-02
