1.00000e-06 1.00000e+00 -1.00000e-06
6.00000e-06 1.00000e+00 -6.00000e-06
3.10000e-05 1.00000e+00 -3.10000e-05
1.56000e-04 1.00000e+00 -1.56000e-04
7.81000e-04 1.00000e+00 -7.81000e-04
3.90600e-03 9.99992e-01 -3.90599e-03
1.95310e-02 9.99809e-01 -1.95302e-02
9.76560e-02 9.95230e-01 -9.77961e-02
4.88281e-01 8.62485e-01 -7.02079e-01
6.97738e-01 5.80675e-01 -2.59132e+00
8.01642e-01 9.71108e-02 -8.07313e+00
8.59439e-01 -5.88109e-01 -1.60837e+01
9.36717e-01 -1.76379e+00 -8.37656e+00
1.06843e+00 -2.00731e+00 -1.32587e-02
1.26291e+00 -1.99901e+00 5.12374e-02
1.62076e+00 -1.98052e+00 5.20696e-02
2.81425e+00 -1.91664e+00 5.50672e-02
6.20401e+00 -1.71038e+00 6.81143e-02
9.98417e+00 -1.39103e+00 1.12252e-01
1.11832e+01 -1.22829e+00 1.71520e-01
1.17059e+01 -1.12065e+00 2.55027e-01
1.20629e+01 -1.00352e+00 4.39438e-01
1.22945e+01 -8.60872e-01 8.97093e-01
1.24636e+01 -6.10870e-01 2.49834e+00
1.25638e+01 -1.83626e-01 7.13506e+00
1.26268e+01 5.03877e-01 1.54841e+01
1.27130e+01 1.80029e+00 7.50269e+00
1.28401e+01 2.01152e+00 1.34106e-02
1.30383e+01 2.00305e+00 -5.10711e-02
1.33985e+01 1.98450e+00 -5.18946e-02
1.45537e+01 1.92295e+00 -5.47540e-02
1.80030e+01 1.71415e+00 -6.78137e-02
2.17760e+01 1.39800e+00 -1.10623e-01
2.30093e+01 1.23311e+00 -1.68915e-01
2.35492e+01 1.12346e+00 -2.52056e-01
2.39102e+01 1.00663e+00 -4.32690e-01
2.41438e+01 8.65364e-01 -8.77829e-01
2.43141e+01 6.20420e-01 -2.41885e+00
2.44162e+01 1.97689e-01 -6.95851e+00
2.44791e+01 -4.73278e-01 -1.51823e+01
2.45202e+01 -1.18266e+00 -1.76620e+01
2.46515e+01 -2.00646e+00 -2.99413e-01
2.48299e+01 -2.00624e+00 5.06595e-02
2.51369e+01 -1.99051e+00 5.16333e-02
2.58936e+01 -1.95077e+00 5.34190e-02
2.80771e+01 -1.82743e+00 5.99673e-02
3.25759e+01 -1.50323e+00 9.09529e-02
3.39391e+01 -1.36255e+00 1.19468e-01
3.45125e+01 -1.28769e+00 1.43896e-01
3.53828e+01 -1.12863e+00 2.46718e-01
3.57750e+01 -1.00204e+00 4.42704e-01
3.60078e+01 -8.56792e-01 9.14877e-01
3.61759e+01 -6.02092e-01 2.57257e+00
3.62744e+01 -1.70568e-01 7.29981e+00
3.63375e+01 5.35150e-01 1.57799e+01
3.64313e+01 1.86222e+00 5.59017e+00
3.65962e+01 2.01048e+00 -4.09760e-02
3.68259e+01 1.99902e+00 -5.12669e-02
3.72782e+01 1.97560e+00 -5.22876e-02
3.87639e+01 1.89514e+00 -5.61648e-02
4.23405e+01 1.67038e+00 -7.15013e-02
4.49067e+01 1.45819e+00 -9.83815e-02
4.59738e+01 1.34044e+00 -1.25764e-01
4.65171e+01 1.26540e+00 -1.53203e-01
4.71429e+01 1.15087e+00 -2.25675e-01
4.75379e+01 1.03896e+00 -3.69226e-01
4.77949e+01 9.10554e-01 -7.02440e-01
4.79797e+01 7.09210e-01 -1.74666e+00
4.81064e+01 3.13051e-01 -5.55349e+00
4.81748e+01 -2.88232e-01 -1.31373e+01
4.82240e+01 -1.09481e+00 -1.80072e+01
4.83641e+01 -2.00751e+00 -2.50235e-01
4.85145e+01 -2.00746e+00 5.01244e-02
4.88103e+01 -1.99233e+00 5.15546e-02
4.94850e+01 -1.95702e+00 5.31291e-02
5.14877e+01 -1.84515e+00 5.89174e-02
5.57450e+01 -1.55045e+00 8.43580e-02
5.70537e+01 -1.42861e+00 1.04018e-01
5.86265e+01 -1.22383e+00 1.73998e-01
5.92383e+01 -1.08932e+00 2.92064e-01
5.95576e+01 -9.66347e-01 5.29890e-01
5.97676e+01 -8.04061e-01 1.16993e+00
5.99279e+01 -4.65737e-01 3.86042e+00
6.00093e+01 5.63387e-02 1.02290e+01
6.00599e+01 7.63222e-01 1.74736e+01
6.01605e+01 1.94452e+00 2.74455e+00
6.02829e+01 2.01126e+00 -2.72517e-02
6.05985e+01 1.99574e+00 -5.14080e-02
6.11610e+01 1.96646e+00 -5.26977e-02
6.29717e+01 1.86674e+00 -5.76924e-02
6.69725e+01 1.60137e+00 -7.83203e-02
6.82405e+01 1.49392e+00 -9.23874e-02
7.10073e+01 1.11300e+00 -2.63386e-01
7.15606e+01 8.65987e-01 -8.75179e-01
7.17421e+01 5.94014e-01 -2.64187e+00
7.18419e+01 1.37607e-01 -7.71876e+00
7.19119e+01 -7.21080e-01 -1.72293e+01
7.20011e+01 -1.89576e+00 -4.47420e+00
7.21284e+01 -2.01146e+00 1.72147e-02
7.23522e+01 -2.00090e+00 5.11829e-02
7.27573e+01 -1.97998e+00 5.20931e-02
7.40104e+01 -1.91278e+00 5.52605e-02
7.73807e+01 -1.70694e+00 6.83917e-02
8.11132e+01 -1.39073e+00 1.12324e-01
8.23038e+01 -1.22927e+00 1.70985e-01
8.28234e+01 -1.12286e+00 2.52683e-01
8.31862e+01 -1.00484e+00 4.36567e-01
8.34189e+01 -8.62576e-01 8.89746e-01
8.35885e+01 -6.14501e-01 2.46795e+00
8.36893e+01 -1.88994e-01 7.06756e+00
8.37523e+01 4.91895e-01 1.53674e+01
8.37926e+01 1.19179e+00 1.76128e+01
8.39232e+01 2.00638e+00 3.03071e-01
8.40954e+01 2.00657e+00 -5.05577e-02
8.43981e+01 1.99106e+00 -5.16096e-02
8.51285e+01 1.95274e+00 -5.33272e-02
8.72518e+01 1.83324e+00 -5.96184e-02
9.16706e+01 1.51914e+00 -8.86089e-02
9.30125e+01 1.38565e+00 -1.13545e-01
9.35792e+01 1.31611e+00 -1.33524e-01
9.49104e+01 1.05495e+00 -3.42068e-01
9.53481e+01 7.82735e-01 -1.28643e+00
9.55018e+01 4.21825e-01 -4.32353e+00
9.55791e+01 -1.28027e-01 -1.11520e+01
9.56277e+01 -8.43873e-01 -1.78408e+01
9.57533e+01 -1.99326e+00 -8.63030e-01
9.58945e+01 -2.00930e+00 4.73791e-02
9.61955e+01 -1.99400e+00 5.14828e-02
9.68093e+01 -1.96197e+00 5.29021e-02
9.86926e+01 -1.85760e+00 5.82042e-02
1.00000e+02 -1.77844e+00 6.30994e-02
