1.00000e-06 1.00000e+00 -1.00000e-06
6.00000e-06 1.00000e+00 -6.00000e-06
3.10000e-05 1.00000e+00 -3.10000e-05
1.56000e-04 1.00000e+00 -1.56000e-04
7.81000e-04 1.00000e+00 -7.81000e-04
3.90600e-03 9.99992e-01 -3.90599e-03
1.95310e-02 9.99809e-01 -1.95298e-02
9.76560e-02 9.95235e-01 -9.75235e-02
4.88281e-01 8.81819e-01 -4.82416e-01
2.44141e+00 -1.74259e+00 -5.49773e-01
4.53555e+00 -1.37547e-01 1.99998e+00
5.01200e+00 1.01834e+00 2.60610e+00
6.69300e+00 1.56273e+00 -7.43914e-01
8.37400e+00 -1.12935e+00 -2.57624e+00
1.00268e+01 -1.56218e+00 7.47109e-01
1.20427e+01 1.80533e+00 1.26398e+00
1.40587e+01 8.85650e-01 -1.26201e+00
1.45188e+01 1.48562e-01 -2.01992e+00
1.49727e+01 -9.60991e-01 -2.66031e+00
1.65778e+01 -1.64310e+00 6.94093e-01
1.81828e+01 6.36619e-01 2.64282e+00
1.98085e+01 1.71078e+00 -6.47528e-01
2.14343e+01 -4.28449e-01 -2.53711e+00
2.26647e+01 -1.95793e+00 3.55715e-01
2.39992e+01 -9.52600e-01 1.20166e+00
2.45543e+01 -6.46388e-02 2.10718e+00
2.50117e+01 1.07717e+00 2.61081e+00
2.65639e+01 1.64917e+00 -6.90031e-01
2.81434e+01 -5.46510e-01 -2.60461e+00
2.94892e+01 -1.88977e+00 4.81961e-01
3.09149e+01 -6.10545e-01 1.53042e+00
3.14048e+01 3.67041e-01 2.49514e+00
3.24837e+01 2.00304e+00 -1.38640e-01
3.37453e+01 1.22252e+00 -9.80811e-01
3.43252e+01 4.85035e-01 -1.66129e+00
3.47803e+01 -4.78136e-01 -2.56775e+00
3.60249e+01 -1.94543e+00 3.86319e-01
3.74501e+01 -7.94393e-01 1.34763e+00
3.79677e+01 1.26384e-01 2.29488e+00
3.91441e+01 2.00343e+00 -1.34046e-01
4.03951e+01 1.23560e+00 -9.71019e-01
4.09713e+01 5.13441e-01 -1.63135e+00
4.14344e+01 -4.54682e-01 -2.55367e+00
4.26292e+01 -1.96664e+00 3.30773e-01
4.39644e+01 -9.81948e-01 1.17589e+00
4.45332e+01 -8.77715e-02 2.08334e+00
4.49732e+01 1.00262e+00 2.64640e+00
4.66521e+01 1.57907e+00 -7.36211e-01
4.83310e+01 -1.07154e+00 -2.61400e+00
5.02099e+01 -1.39962e+00 8.54447e-01
5.05857e+01 -1.03041e+00 1.13425e+00
5.09615e+01 -5.21107e-01 1.62328e+00
5.13372e+01 2.26956e-01 2.38464e+00
5.23888e+01 2.00856e+00 1.47512e-02
5.36589e+01 1.29522e+00 -9.27358e-01
5.42490e+01 5.91108e-01 -1.55042e+00
5.47576e+01 -4.46185e-01 -2.54840e+00
5.59363e+01 -1.97286e+00 3.10476e-01
5.72542e+01 -1.02443e+00 1.13934e+00
5.78488e+01 -1.10424e-01 2.05983e+00
5.82778e+01 9.44303e-01 2.66473e+00
5.98619e+01 1.66180e+00 -6.81527e-01
6.14461e+01 -5.10752e-01 -2.58613e+00
6.29066e+01 -1.83798e+00 5.42079e-01
6.43670e+01 -3.87316e-01 1.76525e+00
6.48506e+01 7.02469e-01 2.66251e+00
6.65777e+01 1.62535e+00 -7.05870e-01
6.83049e+01 -1.02953e+00 -2.63517e+00
7.02201e+01 -1.38208e+00 8.66405e-01
7.06032e+01 -9.98659e-01 1.16139e+00
7.09862e+01 -4.63326e-01 1.68425e+00
7.13693e+01 3.29408e-01 2.46734e+00
7.24222e+01 2.00734e+00 -6.89486e-02
7.36820e+01 1.26395e+00 -9.50056e-01
7.42607e+01 5.56795e-01 -1.58599e+00
7.47421e+01 -4.32487e-01 -2.53971e+00
7.58977e+01 -1.98125e+00 2.78616e-01
7.71957e+01 -1.07844e+00 1.09418e+00
7.78554e+01 -7.55320e-02 2.09598e+00
7.82802e+01 9.77732e-01 2.65521e+00
7.99929e+01 1.56097e+00 -7.47990e-01
8.17056e+01 -1.22055e+00 -2.50033e+00
8.33794e+01 -1.51915e+00 7.75190e-01
8.50533e+01 1.26044e+00 2.45888e+00
8.69595e+01 1.30974e+00 -9.16987e-01
8.73407e+01 9.03196e-01 -1.24600e+00
8.77220e+01 3.27143e-01 -1.82971e+00
8.81032e+01 -5.21267e-01 -2.59176e+00
8.94075e+01 -1.91356e+00 4.46854e-01
9.09081e+01 -5.73740e-01 1.56838e+00
9.13985e+01 4.27986e-01 2.53681e+00
9.25472e+01 1.98363e+00 -2.68325e-01
9.38401e+01 1.09342e+00 -1.08192e+00
9.45042e+01 9.51878e-02 -2.07566e+00
9.49263e+01 -9.45544e-01 -2.66443e+00
9.64937e+01 -1.67280e+00 6.74047e-01
9.80629e+01 4.30959e-01 2.53873e+00
9.92256e+01 1.97944e+00 -2.86036e-01
1.00000e+02 1.54798e+00 -7.56428e-01
