1.00000e-06 1.00000e+00 -1.00000e-06
6.00000e-06 1.00000e+00 -6.00000e-06
3.10000e-05 1.00000e+00 -3.10000e-05
1.56000e-04 1.00000e+00 -1.56000e-04
7.81000e-04 1.00000e+00 -7.81000e-04
3.90600e-03 9.99992e-01 -3.90599e-03
1.95310e-02 9.99809e-01 -1.95301e-02
9.76560e-02 9.95231e-01 -9.77051e-02
4.88281e-01 8.69743e-01 -6.14121e-01
7.56364e-01 5.60935e-01 -2.14940e+00
9.00326e-01 4.06550e-03 -6.67995e+00
9.75600e-01 -6.96375e-01 -1.19473e+01
1.10338e+00 -1.88975e+00 -3.27570e+00
1.29363e+00 -2.00692e+00 5.24414e-02
1.62453e+00 -1.98314e+00 7.49495e-02
2.23916e+00 -1.93614e+00 7.80490e-02
4.20262e+00 -1.77068e+00 9.16688e-02
7.67680e+00 -1.35799e+00 1.70549e-01
8.58775e+00 -1.16251e+00 2.85599e-01
9.01075e+00 -1.00650e+00 4.97198e-01
9.27290e+00 -8.25076e-01 9.98982e-01
9.47348e+00 -4.93082e-01 2.79946e+00
9.59172e+00 5.52664e-02 7.40557e+00
9.66511e+00 7.95109e-01 1.25279e+01
9.82358e+00 1.97954e+00 1.17497e+00
1.00067e+01 2.01201e+00 -6.49373e-02
1.03963e+01 1.98347e+00 -7.49317e-02
1.11392e+01 1.92643e+00 -7.87247e-02
1.32838e+01 1.74227e+00 -9.45605e-02
1.62440e+01 1.39236e+00 -1.58852e-01
1.71312e+01 1.22298e+00 -2.38132e-01
1.75785e+01 1.09401e+00 -3.59558e-01
1.78971e+01 9.44874e-01 -6.31408e-01
1.81289e+01 7.30888e-01 -1.39538e+00
1.83153e+01 2.55402e-01 -4.65415e+00
1.84302e+01 -6.59609e-01 -1.19634e+01
1.85490e+01 -1.85506e+00 -4.27226e+00
1.88072e+01 -2.01037e+00 6.90528e-02
1.91448e+01 -1.98553e+00 7.48016e-02
1.98476e+01 -1.93175e+00 7.83533e-02
2.19784e+01 -1.74995e+00 9.37593e-02
2.51220e+01 -1.37589e+00 1.64253e-01
2.60160e+01 -1.19609e+00 2.57512e-01
2.64574e+01 -1.05436e+00 4.15060e-01
2.67471e+01 -8.93369e-01 7.71258e-01
2.69620e+01 -6.38894e-01 1.87350e+00
2.71083e+01 -1.70434e-01 5.38737e+00
2.72115e+01 7.23541e-01 1.22598e+01
2.73421e+01 1.91511e+00 2.85991e+00
2.75252e+01 2.01402e+00 -5.21839e-02
2.78644e+01 1.98975e+00 -7.45366e-02
2.84875e+01 1.94236e+00 -7.76230e-02
3.05490e+01 1.76902e+00 -9.18324e-02
3.41230e+01 1.33743e+00 -1.78394e-01
3.50152e+01 1.13279e+00 -3.14651e-01
3.54105e+01 9.68254e-01 -5.76444e-01
3.56540e+01 7.66503e-01 -1.23422e+00
3.58637e+01 2.72366e-01 -4.51113e+00
3.59720e+01 -5.39741e-01 -1.12800e+01
3.60840e+01 -1.76667e+00 -6.11700e+00
3.62740e+01 -2.01516e+00 2.87091e-02
3.65563e+01 -1.99601e+00 7.41313e-02
3.70851e+01 -1.95614e+00 7.66974e-02
3.87198e+01 -1.82304e+00 8.68178e-02
4.26678e+01 -1.37695e+00 1.63895e-01
4.36654e+01 -1.17006e+00 2.78869e-01
4.41083e+01 -1.00986e+00 4.90843e-01
4.43732e+01 -8.29068e-01 9.84303e-01
4.45743e+01 -5.03004e-01 2.73053e+00
4.46938e+01 3.84177e-02 7.25438e+00
4.47681e+01 7.77983e-01 1.24702e+01
4.49193e+01 1.96806e+00 1.49126e+00
4.50995e+01 2.01274e+00 -6.18064e-02
4.54877e+01 1.98444e+00 -7.48704e-02
4.62104e+01 1.92904e+00 -7.85419e-02
4.83423e+01 1.74660e+00 -9.41064e-02
5.14042e+01 1.38340e+00 -1.61745e-01
5.22963e+01 1.20823e+00 -2.48447e-01
5.27416e+01 1.07207e+00 -3.88964e-01
5.30432e+01 9.17070e-01 -7.03610e-01
5.32653e+01 6.82620e-01 -1.63533e+00
5.34258e+01 2.25822e-01 -4.90643e+00
5.35309e+01 -6.16569e-01 -1.17362e+01
5.36512e+01 -1.84591e+00 -4.47576e+00
5.38565e+01 -2.01385e+00 5.38960e-02
5.41677e+01 -1.99161e+00 7.44189e-02
5.47617e+01 -1.94655e+00 7.73389e-02
5.66122e+01 -1.79305e+00 8.95242e-02
6.02789e+01 -1.36719e+00 1.67256e-01
6.12270e+01 -1.16741e+00 2.81202e-01
6.16595e+01 -1.01035e+00 4.89917e-01
6.19241e+01 -8.30382e-01 9.79506e-01
6.21253e+01 -5.06048e-01 2.70954e+00
6.22453e+01 3.33916e-02 7.20922e+00
6.23199e+01 7.72913e-01 1.24523e+01
6.24691e+01 1.96436e+00 1.59134e+00
6.26488e+01 2.01292e+00 -6.08533e-02
6.30411e+01 1.98435e+00 -7.48762e-02
6.37659e+01 1.92877e+00 -7.85604e-02
6.58989e+01 1.74619e+00 -9.41500e-02
6.89510e+01 1.38428e+00 -1.61457e-01
6.98427e+01 1.20966e+00 -2.47412e-01
7.02883e+01 1.07419e+00 -3.85988e-01
7.05915e+01 9.19841e-01 -6.96070e-01
7.08144e+01 6.87593e-01 -1.60948e+00
7.09769e+01 2.31155e-01 -4.86068e+00
7.10821e+01 -6.05052e-01 -1.16718e+01
7.12076e+01 -1.86382e+00 -4.07464e+00
7.14637e+01 -2.01037e+00 6.90525e-02
7.18063e+01 -1.98517e+00 7.48248e-02
7.25159e+01 -1.93082e+00 7.84175e-02
7.46456e+01 -1.74895e+00 9.38623e-02
7.77645e+01 -1.37820e+00 1.63472e-01
7.86580e+01 -1.19981e+00 2.54677e-01
7.91008e+01 -1.05974e+00 4.06898e-01
7.93941e+01 -9.00669e-01 7.49812e-01
7.96110e+01 -6.52659e-01 1.79644e+00
7.97614e+01 -1.88988e-01 5.22514e+00
7.98661e+01 6.99600e-01 1.21548e+01
7.99910e+01 1.89124e+00 3.43769e+00
8.01814e+01 2.01404e+00 -5.19882e-02
8.05070e+01 1.99079e+00 -7.44711e-02
8.11133e+01 1.94475e+00 -7.74609e-02
8.30392e+01 1.78417e+00 -9.03622e-02
8.68294e+01 1.32846e+00 -1.82040e-01
8.77328e+01 1.11296e+00 -3.36553e-01
8.81126e+01 9.40564e-01 -6.42107e-01
8.83446e+01 7.21095e-01 -1.44208e+00
8.85248e+01 2.51719e-01 -4.68536e+00
8.86434e+01 -7.14534e-01 -1.22212e+01
8.87716e+01 -1.90600e+00 -3.08301e+00
8.89569e+01 -2.01406e+00 5.16732e-02
8.92897e+01 -1.99030e+00 7.45021e-02
8.99038e+01 -1.94363e+00 7.75367e-02
9.18858e+01 -1.77777e+00 9.09765e-02
9.56115e+01 -1.32735e+00 1.82502e-01
9.64892e+01 -1.11949e+00 3.29104e-01
9.68710e+01 -9.51718e-01 6.14786e-01
9.71072e+01 -7.39889e-01 1.35337e+00
9.73042e+01 -2.36049e-01 4.81881e+00
9.74035e+01 5.26972e-01 1.11984e+01
9.75418e+01 1.88621e+00 3.55660e+00
9.77395e+01 2.01372e+00 -5.51767e-02
9.80664e+01 1.99025e+00 -7.45050e-02
9.86819e+01 1.94348e+00 -7.75472e-02
1.00000e+02 1.83619e+00 -8.56871e-02
