1.00000e-06 1.00000e+00 -1.00000e-06
6.00000e-06 1.00000e+00 -6.00000e-06
3.10000e-05 1.00000e+00 -3.10000e-05
1.56000e-04 1.00000e+00 -1.56000e-04
7.81000e-04 1.00000e+00 -7.81000e-04
3.90600e-03 9.99992e-01 -3.90599e-03
1.95310e-02 9.99809e-01 -1.95306e-02
9.76560e-02 9.95225e-01 -9.80242e-02
4.88281e-01 8.39191e-01 -1.02882e+00
6.25516e-01 5.36515e-01 -4.74302e+00
6.80486e-01 7.76542e-02 -1.41356e+01
7.12910e-01 -5.92769e-01 -2.79478e+01
7.55665e-01 -1.73890e+00 -1.55420e+01
8.28814e-01 -2.00395e+00 -1.09864e-01
9.31965e-01 -2.00297e+00 2.87962e-02
1.11811e+00 -1.99758e+00 2.90340e-02
1.62958e+00 -1.98263e+00 2.94011e-02
3.46618e+00 -1.92733e+00 3.08551e-02
8.93219e+00 -1.74321e+00 3.71415e-02
1.84734e+01 -1.23330e+00 9.97605e-02
1.92550e+01 -1.13959e+00 1.49335e-01
1.96537e+01 -1.06725e+00 2.27645e-01
1.99243e+01 -9.86821e-01 4.04231e-01
2.01055e+01 -8.80629e-01 8.85351e-01
2.02323e+01 -6.87756e-01 2.68138e+00
2.03017e+01 -3.63164e-01 8.05865e+00
2.03386e+01 9.11640e-02 1.81413e+01
2.03734e+01 9.86789e-01 3.13624e+01
2.04588e+01 2.00176e+00 4.28355e-01
2.05442e+01 2.00587e+00 -2.76341e-02
2.07072e+01 2.00117e+00 -2.89471e-02
2.10680e+01 1.99069e+00 -2.92020e-02
2.24740e+01 1.94889e+00 -3.02695e-02
2.63463e+01 1.82486e+00 -3.40287e-02
3.40159e+01 1.51306e+00 -5.08762e-02
3.61869e+01 1.38972e+00 -6.44497e-02
3.70288e+01 1.33170e+00 -7.40603e-02
3.92296e+01 1.09566e+00 -1.90493e-01
3.97222e+01 9.46883e-01 -5.46545e-01
3.98930e+01 7.93395e-01 -1.54780e+00
4.00080e+01 4.10936e-01 -7.12225e+00
4.00628e+01 -3.30765e-01 -2.33781e+01
4.00876e+01 -1.03563e+00 -3.13353e+01
4.01669e+01 -1.99942e+00 -5.99123e-01
4.02481e+01 -2.00610e+00 2.66269e-02
4.04092e+01 -2.00149e+00 2.89396e-02
4.07493e+01 -1.99160e+00 2.91795e-02
4.22179e+01 -1.94795e+00 3.02947e-02
4.62622e+01 -1.81792e+00 3.42704e-02
5.41424e+01 -1.49162e+00 5.27716e-02
5.63208e+01 -1.36169e+00 6.87350e-02
5.71802e+01 -1.29771e+00 8.12745e-02
5.86863e+01 -1.13869e+00 1.50023e-01
5.92017e+01 -1.03631e+00 2.81101e-01
5.94441e+01 -9.41777e-01 5.67910e-01
5.95975e+01 -8.05547e-01 1.44044e+00
5.97134e+01 -4.59388e-01 6.21594e+00
5.97617e+01 5.20153e-02 1.72458e+01
5.97894e+01 7.00891e-01 2.95217e+01
5.98408e+01 1.88484e+00 7.98276e+00
5.99110e+01 2.00655e+00 4.20539e-02
6.00311e+01 2.00411e+00 -2.88600e-02
6.02417e+01 1.99801e+00 -2.90234e-02
6.08969e+01 1.97884e+00 -2.94959e-02
6.33966e+01 1.90263e+00 -3.15585e-02
6.93620e+01 1.69387e+00 -3.93563e-02
7.48251e+01 1.43790e+00 -5.82895e-02
7.64289e+01 1.33357e+00 -7.37034e-02
7.70891e+01 1.28138e+00 -8.52938e-02
7.88708e+01 1.04807e+00 -2.58960e-01
7.92577e+01 8.67449e-01 -9.69346e-01
7.93874e+01 6.36434e-01 -3.35543e+00
7.94500e+01 2.70682e-01 -9.97386e+00
7.94843e+01 -2.42703e-01 -2.15217e+01
7.95131e+01 -1.04116e+00 -3.13251e+01
7.95930e+01 -1.99987e+00 -5.66818e-01
7.96737e+01 -2.00610e+00 2.66582e-02
7.98353e+01 -2.00146e+00 2.89401e-02
8.01769e+01 -1.99154e+00 2.91811e-02
8.16291e+01 -1.94837e+00 3.02833e-02
8.56280e+01 -1.81996e+00 3.41991e-02
9.34533e+01 -1.49763e+00 5.22246e-02
9.47626e+01 -1.42462e+00 5.98562e-02
9.78122e+01 -1.17932e+00 1.23747e-01
9.82498e+01 -1.11675e+00 1.68662e-01
9.85664e+01 -1.05243e+00 2.51346e-01
9.88098e+01 -9.71934e-01 4.52325e-01
9.89801e+01 -8.57757e-01 1.03474e+00
9.91007e+01 -6.34440e-01 3.38314e+00
9.91615e+01 -2.82697e-01 9.71832e+00
9.91955e+01 2.12660e-01 2.08669e+01
9.92246e+01 1.00406e+00 3.13655e+01
9.93072e+01 2.00068e+00 5.07688e-01
9.93897e+01 2.00601e+00 -2.71098e-02
9.95514e+01 2.00136e+00 -2.89426e-02
9.98996e+01 1.99124e+00 -2.91883e-02
1.00000e+02 1.98831e+00 -2.92604e-02
