1.00000e-06 1.00000e+00 -1.00000e-06
6.00000e-06 1.00000e+00 -6.00000e-06
3.10000e-05 1.00000e+00 -3.10000e-05
1.56000e-04 1.00000e+00 -1.56000e-04
7.81000e-04 1.00000e+00 -7.81000e-04
3.90600e-03 9.99992e-01 -3.90599e-03
1.95310e-02 9.99809e-01 -1.95307e-02
9.76560e-02 9.95223e-01 -9.81157e-02
4.88281e-01 8.26999e-01 -1.22667e+00
6.08069e-01 4.92691e-01 -6.32332e+00
6.64001e-01 -2.49487e-01 -2.51575e+01
6.83773e-01 -8.67090e-01 -3.60946e+01
7.45664e-01 -1.98470e+00 -1.67544e+00
8.12357e-01 -2.00409e+00 1.70096e-02
9.58779e-01 -2.00057e+00 2.46733e-02
1.24067e+00 -1.99360e+00 2.48175e-02
2.35246e+00 -1.96568e+00 2.54137e-02
5.66658e+00 -1.87813e+00 2.75123e-02
1.28622e+01 -1.65628e+00 3.51551e-02
1.86128e+01 -1.41571e+00 5.20047e-02
2.03060e+01 -1.31747e+00 6.57276e-02
2.10554e+01 -1.26432e+00 7.70400e-02
2.25980e+01 -1.10292e+00 1.60947e-01
2.30571e+01 -9.98540e-01 3.50639e-01
2.32519e+01 -8.97171e-01 8.12253e-01
2.33732e+01 -7.28640e-01 2.44537e+00
2.34406e+01 -4.36097e-01 7.64992e+00
2.34747e+01 -3.19521e-02 1.78247e+01
2.34996e+01 5.92558e-01 3.28074e+01
2.35369e+01 1.75418e+00 1.74170e+01
2.35977e+01 2.00455e+00 1.47239e-01
2.36853e+01 2.00450e+00 -2.44584e-02
2.38411e+01 2.00066e+00 -2.46716e-02
2.42579e+01 1.99033e+00 -2.48856e-02
2.58523e+01 1.94997e+00 -2.57637e-02
3.20891e+01 1.77579e+00 -3.05245e-02
4.28794e+01 1.33746e+00 -6.23237e-02
4.53982e+01 1.11616e+00 -1.48456e-01
4.59731e+01 9.87469e-01 -3.84751e-01
4.61696e+01 8.68272e-01 -1.01266e+00
4.62813e+01 6.65044e-01 -3.34362e+00
4.63370e+01 3.44158e-01 -9.75689e+00
4.63672e+01 -9.87737e-02 -2.13451e+01
4.63943e+01 -9.00718e-01 -3.64170e+01
4.64590e+01 -1.99176e+00 -1.22919e+00
4.65311e+01 -2.00544e+00 2.10562e-02
4.66649e+01 -2.00219e+00 2.46401e-02
4.69381e+01 -1.99544e+00 2.47793e-02
4.79906e+01 -1.96907e+00 2.53397e-02
5.11514e+01 -1.88599e+00 2.73081e-02
5.81302e+01 -1.67379e+00 3.43795e-02
6.40344e+01 -1.43358e+00 5.01440e-02
6.57904e+01 -1.33588e+00 6.25830e-02
6.66291e+01 -1.27921e+00 7.34758e-02
6.84507e+01 -1.08931e+00 1.75700e-01
6.89048e+01 -9.68372e-01 4.52093e-01
6.90762e+01 -8.45434e-01 1.19435e+00
6.91822e+01 -6.07843e-01 4.27169e+00
6.92311e+01 -2.54457e-01 1.19627e+01
6.92590e+01 2.37811e-01 2.49857e+01
6.92847e+01 1.07037e+00 3.65329e+01
6.93509e+01 1.99768e+00 7.41034e-01
6.94204e+01 2.00536e+00 -2.19136e-02
6.95559e+01 2.00206e+00 -2.46428e-02
6.98386e+01 1.99507e+00 -2.47868e-02
7.09778e+01 1.96649e+00 -2.53959e-02
7.43690e+01 1.87689e+00 -2.75449e-02
8.16802e+01 1.65062e+00 -3.54144e-02
8.40567e+01 1.56119e+00 -4.01655e-02
8.90554e+01 1.31138e+00 -6.68434e-02
9.05345e+01 1.19258e+00 -1.00777e-01
9.10921e+01 1.12733e+00 -1.39151e-01
9.14229e+01 1.07330e+00 -1.95946e-01
9.17444e+01 9.87584e-01 -3.84377e-01
9.19200e+01 8.88158e-01 -8.71259e-01
9.20378e+01 7.10290e-01 -2.68950e+00
9.21011e+01 4.11204e-01 -8.20272e+00
9.21339e+01 -1.71239e-03 -1.87333e+01
9.21389e+01 -1.02003e-01 -2.14314e+01
9.21639e+01 -8.30564e-01 -3.59446e+01
9.22190e+01 -1.96827e+00 -3.10428e+00
9.22782e+01 -2.00576e+00 -1.42029e-03
9.23958e+01 -2.00319e+00 2.46179e-02
9.26075e+01 -1.99797e+00 2.47269e-02
9.32844e+01 -1.98111e+00 2.50802e-02
9.56066e+01 -1.92135e+00 2.64297e-02
1.00000e+02 -1.79831e+00 2.97995e-02
