1.00000e-06 1.00000e+00 -1.00000e-06
6.00000e-06 1.00000e+00 -6.00000e-06
3.10000e-05 1.00000e+00 -3.10000e-05
1.56000e-04 1.00000e+00 -1.56000e-04
7.81000e-04 1.00000e+00 -7.81000e-04
3.90600e-03 9.99992e-01 -3.90599e-03
1.95310e-02 9.99809e-01 -1.95305e-02
9.76560e-02 9.95226e-01 -9.79785e-02
4.88281e-01 8.44576e-01 -9.47287e-01
6.35899e-01 5.52690e-01 -4.14994e+00
6.97232e-01 1.04625e-01 -1.24082e+01
7.35999e-01 -6.25086e-01 -2.60061e+01
7.83988e-01 -1.77304e+00 -1.27456e+01
8.64037e-01 -2.00467e+00 -7.67564e-02
9.81950e-01 -2.00265e+00 3.16015e-02
1.19342e+00 -1.99593e+00 3.18405e-02
1.82728e+00 -1.97558e+00 3.23925e-02
4.09895e+00 -1.89951e+00 3.46606e-02
1.02580e+01 -1.65857e+00 4.50385e-02
1.25179e+01 -1.54899e+00 5.25648e-02
1.69637e+01 -1.23681e+00 1.07563e-01
1.80194e+01 -1.08298e+00 2.19432e-01
1.84230e+01 -9.50904e-01 5.34998e-01
1.85955e+01 -8.05738e-01 1.37989e+00
1.87176e+01 -4.66131e-01 5.64138e+00
1.87699e+01 3.08833e-02 1.53830e+01
1.88013e+01 6.95855e-01 2.69786e+01
1.88565e+01 1.87679e+00 7.78535e+00
1.89352e+01 2.00729e+00 3.01585e-02
1.90665e+01 2.00411e+00 -3.16100e-02
1.92992e+01 1.99673e+00 -3.18194e-02
2.00192e+01 1.97359e+00 -3.24475e-02
2.26340e+01 1.88541e+00 -3.51211e-02
2.88285e+01 1.63850e+00 -4.62335e-02
3.10778e+01 1.52601e+00 -5.45169e-02
3.54632e+01 1.19395e+00 -1.26357e-01
3.63936e+01 1.01787e+00 -3.33923e-01
3.66760e+01 8.63710e-01 -9.69050e-01
3.68064e+01 6.41193e-01 -3.07781e+00
3.68742e+01 2.81608e-01 -8.97359e+00
3.69120e+01 -2.29119e-01 -1.94606e+01
3.69435e+01 -1.02019e+00 -2.87058e+01
3.70330e+01 -2.00143e+00 -4.67030e-01
3.71225e+01 -2.00644e+00 2.98757e-02
3.73006e+01 -2.00084e+00 3.17107e-02
3.76845e+01 -1.98860e+00 3.20369e-02
3.91421e+01 -1.94094e+00 3.33828e-02
4.29992e+01 -1.80376e+00 3.80826e-02
5.06108e+01 -1.44406e+00 6.30223e-02
5.26797e+01 -1.29047e+00 9.06475e-02
5.34414e+01 -1.21252e+00 1.17494e-01
5.38202e+01 -1.16349e+00 1.43997e-01
5.41063e+01 -1.11760e+00 1.80501e-01
5.43657e+01 -1.06321e+00 2.47646e-01
5.46244e+01 -9.79839e-01 4.35701e-01
5.48059e+01 -8.64482e-01 9.64254e-01
5.49350e+01 -6.47715e-01 2.99635e+00
5.50034e+01 -2.94828e-01 8.71859e+00
5.50415e+01 2.06060e-01 1.89995e+01
5.50730e+01 9.86461e-01 2.87118e+01
5.51656e+01 2.00226e+00 4.11116e-01
5.52581e+01 2.00630e+00 -3.03344e-02
5.54370e+01 2.00065e+00 -3.17155e-02
5.58320e+01 1.98806e+00 -3.20515e-02
5.73011e+01 1.94000e+00 -3.34107e-02
6.11840e+01 1.80170e+00 -3.81647e-02
6.88265e+01 1.43867e+00 -6.36855e-02
7.09056e+01 1.28173e+00 -9.30231e-02
7.16597e+01 1.20202e+00 -1.22359e-01
7.20352e+01 1.15099e+00 -1.52581e-01
7.23196e+01 1.10205e+00 -1.96529e-01
7.25857e+01 1.03938e+00 -2.88826e-01
7.28136e+01 9.51696e-01 -5.32007e-01
7.29779e+01 8.18747e-01 -1.27898e+00
7.31023e+01 5.05921e-01 -4.99964e+00
7.31566e+01 4.77200e-02 -1.37333e+01
7.31926e+01 -6.75896e-01 -2.67572e+01
7.32445e+01 -1.84133e+00 -9.62180e+00
7.33515e+01 -2.00728e+00 1.83198e-02
7.34881e+01 -2.00318e+00 3.16469e-02
7.37559e+01 -1.99467e+00 3.18741e-02
7.46029e+01 -1.96736e+00 3.26215e-02
7.72471e+01 -1.87762e+00 3.53814e-02
8.34827e+01 -1.62628e+00 4.69966e-02
8.56465e+01 -1.51631e+00 5.53908e-02
8.99048e+01 -1.18762e+00 1.29681e-01
9.08040e+01 -1.01164e+00 3.48567e-01
9.10746e+01 -8.57345e-01 1.00927e+00
9.12027e+01 -6.28120e-01 3.24439e+00
9.12684e+01 -2.62985e-01 9.33621e+00
9.13056e+01 2.57725e-01 2.00253e+01
9.13379e+01 1.08559e+00 2.85538e+01
9.14234e+01 2.00056e+00 5.25420e-01
9.15142e+01 2.00646e+00 -2.98306e-02
9.16912e+01 2.00088e+00 -3.17094e-02
9.20721e+01 1.98874e+00 -3.20331e-02
9.35286e+01 1.94113e+00 -3.33772e-02
9.73832e+01 1.80407e+00 -3.80703e-02
1.00000e+02 1.69860e+00 -4.28489e-02
