1.00000e-06 1.00000e+00 -1.00000e-06
6.00000e-06 1.00000e+00 -6.00000e-06
3.10000e-05 1.00000e+00 -3.10000e-05
1.56000e-04 1.00000e+00 -1.56000e-04
7.81000e-04 1.00000e+00 -7.81000e-04
3.90600e-03 9.99992e-01 -3.90599e-03
1.95310e-02 9.99809e-01 -1.95308e-02
9.76560e-02 9.95222e-01 -9.81844e-02
4.88281e-01 8.16348e-01 -1.41445e+00
5.97146e-01 4.47839e-01 -8.00207e+00
6.31088e-01 6.61820e-03 -2.03494e+01
6.59799e-01 -8.74497e-01 -4.00841e+01
7.16615e-01 -1.98627e+00 -1.66745e+00
7.78476e-01 -2.00371e+00 1.57528e-02
9.01172e-01 -2.00106e+00 2.21980e-02
1.14027e+00 -1.99574e+00 2.22968e-02
2.02682e+00 -1.97581e+00 2.26756e-02
4.84336e+00 -1.91009e+00 2.40338e-02
1.14771e+01 -1.73666e+00 2.86993e-02
2.28128e+01 -1.29304e+00 6.35306e-02
2.52425e+01 -1.05063e+00 2.16461e-01
2.57285e+01 -7.76462e-01 1.99340e+00
2.57481e+01 -7.32041e-01 2.58248e+00
2.57677e+01 -6.73266e-01 3.48845e+00
2.57873e+01 -5.91720e-01 4.96724e+00
2.58068e+01 -4.71573e-01 7.55903e+00
2.58264e+01 -2.80850e-01 1.24611e+01
2.58460e+01 4.71920e-02 2.20824e+01
2.58656e+01 6.23203e-01 3.69372e+01
2.59023e+01 1.82113e+00 1.48495e+01
2.59589e+01 2.00456e+00 9.09825e-02
2.60435e+01 2.00393e+00 -2.20920e-02
2.61927e+01 2.00062e+00 -2.22061e-02
2.66544e+01 1.99033e+00 -2.23982e-02
2.86199e+01 1.94546e+00 -2.32809e-02
3.38886e+01 1.81524e+00 -2.63536e-02
4.39347e+01 1.49664e+00 -4.01587e-02
4.67344e+01 1.37009e+00 -5.18261e-02
4.77193e+01 1.31551e+00 -5.95740e-02
5.00065e+01 1.13153e+00 -1.24021e-01
5.06040e+01 1.02950e+00 -2.57914e-01
5.08410e+01 9.41461e-01 -5.67221e-01
5.09767e+01 8.17699e-01 -1.52356e+00
5.10722e+01 5.17404e-01 -6.51730e+00
5.11105e+01 9.78833e-02 -1.77403e+01
5.11350e+01 -5.36464e-01 -3.52130e+01
5.11666e+01 -1.67526e+00 -2.38689e+01
5.12307e+01 -2.00456e+00 -9.07358e-02
5.13062e+01 -2.00413e+00 2.20203e-02
5.14484e+01 -2.00098e+00 2.21995e-02
5.18348e+01 -1.99238e+00 2.23597e-02
5.33755e+01 -1.95741e+00 2.30382e-02
5.82672e+01 -1.83851e+00 2.57390e-02
6.79223e+01 -1.54611e+00 3.70135e-02
7.09015e+01 -1.42395e+00 4.60477e-02
7.38056e+01 -1.26317e+00 6.97927e-02
7.47980e+01 -1.18329e+00 9.51321e-02
7.53030e+01 -1.12844e+00 1.26255e-01
7.56204e+01 -1.08233e+00 1.70207e-01
7.58825e+01 -1.02778e+00 2.61718e-01
7.60852e+01 -9.56117e-01 4.97144e-01
7.62276e+01 -8.46411e-01 1.24120e+00
7.63307e+01 -5.92751e-01 4.94705e+00
7.63743e+01 -2.26006e-01 1.40014e+01
7.63989e+01 2.80254e-01 2.88537e+01
7.64225e+01 1.14918e+00 3.99490e+01
7.64794e+01 1.99619e+00 8.90391e-01
7.65490e+01 2.00476e+00 -2.04409e-02
7.66704e+01 2.00209e+00 -2.21790e-02
7.69328e+01 1.99626e+00 -2.22871e-02
7.80173e+01 1.97184e+00 -2.27528e-02
8.13902e+01 1.89237e+00 -2.44319e-02
8.89219e+01 1.68857e+00 -3.03833e-02
9.84783e+01 1.30245e+00 -6.18118e-02
1.00000e+02 1.18983e+00 -9.23787e-02
