1.00000e-06 1.00000e+00 -1.00000e-06
6.00000e-06 1.00000e+00 -6.00000e-06
3.10000e-05 1.00000e+00 -3.10000e-05
1.56000e-04 1.00000e+00 -1.56000e-04
7.81000e-04 1.00000e+00 -7.81000e-04
3.90600e-03 9.99992e-01 -3.90599e-03
1.95310e-02 9.99809e-01 -1.95300e-02
9.76560e-02 9.95232e-01 -9.76824e-02
4.88281e-01 8.71416e-01 -5.94777e-01
7.78285e-01 5.47760e-01 -2.07308e+00
9.36007e-01 -3.85050e-02 -6.37357e+00
1.01824e+00 -7.54757e-01 -1.09272e+01
1.18147e+00 -1.94879e+00 -1.64354e+00
1.38553e+00 -2.00490e+00 6.99396e-02
1.90669e+00 -1.96153e+00 8.58274e-02
2.87950e+00 -1.87479e+00 9.27831e-02
5.33803e+00 -1.61409e+00 1.24091e-01
6.26439e+00 -1.48858e+00 1.49291e-01
7.91780e+00 -1.14736e+00 3.25451e-01
8.42281e+00 -9.09779e-01 7.33860e-01
8.65975e+00 -6.45937e-01 1.74403e+00
8.82390e+00 -1.56571e-01 5.02343e+00
8.92901e+00 6.55631e-01 1.07385e+01
9.06337e+00 1.86282e+00 3.72816e+00
9.32353e+00 2.01181e+00 -7.47124e-02
9.69486e+00 1.98118e+00 -8.44067e-02
1.04382e+01 1.91668e+00 -8.92741e-02
1.27517e+01 1.68582e+00 -1.13359e-01
1.46155e+01 1.43683e+00 -1.63122e-01
1.53083e+01 1.30922e+00 -2.11305e-01
1.57420e+01 1.20549e+00 -2.74685e-01
1.60934e+01 1.09186e+00 -3.88142e-01
1.64094e+01 9.32664e-01 -6.76219e-01
1.66484e+01 6.95231e-01 -1.50667e+00
1.68293e+01 2.21712e-01 -4.51853e+00
1.69523e+01 -7.01450e-01 -1.09334e+01
1.70939e+01 -1.90090e+00 -2.93229e+00
1.73057e+01 -2.01439e+00 6.34148e-02
1.76775e+01 -1.98425e+00 8.41882e-02
1.83712e+01 -1.92434e+00 8.86638e-02
2.06884e+01 -1.69510e+00 1.12115e-01
2.25908e+01 -1.44392e+00 1.61072e-01
2.32911e+01 -1.31682e+00 2.07689e-01
2.40513e+01 -1.11475e+00 3.60380e-01
2.44158e+01 -9.41129e-01 6.56034e-01
2.46586e+01 -7.08441e-01 1.44677e+00
2.48463e+01 -2.30954e-01 4.44791e+00
2.49726e+01 7.14926e-01 1.09862e+01
2.51176e+01 1.91374e+00 2.65249e+00
2.53252e+01 2.01437e+00 -6.35896e-02
2.57056e+01 1.98350e+00 -8.42420e-02
2.64102e+01 1.92257e+00 -8.88041e-02
2.89926e+01 1.66251e+00 -1.16620e-01
3.00936e+01 1.52173e+00 -1.41636e-01
3.14445e+01 1.28801e+00 -2.22035e-01
3.20168e+01 1.13349e+00 -3.39680e-01
3.23820e+01 9.73817e-01 -5.83663e-01
3.26368e+01 7.62603e-01 -1.21793e+00
3.28678e+01 2.20255e-01 -4.52969e+00
3.29756e+01 -5.43936e-01 -1.01737e+01
3.31002e+01 -1.76943e+00 -5.48290e+00
3.33150e+01 -2.01598e+00 4.39335e-02
3.36344e+01 -1.99107e+00 8.36960e-02
3.42369e+01 -1.93953e+00 8.74806e-02
3.60673e+01 -1.76606e+00 1.03502e-01
3.94753e+01 -1.28539e+00 2.23427e-01
4.02539e+01 -1.04884e+00 4.48527e-01
4.05749e+01 -8.47882e-01 9.13072e-01
4.07917e+01 -5.33009e-01 2.36551e+00
4.09291e+01 6.34948e-03 6.31881e+00
4.10149e+01 7.59500e-01 1.11460e+01
4.11775e+01 1.95922e+00 1.60976e+00
4.13795e+01 2.01329e+00 -6.97052e-02
4.18547e+01 1.97412e+00 -8.49120e-02
4.27265e+01 1.89760e+00 -9.08357e-02
4.50587e+01 1.65925e+00 -1.17093e-01
4.68882e+01 1.40382e+00 -1.73390e-01
4.75763e+01 1.26668e+00 -2.33863e-01
4.80434e+01 1.13738e+00 -3.35594e-01
4.84142e+01 9.77288e-01 -5.76484e-01
4.86706e+01 7.67940e-01 -1.19685e+00
4.88969e+01 2.60204e-01 -4.22639e+00
4.90164e+01 -5.71240e-01 -1.03227e+01
4.91425e+01 -1.79107e+00 -5.10014e+00
4.93569e+01 -2.01580e+00 4.73345e-02
4.96832e+01 -1.99019e+00 8.37613e-02
5.02965e+01 -1.93766e+00 8.76244e-02
5.21503e+01 -1.76141e+00 1.04023e-01
5.54409e+01 -1.30130e+00 2.15199e-01
5.62274e+01 -1.07653e+00 4.08374e-01
5.65670e+01 -8.87106e-01 7.95494e-01
5.67930e+01 -6.11719e-01 1.92125e+00
5.69466e+01 -1.14344e-01 5.35610e+00
5.70451e+01 6.72375e-01 1.08124e+01
5.71813e+01 1.87505e+00 3.47790e+00
5.74103e+01 2.01379e+00 -6.72129e-02
5.77743e+01 1.98414e+00 -8.41963e-02
5.84707e+01 1.92398e+00 -8.86922e-02
6.08202e+01 1.69102e+00 -1.12658e-01
6.27264e+01 1.43742e+00 -1.62949e-01
6.34271e+01 1.30832e+00 -2.11745e-01
6.38603e+01 1.20445e+00 -2.75479e-01
6.42119e+01 1.09031e+00 -3.90126e-01
6.45268e+01 9.30748e-01 -6.80873e-01
6.47652e+01 6.91890e-01 -1.52207e+00
6.49446e+01 2.18421e-01 -4.54375e+00
6.50669e+01 -7.01992e-01 -1.09355e+01
6.52086e+01 -1.90142e+00 -2.92116e+00
6.54202e+01 -2.01439e+00 6.34027e-02
6.57923e+01 -1.98423e+00 8.41897e-02
6.64863e+01 -1.92429e+00 8.86677e-02
6.88079e+01 -1.69454e+00 1.12188e-01
7.09339e+01 -1.40582e+00 1.72729e-01
7.16705e+01 -1.25795e+00 2.39029e-01
7.21216e+01 -1.13029e+00 3.43095e-01
7.24813e+01 -9.71541e-01 5.88422e-01
7.27351e+01 -7.59139e-01 1.23175e+00
7.29657e+01 -2.09017e-01 4.61598e+00
7.30713e+01 5.46390e-01 1.01874e+01
7.31956e+01 1.76933e+00 5.48463e+00
7.34106e+01 2.01597e+00 -4.40751e-02
7.37301e+01 1.99106e+00 -8.36972e-02
7.43328e+01 1.93949e+00 -8.74833e-02
7.61634e+01 1.76599e+00 -1.03511e-01
7.95698e+01 1.28561e+00 -2.23310e-01
8.03485e+01 1.04924e+00 -4.47920e-01
8.06697e+01 8.48457e-01 -9.11248e-01
8.08867e+01 5.34245e-01 -2.35816e+00
8.10242e+01 -4.36628e-03 -6.30295e+00
8.11101e+01 -7.57629e-01 -1.11398e+01
8.12720e+01 -1.95771e+00 -1.64592e+00
8.14739e+01 -2.01336e+00 6.93962e-02
8.19656e+01 -1.97280e+00 8.50064e-02
8.28692e+01 -1.89330e+00 9.11961e-02
8.52379e+01 -1.64937e+00 1.18549e-01
8.69872e+01 -1.40319e+00 1.73597e-01
8.76649e+01 -1.26827e+00 2.32940e-01
8.81419e+01 -1.13638e+00 3.36637e-01
8.85103e+01 -9.76917e-01 5.77246e-01
8.87664e+01 -7.67445e-01 1.19880e+00
8.89934e+01 -2.55402e-01 4.26254e+00
8.91110e+01 5.62003e-01 1.02731e+01
8.92350e+01 1.77560e+00 5.37517e+00
8.94501e+01 2.01591e+00 -4.53143e-02
8.97717e+01 1.99077e+00 -8.37187e-02
9.03779e+01 1.93888e+00 -8.75304e-02
9.22152e+01 1.76458e+00 -1.03667e-01
9.55876e+01 1.29014e+00 -2.20914e-01
9.63684e+01 1.05729e+00 -4.35762e-01
9.66949e+01 8.60062e-01 -8.75056e-01
9.69142e+01 5.58431e-01 -2.21666e+00
9.70562e+01 3.38783e-02 -5.99700e+00
9.71452e+01 -7.23442e-01 -1.10186e+01
9.72947e+01 -1.92685e+00 -2.36066e+00
9.74991e+01 -2.01423e+00 6.45407e-02
9.78929e+01 -1.98219e+00 8.43349e-02
9.86173e+01 -1.91943e+00 8.90538e-02
1.00000e+02 -1.78856e+00 1.01065e-01
