1.00000e-06 1.00000e+00 -1.00000e-06
6.00000e-06 1.00000e+00 -6.00000e-06
3.10000e-05 1.00000e+00 -3.10000e-05
1.56000e-04 1.00000e+00 -1.56000e-04
7.81000e-04 1.00000e+00 -7.81000e-04
3.90600e-03 9.99992e-01 -3.90599e-03
1.95310e-02 9.99809e-01 -1.95323e-02
9.76560e-02 9.95204e-01 -9.91310e-02
1.75781e-01 9.83970e-01 -1.93007e-01
2.53906e-01 9.63638e-01 -3.43751e-01
3.32031e-01 9.24968e-01 -7.14684e-01
4.10156e-01 8.20453e-01 -2.54586e+00
4.47920e-01 6.47410e-01 -8.21164e+00
4.65958e-01 4.14577e-01 -2.00170e+01
4.76927e-01 9.76037e-02 -4.08607e+01
4.85272e-01 -3.65791e-01 -7.25805e+01
4.92601e-01 -9.99931e-01 -9.50961e+01
5.17146e-01 -1.98885e+00 -2.74395e+00
5.51042e-01 -2.00153e+00 7.36064e-03
6.01089e-01 -2.00107e+00 9.38090e-03
7.08180e-01 -2.00007e+00 9.38880e-03
1.12254e+00 -1.99617e+00 9.41939e-03
2.96471e+00 -1.97869e+00 9.55942e-03
9.62631e+00 -1.91317e+00 1.01287e-02
2.59699e+01 -1.73247e+00 1.21904e-02
5.51815e+01 -1.20648e+00 3.68122e-02
5.63499e+01 -1.15790e+00 4.73324e-02
5.72463e+01 -1.10845e+00 6.61213e-02
5.76391e+01 -1.07905e+00 8.60908e-02
5.78863e+01 -1.05489e+00 1.12513e-01
5.80877e+01 -1.02808e+00 1.61033e-01
5.82678e+01 -9.89689e-01 2.94157e-01
5.83903e+01 -9.35613e-01 6.93073e-01
5.84708e+01 -8.35908e-01 2.28432e+00
5.85124e+01 -6.60888e-01 7.75087e+00
5.85314e+01 -4.26193e-01 1.94255e+01
5.85426e+01 -1.10600e-01 4.00356e+01
5.85510e+01 3.46645e-01 7.14814e+01
5.85585e+01 9.94415e-01 9.51816e+01
5.85833e+01 1.98962e+00 2.67047e+00
5.86167e+01 2.00195e+00 -7.20592e-03
5.86664e+01 2.00149e+00 -9.37764e-03
5.87725e+01 2.00049e+00 -9.38546e-03
5.91794e+01 1.99667e+00 -9.41547e-03
6.09931e+01 1.97947e+00 -9.55309e-03
6.75361e+01 1.91520e+00 -1.01100e-02
8.36783e+01 1.73735e+00 -1.21222e-02
1.00000e+02 1.50887e+00 -1.66411e-02
