1.00000e-06 1.00000e+00 -1.00000e-06
6.00000e-06 1.00000e+00 -6.00000e-06
3.10000e-05 1.00000e+00 -3.10000e-05
1.56000e-04 1.00000e+00 -1.56000e-04
7.81000e-04 1.00000e+00 -7.81000e-04
3.90600e-03 9.99992e-01 -3.90599e-03
1.95310e-02 9.99809e-01 -1.95301e-02
9.76560e-02 9.95231e-01 -9.77279e-02
4.88281e-01 8.68016e-01 -6.34454e-01
7.38235e-01 5.69740e-01 -2.24107e+00
8.70209e-01 3.67271e-02 -7.00155e+00
9.39854e-01 -6.53330e-01 -1.29534e+01
1.04681e+00 -1.83814e+00 -4.88665e+00
1.23951e+00 -2.00689e+00 4.87239e-02
1.52322e+00 -1.98856e+00 6.71778e-02
2.06845e+00 -1.95135e+00 6.93494e-02
3.77444e+00 -1.82616e+00 7.79515e-02
7.84806e+00 -1.42543e+00 1.34798e-01
8.99632e+00 -1.23683e+00 2.09683e-01
9.49734e+00 -1.10940e+00 3.18563e-01
9.83202e+00 -9.71530e-01 5.52871e-01
1.00657e+01 -7.86321e-01 1.17702e+00
1.02543e+01 -3.86088e-01 3.86860e+00
1.03535e+01 2.47918e-01 9.97784e+00
1.04145e+01 1.01441e+00 1.41769e+01
1.06099e+01 2.01273e+00 1.13456e-01
1.08053e+01 2.00569e+00 -6.57701e-02
1.12006e+01 1.97924e+00 -6.77102e-02
1.21405e+01 1.91378e+00 -7.17027e-02
1.45859e+01 1.72143e+00 -8.72332e-02
1.78432e+01 1.35988e+00 -1.54033e-01
1.87593e+01 1.18627e+00 -2.44401e-01
1.91979e+01 1.05223e+00 -3.96820e-01
1.94804e+01 9.01898e-01 -7.40413e-01
1.96870e+01 6.67137e-01 -1.79802e+00
1.98292e+01 2.23444e-01 -5.35142e+00
1.99183e+01 -5.35204e-01 -1.23806e+01
2.00202e+01 -1.76528e+00 -6.73303e+00
2.01903e+01 -2.01422e+00 1.49567e-02
2.04429e+01 -1.99917e+00 6.65666e-02
2.09134e+01 -1.96742e+00 6.83941e-02
2.23958e+01 -1.86117e+00 7.53141e-02
2.65666e+01 -1.47190e+00 1.23903e-01
2.78633e+01 -1.27862e+00 1.87014e-01
2.84262e+01 -1.15335e+00 2.72501e-01
2.88395e+01 -1.00780e+00 4.75319e-01
2.90943e+01 -8.39116e-01 9.57410e-01
2.92852e+01 -5.38418e-01 2.65155e+00
2.93986e+01 -3.53198e-02 7.19968e+00
2.94706e+01 7.04423e-01 1.34105e+01
2.95853e+01 1.89634e+00 3.60121e+00
2.97535e+01 2.01350e+00 -4.14943e-02
3.00476e+01 1.99480e+00 -6.68289e-02
3.05893e+01 1.95803e+00 -6.89483e-02
3.22905e+01 1.83404e+00 -7.73403e-02
3.63337e+01 1.44292e+00 -1.30470e-01
3.75197e+01 1.25605e+00 -1.98671e-01
3.80352e+01 1.13368e+00 -2.91788e-01
3.84061e+01 9.94416e-01 -5.02444e-01
3.86519e+01 8.20832e-01 -1.02958e+00
3.88402e+01 4.93862e-01 -2.98651e+00
3.89476e+01 -3.84786e-02 -7.93731e+00
3.90145e+01 -7.68087e-01 -1.36984e+01
3.91469e+01 -1.95656e+00 -1.92523e+00
3.93078e+01 -2.01280e+00 5.05095e-02
3.96709e+01 -1.98916e+00 6.71469e-02
4.03295e+01 -1.94409e+00 6.97906e-02
4.23483e+01 -1.79309e+00 8.06383e-02
4.66027e+01 -1.33747e+00 1.61940e-01
4.76044e+01 -1.12478e+00 3.01210e-01
4.80118e+01 -9.58449e-01 5.84086e-01
4.82427e+01 -7.61288e-01 1.29316e+00
4.84393e+01 -2.62136e-01 4.98554e+00
4.85310e+01 4.76014e-01 1.19426e+01
4.85853e+01 1.21177e+00 1.36832e+01
4.87567e+01 2.01130e+00 1.77083e-01
4.89702e+01 2.00515e+00 -6.59012e-02
4.93659e+01 1.97865e+00 -6.77435e-02
5.03251e+01 1.91178e+00 -7.18328e-02
5.28074e+01 1.71577e+00 -8.78059e-02
5.59104e+01 1.37347e+00 -1.49600e-01
5.68240e+01 1.20801e+00 -2.28350e-01
5.72682e+01 1.08438e+00 -3.49978e-01
5.75751e+01 9.43917e-01 -6.20885e-01
5.77966e+01 7.41547e-01 -1.39016e+00
5.79776e+01 2.66363e-01 -4.94600e+00
5.80763e+01 -5.50363e-01 -1.24868e+01
5.81776e+01 -1.76942e+00 -6.64413e+00
5.83479e+01 -2.01421e+00 1.63445e-02
5.86018e+01 -1.99903e+00 6.65759e-02
5.90744e+01 -1.96713e+00 6.84110e-02
6.05540e+01 -1.86106e+00 7.53220e-02
6.46828e+01 -1.47689e+00 1.22841e-01
6.59966e+01 -1.28298e+00 1.84908e-01
6.65694e+01 -1.15703e+00 2.69116e-01
6.69908e+01 -1.01040e+00 4.70253e-01
6.72474e+01 -8.42591e-01 9.44157e-01
6.74389e+01 -5.46379e-01 2.59371e+00
6.75536e+01 -4.80474e-02 7.07255e+00
6.76267e+01 6.95991e-01 1.33680e+01
6.77395e+01 1.88677e+00 3.85285e+00
6.79111e+01 2.01347e+00 -4.21325e-02
6.82018e+01 1.99497e+00 -6.68192e-02
6.87406e+01 1.95841e+00 -6.89261e-02
7.04264e+01 1.83565e+00 -7.72166e-02
7.44707e+01 1.44550e+00 -1.29856e-01
7.56635e+01 1.25860e+00 -1.97287e-01
7.61817e+01 1.13664e+00 -2.88759e-01
7.65591e+01 9.96318e-01 -4.98485e-01
7.68061e+01 8.23457e-01 -1.01897e+00
7.69947e+01 5.00545e-01 -2.93508e+00
7.71029e+01 -2.71236e-02 -7.82393e+00
7.71704e+01 -7.57106e-01 -1.36530e+01
7.72993e+01 -1.94780e+00 -2.17972e+00
7.74600e+01 -2.01302e+00 4.82384e-02
7.78451e+01 -1.98799e+00 6.72131e-02
7.85363e+01 -1.94059e+00 7.00053e-02
8.05794e+01 -1.78708e+00 8.11494e-02
8.48592e+01 -1.32100e+00 1.68279e-01
8.58356e+01 -1.10139e+00 3.28176e-01
8.62167e+01 -9.28519e-01 6.62382e-01
8.64346e+01 -7.11601e-01 1.54636e+00
8.65955e+01 -2.64587e-01 4.96260e+00
8.66904e+01 5.08280e-01 1.21858e+01
8.67432e+01 1.22675e+00 1.36090e+01
8.69130e+01 2.01123e+00 1.80005e-01
8.71243e+01 2.00533e+00 -6.58618e-02
8.75186e+01 1.97893e+00 -6.77278e-02
8.84680e+01 1.91277e+00 -7.17681e-02
9.09315e+01 1.71863e+00 -8.75154e-02
9.41128e+01 1.36659e+00 -1.51812e-01
9.50282e+01 1.19698e+00 -2.36266e-01
9.54704e+01 1.06797e+00 -3.72917e-01
9.57642e+01 9.22938e-01 -6.78073e-01
9.59778e+01 7.05335e-01 -1.58041e+00
9.61346e+01 2.64873e-01 -4.95992e+00
9.62267e+01 -4.73580e-01 -1.19238e+01
9.62812e+01 -1.21107e+00 -1.36865e+01
9.64526e+01 -2.01131e+00 -1.76686e-01
9.66663e+01 -2.00514e+00 6.59038e-02
9.70621e+01 -1.97863e+00 6.77446e-02
9.80219e+01 -1.91171e+00 7.18373e-02
1.00000e+02 -1.75889e+00 8.36437e-02
