1.00000e-06 1.00000e+00 -1.00000e-06
6.00000e-06 1.00000e+00 -6.00000e-06
3.10000e-05 1.00000e+00 -3.10000e-05
1.56000e-04 1.00000e+00 -1.56000e-04
7.81000e-04 1.00000e+00 -7.81000e-04
3.90600e-03 9.99992e-01 -3.90599e-03
1.95310e-02 9.99809e-01 -1.95324e-02
9.76560e-02 9.95203e-01 -9.91776e-02
1.75781e-01 9.83951e-01 -1.93560e-01
2.53906e-01 9.63496e-01 -3.47100e-01
3.32031e-01 9.24113e-01 -7.34698e-01
4.10156e-01 8.13517e-01 -2.77460e+00
4.45917e-01 6.34457e-01 -8.98609e+00
4.62843e-01 3.96638e-01 -2.16598e+01
4.73234e-01 7.33129e-02 -4.37563e+01
4.81251e-01 -4.00985e-01 -7.68005e+01
4.96728e-01 -1.71129e+00 -5.20570e+01
5.17753e-01 -1.99821e+00 -7.65155e-01
5.46032e-01 -2.00148e+00 7.55277e-03
5.95614e-01 -2.00103e+00 9.12421e-03
7.03523e-01 -2.00005e+00 9.13173e-03
1.13359e+00 -1.99612e+00 9.16177e-03
3.05473e+00 -1.97838e+00 9.29998e-03
1.02467e+01 -1.90946e+00 9.88484e-03
2.76447e+01 -1.72089e+00 1.20173e-02
5.30594e+01 -1.31335e+00 2.47820e-02
5.91024e+01 -1.08899e+00 7.60387e-02
5.93441e+01 -1.06866e+00 9.37221e-02
5.95490e+01 -1.04692e+00 1.21732e-01
5.97391e+01 -1.01901e+00 1.81571e-01
5.98994e+01 -9.79711e-01 3.45400e-01
6.00100e+01 -9.20302e-01 8.72521e-01
6.00825e+01 -8.01099e-01 3.18100e+00
6.01158e+01 -6.12115e-01 1.00717e+01
6.01317e+01 -3.63185e-01 2.38365e+01
6.01417e+01 -2.42436e-02 4.74160e+01
6.01497e+01 4.81558e-01 8.16202e+01
6.01646e+01 1.73757e+00 4.83571e+01
6.01852e+01 1.99866e+00 7.53538e-01
6.02142e+01 2.00187e+00 -7.80516e-03
6.02641e+01 2.00142e+00 -9.12129e-03
6.03741e+01 2.00042e+00 -9.12894e-03
6.08202e+01 1.99634e+00 -9.16008e-03
6.28091e+01 1.97798e+00 -9.30319e-03
7.04107e+01 1.90497e+00 -9.92583e-03
8.84992e+01 1.70703e+00 -1.22163e-02
1.00000e+02 1.55189e+00 -1.50914e-02
