1.00000e-06 1.00000e+00 -1.00000e-06
6.00000e-06 1.00000e+00 -6.00000e-06
3.10000e-05 1.00000e+00 -3.10000e-05
1.56000e-04 1.00000e+00 -1.56000e-04
7.81000e-04 1.00000e+00 -7.81000e-04
3.90600e-03 9.99992e-01 -3.90599e-03
1.95310e-02 9.99809e-01 -1.95303e-02
9.76560e-02 9.95229e-01 -9.78189e-02
4.88281e-01 8.60515e-01 -7.27091e-01
6.87278e-01 5.80887e-01 -2.73246e+00
7.83805e-01 1.08337e-01 -8.47694e+00
8.38788e-01 -5.83482e-01 -1.72186e+01
9.10076e-01 -1.75484e+00 -9.23906e+00
1.03229e+00 -2.00693e+00 -2.49494e-02
1.21047e+00 -2.00018e+00 4.75284e-02
1.53790e+00 -1.98451e+00 4.81953e-02
2.82037e+00 -1.92099e+00 5.09428e-02
6.14022e+00 -1.73623e+00 6.14096e-02
1.12488e+01 -1.32014e+00 1.23235e-01
1.24458e+01 -1.12466e+00 2.37628e-01
1.29341e+01 -9.55571e-01 5.51822e-01
1.31423e+01 -7.80672e-01 1.33222e+00
1.32955e+01 -3.86153e-01 4.99989e+00
1.33684e+01 2.24608e-01 1.32385e+01
1.34113e+01 9.47015e-01 1.94174e+01
1.35403e+01 2.00338e+00 4.25199e-01
1.37069e+01 2.00662e+00 -4.69202e-02
1.39884e+01 1.99324e+00 -4.78428e-02
1.46673e+01 1.96031e+00 -4.92021e-02
1.67026e+01 1.85537e+00 -5.41773e-02
2.10801e+01 1.58056e+00 -7.49679e-02
2.24345e+01 1.47008e+00 -8.95514e-02
2.49442e+01 1.15455e+00 -2.09866e-01
2.55270e+01 9.76193e-01 -4.94302e-01
2.57533e+01 8.07433e-01 -1.17683e+00
2.59043e+01 4.89369e-01 -3.82269e+00
2.59816e+01 -6.22645e-04 -1.01576e+01
2.59916e+01 -1.09699e-01 -1.16780e+01
2.60416e+01 -9.05635e-01 -1.93372e+01
2.61683e+01 -2.00127e+00 -5.23059e-01
2.63283e+01 -2.00714e+00 4.66649e-02
2.66038e+01 -1.99406e+00 4.78103e-02
2.72434e+01 -1.96307e+00 4.90847e-02
2.91896e+01 -1.86321e+00 5.37664e-02
3.34363e+01 -1.60097e+00 7.28199e-02
3.47729e+01 -1.49581e+00 8.56226e-02
3.76619e+01 -1.13598e+00 2.26445e-01
3.82558e+01 -9.21257e-01 6.62476e-01
3.84552e+01 -7.05485e-01 1.83895e+00
3.85795e+01 -2.78289e-01 6.34825e+00
3.86467e+01 4.19349e-01 1.56693e+01
3.86878e+01 1.17075e+00 1.90124e+01
3.88110e+01 2.00555e+00 3.21627e-01
3.89767e+01 2.00640e+00 -4.70026e-02
3.92608e+01 1.99289e+00 -4.78572e-02
3.99580e+01 1.95904e+00 -4.92564e-02
4.20368e+01 1.85160e+00 -5.43768e-02
4.64779e+01 1.57052e+00 -7.60770e-02
4.78413e+01 1.45722e+00 -9.16645e-02
5.01076e+01 1.17500e+00 -1.93803e-01
5.06981e+01 1.01766e+00 -3.97238e-01
5.09517e+01 8.73723e-01 -8.48855e-01
5.11177e+01 6.43337e-01 -2.33329e+00
5.12177e+01 2.40371e-01 -6.84484e+00
5.12761e+01 -3.72535e-01 -1.51179e+01
5.13195e+01 -1.15756e+00 -1.90788e+01
5.14443e+01 -2.00581e+00 -3.08772e-01
5.16058e+01 -2.00655e+00 4.69474e-02
5.18876e+01 -1.99315e+00 4.78466e-02
5.25712e+01 -1.95999e+00 4.92159e-02
5.46172e+01 -1.85443e+00 5.42270e-02
5.90105e+01 -1.57807e+00 7.52395e-02
6.03672e+01 -1.46690e+00 9.00631e-02
6.28167e+01 -1.15970e+00 2.05610e-01
6.34013e+01 -9.87246e-01 4.66088e-01
6.36343e+01 -8.25810e-01 1.07780e+00
6.37882e+01 -5.37200e-01 3.32271e+00
6.38705e+01 -7.95274e-02 9.03752e+00
6.39303e+01 7.42015e-01 1.86134e+01
6.40169e+01 1.91498e+00 4.04377e+00
6.41318e+01 2.01079e+00 -1.30709e-02
6.43483e+01 2.00134e+00 -4.75178e-02
6.47341e+01 1.98287e+00 -4.82621e-02
6.59394e+01 1.92318e+00 -5.08419e-02
6.91897e+01 1.74313e+00 -6.09323e-02
7.51315e+01 1.21816e+00 -1.65973e-01
7.63198e+01 7.59514e-01 -1.46449e+00
7.63674e+01 6.77104e-01 -2.05654e+00
7.64149e+01 5.56546e-01 -3.12966e+00
7.64624e+01 3.62918e-01 -5.28130e+00
7.65100e+01 1.53997e-02 -9.93337e+00
7.65560e+01 -6.15567e-01 -1.76660e+01
7.66292e+01 -1.79411e+00 -8.21135e+00
7.67511e+01 -2.01080e+00 -1.31508e-02
7.69351e+01 -2.00352e+00 4.74112e-02
7.72712e+01 -1.98747e+00 4.80751e-02
7.83400e+01 -1.93493e+00 5.03102e-02
8.16439e+01 -1.75394e+00 6.02004e-02
8.77066e+01 -1.22758e+00 1.60880e-01
8.89191e+01 -8.03779e-01 1.19730e+00
8.89676e+01 -7.36341e-01 1.61864e+00
8.90161e+01 -6.41927e-01 2.34529e+00
8.90646e+01 -4.98554e-01 3.72431e+00
8.91131e+01 -2.56602e-01 6.63107e+00
8.91616e+01 1.99574e-01 1.29042e+01
8.92101e+01 1.01809e+00 1.94478e+01
8.93481e+01 2.00741e+00 2.29289e-01
8.94860e+01 2.00737e+00 -4.65073e-02
8.97617e+01 1.99429e+00 -4.78011e-02
9.03915e+01 1.96379e+00 -4.90543e-02
9.23162e+01 1.86515e+00 -5.36660e-02
9.65314e+01 1.60587e+00 -7.23237e-02
1.00000e+02 1.27800e+00 -1.38033e-01
