1.00000e-06 1.00000e+00 -1.00000e-06
6.00000e-06 1.00000e+00 -6.00000e-06
3.10000e-05 1.00000e+00 -3.10000e-05
1.56000e-04 1.00000e+00 -1.56000e-04
7.81000e-04 1.00000e+00 -7.81000e-04
3.90600e-03 9.99992e-01 -3.90599e-03
1.95310e-02 9.99809e-01 -1.95302e-02
9.76560e-02 9.95230e-01 -9.77734e-02
4.88281e-01 8.64390e-01 -6.78357e-01
7.09483e-01 5.78983e-01 -2.46253e+00
8.21644e-01 8.19553e-02 -7.69504e+00
8.82743e-01 -6.00755e-01 -1.50046e+01
9.67143e-01 -1.77792e+00 -7.41229e+00
1.11043e+00 -2.00765e+00 8.71064e-04
1.32520e+00 -1.99725e+00 5.55885e-02
1.72127e+00 -1.97502e+00 5.66611e-02
2.96878e+00 -1.90206e+00 6.04410e-02
6.72945e+00 -1.64331e+00 8.01229e-02
7.94868e+00 -1.53840e+00 9.29855e-02
1.06675e+01 -1.18817e+00 2.09793e-01
1.13037e+01 -9.99187e-01 4.61863e-01
1.15579e+01 -8.27524e-01 1.03338e+00
1.17269e+01 -5.30551e-01 3.04696e+00
1.18214e+01 -4.95194e-02 8.25362e+00
1.18835e+01 6.94386e-01 1.58232e+01
1.19769e+01 1.87620e+00 4.79689e+00
1.21217e+01 2.01210e+00 -2.65136e-02
1.23597e+01 1.99973e+00 -5.54920e-02
1.27987e+01 1.97512e+00 -5.66566e-02
1.41558e+01 1.89552e+00 -6.08076e-02
1.76956e+01 1.65231e+00 -7.91979e-02
1.88680e+01 1.55309e+00 -9.09169e-02
2.15291e+01 1.23065e+00 -1.82598e-01
2.22213e+01 1.06323e+00 -3.44063e-01
2.25270e+01 9.19090e-01 -6.76924e-01
2.27230e+01 7.15994e-01 -1.63991e+00
2.28624e+01 3.03309e-01 -5.31219e+00
2.29380e+01 -3.40049e-01 -1.27658e+01
2.29955e+01 -1.23702e+00 -1.60707e+01
2.31412e+01 -2.00926e+00 -1.96948e-01
2.33141e+01 -2.00662e+00 5.47273e-02
2.36408e+01 -1.98847e+00 5.60209e-02
2.44192e+01 -1.94403e+00 5.82006e-02
2.66150e+01 -1.80802e+00 6.62386e-02
3.10570e+01 -1.44293e+00 1.09402e-01
3.24774e+01 -1.25372e+00 1.70356e-01
3.31581e+01 -1.10764e+00 2.84511e-01
3.35037e+01 -9.78957e-01 5.08447e-01
3.37270e+01 -8.15975e-01 1.08734e+00
3.38956e+01 -4.97190e-01 3.34691e+00
3.39863e+01 8.38240e-03 8.94809e+00
3.40438e+01 7.26805e-01 1.60143e+01
3.41441e+01 1.91388e+00 3.60821e+00
3.42794e+01 2.01211e+00 -2.59583e-02
3.45319e+01 1.99896e+00 -5.55297e-02
3.49871e+01 1.97341e+00 -5.67390e-02
3.64177e+01 1.88920e+00 -6.11669e-02
3.99882e+01 1.64160e+00 -8.03020e-02
4.11639e+01 1.54046e+00 -9.26900e-02
4.38250e+01 1.20446e+00 -1.98570e-01
4.44787e+01 1.02618e+00 -4.07031e-01
4.47521e+01 8.68134e-01 -8.59837e-01
4.49309e+01 6.19159e-01 -2.31650e+00
4.50405e+01 1.84647e-01 -6.65461e+00
4.51104e+01 -5.33937e-01 -1.46347e+01
4.51996e+01 -1.78844e+00 -7.30702e+00
4.53387e+01 -2.01235e+00 -4.74900e-03
4.55522e+01 -2.00222e+00 5.53577e-02
4.59430e+01 -1.98038e+00 5.64043e-02
4.71894e+01 -1.90784e+00 6.01212e-02
5.08766e+01 -1.65676e+00 7.87489e-02
5.20843e+01 -1.55500e+00 9.06549e-02
5.47956e+01 -1.22528e+00 1.85683e-01
5.54849e+01 -1.05401e+00 3.58495e-01
5.57827e+01 -9.06261e-01 7.19418e-01
5.59739e+01 -6.92746e-01 1.79003e+00
5.61038e+01 -2.81049e-01 5.55769e+00
5.61768e+01 3.59076e-01 1.29657e+01
5.62315e+01 1.21468e+00 1.62072e+01
5.63767e+01 2.00890e+00 2.13561e-01
5.65521e+01 2.00658e+00 -5.47414e-02
5.68789e+01 1.98843e+00 -5.60229e-02
5.76589e+01 1.94389e+00 -5.82076e-02
5.98582e+01 1.80764e+00 -6.62648e-02
6.43042e+01 1.44184e+00 -1.09626e-01
6.57241e+01 1.25212e+00 -1.71155e-01
6.64044e+01 1.10509e+00 -2.87520e-01
6.67473e+01 9.75746e-01 -5.16300e-01
6.69689e+01 8.10958e-01 -1.11141e+00
6.71371e+01 4.82911e-01 -3.47916e+00
6.72264e+01 -3.34740e-02 -9.24899e+00
6.72825e+01 -7.48493e-01 -1.61320e+01
6.73878e+01 -1.93442e+00 -2.93006e+00
6.75211e+01 -2.01199e+00 3.02837e-02
6.77972e+01 -1.99740e+00 5.56033e-02
6.82882e+01 -1.96978e+00 5.69150e-02
6.99287e+01 -1.87233e+00 6.21488e-02
7.37000e+01 -1.60249e+00 8.46387e-02
7.49093e+01 -1.49150e+00 1.00336e-01
7.76046e+01 -1.06741e+00 3.37698e-01
7.81437e+01 -6.71232e-01 1.93597e+00
7.82894e+01 -1.02954e-01 7.61574e+00
7.83477e+01 5.33982e-01 1.46350e+01
7.84374e+01 1.79165e+00 7.22139e+00
7.85765e+01 2.01236e+00 3.86137e-03
7.87906e+01 2.00216e+00 -5.53614e-02
7.91825e+01 1.98026e+00 -5.64100e-02
8.04261e+01 1.90788e+00 -6.01190e-02
8.41323e+01 1.65532e+00 -7.88937e-02
8.53437e+01 1.55300e+00 -9.09291e-02
8.80593e+01 1.22036e+00 -1.88589e-01
8.87416e+01 1.04696e+00 -3.70077e-01
8.90331e+01 8.96631e-01 -7.52871e-01
8.92209e+01 6.74842e-01 -1.91103e+00
8.93449e+01 2.59996e-01 -5.79283e+00
8.94164e+01 -3.88404e-01 -1.32676e+01
8.94665e+01 -1.17718e+00 -1.64036e+01
8.96119e+01 -2.00840e+00 -2.36137e-01
8.98048e+01 -2.00574e+00 5.49679e-02
9.01404e+01 -1.98707e+00 5.60866e-02
9.09806e+01 -1.93898e+00 5.84606e-02
9.33122e+01 -1.79317e+00 6.72703e-02
9.79170e+01 -1.39896e+00 1.19259e-01
9.97570e+01 -1.06939e+00 3.34830e-01
1.00000e+02 -9.67670e-01 5.36614e-01
