1.00000e-06 1.00000e+00 -1.00000e-06
6.00000e-06 1.00000e+00 -6.00000e-06
3.10000e-05 1.00000e+00 -3.10000e-05
1.56000e-04 1.00000e+00 -1.56000e-04
7.81000e-04 1.00000e+00 -7.81000e-04
3.90600e-03 9.99992e-01 -3.90599e-03
1.95310e-02 9.99809e-01 -1.95310e-02
9.76560e-02 9.95221e-01 -9.82532e-02
4.88281e-01 8.04081e-01 -1.64782e+00
5.08145e-01 7.66838e-01 -2.13409e+00
5.28010e-01 7.17611e-01 -2.87809e+00
5.47874e-01 6.49450e-01 -4.08924e+00
5.67739e-01 5.49190e-01 -6.21863e+00
5.87603e-01 3.89627e-01 -1.03223e+01
6.07468e-01 1.09895e-01 -1.89226e+01
6.26180e-01 -3.77735e-01 -3.44049e+01
6.42771e-01 -1.05777e+00 -4.44086e+01
6.95617e-01 -1.99331e+00 -1.08782e+00
7.53328e-01 -2.00332e+00 1.65428e-02
8.62260e-01 -2.00116e+00 2.01790e-02
1.08468e+00 -1.99667e+00 2.02549e-02
1.92516e+00 -1.97952e+00 2.05498e-02
4.68653e+00 -1.92133e+00 2.16271e-02
1.14187e+01 -1.76444e+00 2.52912e-02
2.33702e+01 -1.37529e+00 4.65778e-02
2.65924e+01 -1.17920e+00 8.86301e-02
2.74677e+01 -1.07794e+00 1.63590e-01
2.78289e+01 -9.96356e-01 3.34697e-01
2.80042e+01 -9.09873e-01 7.62400e-01
2.81168e+01 -7.62811e-01 2.30781e+00
2.81794e+01 -5.02307e-01 7.45724e+00
2.82099e+01 -1.45781e-01 1.78732e+01
2.82303e+01 3.69205e-01 3.42784e+01
2.82562e+01 1.44037e+00 3.72860e+01
2.83115e+01 2.00192e+00 3.30917e-01
2.83689e+01 2.00428e+00 -1.89740e-02
2.84840e+01 2.00197e+00 -2.01654e-02
2.87395e+01 1.99681e+00 -2.02524e-02
2.99218e+01 1.97262e+00 -2.06712e-02
3.38643e+01 1.88804e+00 -2.23025e-02
4.26287e+01 1.66972e+00 -2.82820e-02
4.96527e+01 1.43538e+00 -4.09269e-02
5.17970e+01 1.33804e+00 -5.10435e-02
5.37580e+01 1.21939e+00 -7.45238e-02
5.45025e+01 1.15594e+00 -9.95056e-02
5.48656e+01 1.11557e+00 -1.25752e-01
5.51355e+01 1.07698e+00 -1.64784e-01
5.53770e+01 1.02891e+00 -2.46668e-01
5.55763e+01 9.62886e-01 -4.62913e-01
5.57169e+01 8.62687e-01 -1.14117e+00
5.58155e+01 6.48021e-01 -4.23286e+00
5.58596e+01 3.28573e-01 -1.21942e+01
5.58834e+01 -1.03596e-01 -2.60567e+01
5.59041e+01 -8.37360e-01 -4.38156e+01
5.59494e+01 -1.96795e+00 -3.67405e+00
5.59975e+01 -2.00464e+00 -1.19122e-02
5.60918e+01 -2.00307e+00 2.01445e-02
5.62599e+01 -1.99967e+00 2.02041e-02
5.67905e+01 -1.98891e+00 2.03872e-02
5.88195e+01 -1.94679e+00 2.11405e-02
6.42499e+01 -1.82544e+00 2.37108e-02
7.49536e+01 -1.52423e+00 3.48594e-02
7.81281e+01 -1.40089e+00 4.39729e-02
8.03939e+01 -1.28690e+00 5.89457e-02
8.12296e+01 -1.23320e+00 7.06721e-02
8.25475e+01 -1.11303e+00 1.27818e-01
8.30261e+01 -1.03203e+00 2.39822e-01
8.32502e+01 -9.57191e-01 4.89123e-01
8.33884e+01 -8.51289e-01 1.24925e+00
8.34864e+01 -6.06519e-01 5.06898e+00
8.35271e+01 -2.54894e-01 1.44192e+01
8.35496e+01 2.22595e-01 2.98739e+01
8.35709e+01 1.05317e+00 4.45417e+01
8.36250e+01 1.99575e+00 9.61804e-01
8.36812e+01 2.00449e+00 -1.64632e-02
8.37909e+01 2.00232e+00 -2.01596e-02
8.40143e+01 1.99780e+00 -2.02356e-02
8.48629e+01 1.98051e+00 -2.05325e-02
8.76481e+01 1.92185e+00 -2.16168e-02
9.44271e+01 1.76387e+00 -2.53071e-02
1.00000e+02 1.60950e+00 -3.06401e-02
