1.00000e-06 1.00000e+00 -1.00000e-06
6.00000e-06 1.00000e+00 -6.00000e-06
3.10000e-05 1.00000e+00 -3.10000e-05
1.56000e-04 1.00000e+00 -1.56000e-04
7.81000e-04 1.00000e+00 -7.81000e-04
3.90600e-03 9.99992e-01 -3.90599e-03
1.95310e-02 9.99809e-01 -1.95321e-02
9.76560e-02 9.95207e-01 -9.89452e-02
1.75781e-01 9.84043e-01 -1.90818e-01
2.53906e-01 9.64193e-01 -3.30843e-01
3.32031e-01 9.28176e-01 -6.42322e-01
4.10156e-01 8.43364e-01 -1.85988e+00
4.56817e-01 6.88813e-01 -5.89925e+00
4.79932e-01 4.69985e-01 -1.50161e+01
4.93516e-01 1.70081e-01 -3.18379e+01
5.03368e-01 -2.62960e-01 -5.86341e+01
5.12791e-01 -9.57631e-01 -8.43324e+01
5.42456e-01 -1.99234e+00 -1.83229e+00
5.72449e-01 -2.00178e+00 4.21630e-03
6.27251e-01 -2.00124e+00 1.05704e-02
7.35131e-01 -2.00009e+00 1.05807e-02
1.11798e+00 -1.99604e+00 1.06166e-02
2.79992e+00 -1.97805e+00 1.07791e-02
8.49204e+00 -1.91499e+00 1.13959e-02
2.26715e+01 -1.73906e+00 1.36344e-02
4.81484e+01 -1.24235e+00 3.60567e-02
4.91675e+01 -1.20255e+00 4.24993e-02
5.14640e+01 -1.05776e+00 1.19598e-01
5.19381e+01 -9.52194e-01 5.29536e-01
5.20576e+01 -8.22241e-01 2.36856e+00
5.21112e+01 -5.33631e-01 1.21066e+01
5.21304e+01 -1.37959e-01 3.39051e+01
5.21413e+01 3.86355e-01 6.56696e+01
5.21496e+01 1.03425e+00 8.44598e+01
5.21765e+01 1.98870e+00 2.60739e+00
5.22106e+01 2.00225e+00 -6.42734e-03
5.22653e+01 2.00170e+00 -1.05665e-02
5.23766e+01 2.00052e+00 -1.05769e-02
5.27811e+01 1.99623e+00 -1.06148e-02
5.45368e+01 1.97745e+00 -1.07846e-02
6.04664e+01 1.91165e+00 -1.14308e-02
7.50562e+01 1.72942e+00 -1.37865e-02
1.00000e+02 1.23614e+00 -3.69003e-02
