1.00000e-06 1.00000e+00 -1.00000e-06
6.00000e-06 1.00000e+00 -6.00000e-06
3.10000e-05 1.00000e+00 -3.10000e-05
1.56000e-04 1.00000e+00 -1.56000e-04
7.81000e-04 1.00000e+00 -7.81000e-04
3.90600e-03 9.99992e-01 -3.90599e-03
1.95310e-02 9.99809e-01 -1.95320e-02
9.76560e-02 9.95208e-01 -9.89220e-02
1.75781e-01 9.84052e-01 -1.90547e-01
2.53906e-01 9.64261e-01 -3.29283e-01
3.32031e-01 9.28555e-01 -6.34062e-01
4.10156e-01 8.45785e-01 -1.79369e+00
4.58046e-01 6.93004e-01 -5.67787e+00
4.81874e-01 4.75326e-01 -1.45294e+01
4.95823e-01 1.76730e-01 -3.09418e+01
5.05884e-01 -2.53711e-01 -5.71774e+01
5.15906e-01 -9.81510e-01 -8.30911e+01
5.45096e-01 -1.99111e+00 -2.03907e+00
5.76551e-01 -2.00181e+00 4.84414e-03
6.31916e-01 -2.00125e+00 1.07408e-02
7.41654e-01 -2.00007e+00 1.07516e-02
1.13142e+00 -1.99587e+00 1.07893e-02
2.83215e+00 -1.97738e+00 1.09592e-02
8.54425e+00 -1.91300e+00 1.16007e-02
2.27091e+01 -1.73376e+00 1.39388e-02
4.77241e+01 -1.23022e+00 3.83279e-02
4.87247e+01 -1.18826e+00 4.61230e-02
5.07432e+01 -1.04789e+00 1.35863e-01
5.11587e+01 -9.39401e-01 6.33018e-01
5.12658e+01 -7.99481e-01 2.83114e+00
5.13102e+01 -5.47370e-01 1.13217e+01
5.13277e+01 -2.33040e-01 2.76897e+01
5.13385e+01 1.87779e-01 5.33826e+01
5.13486e+01 8.89132e-01 8.24713e+01
5.13740e+01 1.97553e+00 4.97450e+00
5.13999e+01 2.00223e+00 3.04762e-02
5.14491e+01 2.00192e+00 -1.07307e-02
5.15358e+01 2.00099e+00 -1.07433e-02
5.18063e+01 1.99808e+00 -1.07694e-02
5.31587e+01 1.98342e+00 -1.09030e-02
5.78478e+01 1.93114e+00 -1.14116e-02
7.02246e+01 1.77946e+00 -1.32464e-02
9.69448e+01 1.28758e+00 -3.14671e-02
1.00000e+02 1.16904e+00 -5.08207e-02
