1.00000e-06 1.00000e+00 -1.00000e-06
6.00000e-06 1.00000e+00 -6.00000e-06
3.10000e-05 1.00000e+00 -3.10000e-05
1.56000e-04 1.00000e+00 -1.56000e-04
7.81000e-04 1.00000e+00 -7.81000e-04
3.90600e-03 9.99992e-01 -3.90599e-03
1.95310e-02 9.99809e-01 -1.95323e-02
9.76560e-02 9.95205e-01 -9.90845e-02
1.75781e-01 9.83988e-01 -1.92456e-01
2.53906e-01 9.63779e-01 -3.40452e-01
3.32031e-01 9.25802e-01 -6.95481e-01
4.10156e-01 8.26850e-01 -2.34353e+00
4.50005e-01 6.59219e-01 -7.52736e+00
4.69213e-01 4.30735e-01 -1.85526e+01
4.80790e-01 1.19181e-01 -3.82542e+01
4.89490e-01 -3.35311e-01 -6.87073e+01
4.98191e-01 -1.06667e+00 -9.21185e+01
5.22178e-01 -1.98738e+00 -2.97988e+00
5.51957e-01 -2.00161e+00 3.33202e-03
6.01165e-01 -2.00117e+00 9.65183e-03
6.98404e-01 -2.00023e+00 9.65961e-03
1.04038e+00 -1.99692e+00 9.68631e-03
2.60611e+00 -1.98166e+00 9.81169e-03
8.14018e+00 -1.92604e+00 1.03011e-02
2.23636e+01 -1.76814e+00 1.20504e-02
5.24853e+01 -1.24736e+00 3.23226e-02
5.36901e+01 -1.20501e+00 3.84237e-02
5.58136e+01 -1.09750e+00 7.43864e-02
5.64206e+01 -1.03729e+00 1.44149e-01
5.66683e+01 -9.86698e-01 3.10654e-01
5.67933e+01 -9.26636e-01 7.80926e-01
5.68711e+01 -8.15543e-01 2.69057e+00
5.69091e+01 -6.30565e-01 8.77300e+00
5.69270e+01 -3.84464e-01 2.13039e+01
5.69379e+01 -5.05829e-02 4.30401e+01
5.69464e+01 4.43348e-01 7.51126e+01
5.69628e+01 1.74304e+00 4.49764e+01
5.69844e+01 1.99880e+00 7.14153e-01
5.70154e+01 2.00199e+00 -8.46998e-03
5.70685e+01 2.00148e+00 -9.64955e-03
5.71866e+01 2.00034e+00 -9.65872e-03
5.76713e+01 1.99565e+00 -9.69663e-03
5.97838e+01 1.97499e+00 -9.86764e-03
6.76563e+01 1.89452e+00 -1.06038e-02
8.58680e+01 1.67937e+00 -1.33692e-02
1.00000e+02 1.45948e+00 -1.87093e-02
