1.00000e-06 1.00000e+00 -1.00000e-06
6.00000e-06 1.00000e+00 -6.00000e-06
3.10000e-05 1.00000e+00 -3.10000e-05
1.56000e-04 1.00000e+00 -1.56000e-04
7.81000e-04 1.00000e+00 -7.81000e-04
3.90600e-03 9.99992e-01 -3.90599e-03
1.95310e-02 9.99809e-01 -1.95311e-02
9.76560e-02 9.95219e-01 -9.83220e-02
4.88281e-01 7.89807e-01 -1.94219e+00
5.06455e-01 7.49371e-01 -2.54954e+00
5.24629e-01 6.95104e-01 -3.49677e+00
5.42804e-01 6.18508e-01 -5.07530e+00
5.60978e-01 5.03055e-01 -7.93021e+00
5.79152e-01 3.13609e-01 -1.36003e+01
5.97326e-01 -2.90694e-02 -2.55692e+01
6.13913e-01 -5.98420e-01 -4.34898e+01
6.43876e-01 -1.79417e+00 -1.97644e+01
6.88537e-01 -2.00189e+00 -1.88276e-01
7.55688e-01 -2.00256e+00 1.83342e-02
8.72170e-01 -2.00041e+00 1.85096e-02
1.18154e+00 -1.99467e+00 1.85986e-02
2.50636e+00 -1.96977e+00 1.89957e-02
6.97588e+00 -1.88149e+00 2.05717e-02
1.70188e+01 -1.64865e+00 2.66409e-02
2.33675e+01 -1.45419e+00 3.61763e-02
2.56313e+01 -1.36452e+00 4.38265e-02
2.90326e+01 -1.16739e+00 8.64879e-02
2.99169e+01 -1.06519e+00 1.69839e-01
3.02653e+01 -9.79593e-01 3.86688e-01
3.04214e+01 -8.86481e-01 9.64914e-01
3.05197e+01 -7.14210e-01 3.25915e+00
3.05679e+01 -4.40768e-01 9.78785e+00
3.05927e+01 -7.13279e-02 2.20714e+01
3.06105e+01 4.76893e-01 4.04984e+01
3.06376e+01 1.65392e+00 2.98530e+01
3.06893e+01 2.00316e+00 1.59952e-01
3.07492e+01 2.00370e+00 -1.81902e-02
3.08619e+01 2.00162e+00 -1.84909e-02
3.11439e+01 1.99639e+00 -1.85717e-02
3.23712e+01 1.97338e+00 -1.89369e-02
3.73578e+01 1.87475e+00 -2.07043e-02
4.82613e+01 1.61634e+00 -2.78249e-02
5.15974e+01 1.51655e+00 -3.23694e-02
5.82471e+01 1.23016e+00 -6.56792e-02
5.98642e+01 1.08228e+00 -1.47940e-01
6.02995e+01 9.87476e-01 -3.56536e-01
6.04690e+01 8.93778e-01 -9.03410e-01
6.05699e+01 7.30491e-01 -2.97510e+00
6.06207e+01 4.64514e-01 -9.10703e+00
6.06465e+01 1.04533e-01 -2.08853e+01
6.06645e+01 -4.22886e-01 -3.89488e+01
6.06956e+01 -1.72524e+00 -2.50856e+01
6.07398e+01 -2.00209e+00 -2.85945e-01
6.08016e+01 -2.00375e+00 1.80874e-02
6.09112e+01 -2.00173e+00 1.84892e-02
6.11775e+01 -1.99680e+00 1.85654e-02
6.23668e+01 -1.97451e+00 1.89185e-02
6.69255e+01 -1.88480e+00 2.05074e-02
7.71634e+01 -1.64775e+00 2.66725e-02
8.03077e+01 -1.55862e+00 3.02638e-02
8.67002e+01 -1.32015e+00 4.91209e-02
8.85002e+01 -1.21684e+00 6.92027e-02
8.92049e+01 -1.16199e+00 8.89119e-02
8.95575e+01 -1.12759e+00 1.08016e-01
8.98275e+01 -1.09525e+00 1.34202e-01
9.00563e+01 -1.06022e+00 1.77151e-01
9.02850e+01 -1.00965e+00 2.84561e-01
9.04596e+01 -9.40356e-01 5.77593e-01
9.05809e+01 -8.26418e-01 1.58239e+00
9.06614e+01 -5.74973e-01 6.20107e+00
9.06952e+01 -2.29020e-01 1.65330e+01
9.07150e+01 2.45009e-01 3.32779e+01
9.07348e+01 1.09976e+00 4.82510e+01
9.07827e+01 1.99441e+00 1.13809e+00
9.08357e+01 2.00411e+00 -1.47560e-02
9.09349e+01 2.00232e+00 -1.84802e-02
9.11372e+01 1.99857e+00 -1.85379e-02
9.18958e+01 1.98443e+00 -1.87596e-02
9.44886e+01 1.93474e+00 -1.95877e-02
1.00000e+02 1.82095e+00 -2.18357e-02
