1.00000e-06 1.00000e+00 -1.00000e-06
6.00000e-06 1.00000e+00 -6.00000e-06
3.10000e-05 1.00000e+00 -3.10000e-05
1.56000e-04 1.00000e+00 -1.56000e-04
7.81000e-04 1.00000e+00 -7.81000e-04
3.90600e-03 9.99992e-01 -3.90599e-03
1.95310e-02 9.99809e-01 -1.95320e-02
9.76560e-02 9.95208e-01 -9.88988e-02
1.75781e-01 9.84061e-01 -1.90277e-01
2.53906e-01 9.64329e-01 -3.27734e-01
3.32031e-01 9.28929e-01 -6.25962e-01
4.10156e-01 8.48125e-01 -1.73089e+00
4.59303e-01 6.97013e-01 -5.46806e+00
4.83866e-01 4.80367e-01 -1.40668e+01
4.98187e-01 1.82917e-01 -3.00868e+01
5.08472e-01 -2.45642e-01 -5.58030e+01
5.18734e-01 -9.76101e-01 -8.17463e+01
5.48642e-01 -1.99150e+00 -1.94338e+00
5.80324e-01 -2.00184e+00 4.99270e-03
6.36739e-01 -2.00126e+00 1.09168e-02
7.48463e-01 -2.00004e+00 1.09281e-02
1.14576e+00 -1.99569e+00 1.09678e-02
2.86704e+00 -1.97666e+00 1.11457e-02
8.60324e+00 -1.91087e+00 1.18139e-02
2.27626e+01 -1.72802e+00 1.42615e-02
4.73499e+01 -1.21500e+00 4.13428e-02
4.83334e+01 -1.16981e+00 5.14266e-02
5.01414e+01 -1.01488e+00 2.11442e-01
5.02137e+01 -9.97625e-01 2.71013e-01
5.02860e+01 -9.74493e-01 3.81376e-01
5.03583e+01 -9.39261e-01 6.31814e-01
5.04306e+01 -8.70711e-01 1.45283e+00
5.04858e+01 -7.28804e-01 4.60277e+00
5.05134e+01 -5.19313e-01 1.23760e+01
5.05288e+01 -2.33860e-01 2.72071e+01
5.05395e+01 1.71602e-01 5.15780e+01
5.05493e+01 8.26901e-01 8.01527e+01
5.05731e+01 1.95809e+00 7.96162e+00
5.05976e+01 2.00203e+00 8.27185e-02
5.06442e+01 2.00204e+00 -1.08918e-02
5.07234e+01 2.00117e+00 -1.09178e-02
5.09722e+01 1.99845e+00 -1.09425e-02
5.22160e+01 1.98476e+00 -1.10692e-02
5.65895e+01 1.93531e+00 -1.15553e-02
6.83748e+01 1.78954e+00 -1.33186e-02
9.47322e+01 1.30880e+00 -3.00216e-02
9.87950e+01 1.14876e+00 -5.78884e-02
1.00000e+02 1.05063e+00 -1.33126e-01
