1.00000e-06 1.00000e+00 -1.00000e-06
6.00000e-06 1.00000e+00 -6.00000e-06
3.10000e-05 1.00000e+00 -3.10000e-05
1.56000e-04 1.00000e+00 -1.56000e-04
7.81000e-04 1.00000e+00 -7.81000e-04
3.90600e-03 9.99992e-01 -3.90599e-03
1.95310e-02 9.99809e-01 -1.95325e-02
9.76560e-02 9.95202e-01 -9.92009e-02
1.75781e-01 9.83942e-01 -1.93838e-01
2.53906e-01 9.63424e-01 -3.48794e-01
3.32031e-01 9.23676e-01 -7.45023e-01
4.10156e-01 8.09825e-01 -2.90029e+00
4.44943e-01 6.27510e-01 -9.41183e+00
4.61336e-01 3.86943e-01 -2.25565e+01
4.71447e-01 6.01104e-02 -4.53208e+01
4.79343e-01 -4.23019e-01 -7.91986e+01
4.94703e-01 -1.73038e+00 -4.99922e+01
5.14945e-01 -1.99808e+00 -7.98271e-01
5.43278e-01 -2.00146e+00 7.51327e-03
5.92215e-01 -2.00102e+00 9.00101e-03
6.99165e-01 -2.00006e+00 9.00826e-03
1.12715e+00 -1.99620e+00 9.03735e-03
3.04802e+00 -1.97871e+00 9.17176e-03
1.03347e+01 -1.90985e+00 9.74783e-03
2.79716e+01 -1.72135e+00 1.18485e-02
5.37579e+01 -1.31372e+00 2.44222e-02
5.98906e+01 -1.08953e+00 7.47187e-02
6.01359e+01 -1.06927e+00 9.20148e-02
6.03427e+01 -1.04775e+00 1.19179e-01
6.05318e+01 -1.02071e+00 1.75522e-01
6.06948e+01 -9.82299e-01 3.30163e-01
6.08073e+01 -9.25004e-01 8.20726e-01
6.08810e+01 -8.12622e-01 2.91569e+00
6.09158e+01 -6.30127e-01 9.38100e+00
6.09323e+01 -3.88631e-01 2.25367e+01
6.09424e+01 -6.11627e-02 4.53296e+01
6.09503e+01 4.21936e-01 7.92191e+01
6.09658e+01 1.73806e+00 4.89375e+01
6.09859e+01 1.99847e+00 7.99010e-01
6.10144e+01 2.00184e+00 -7.57322e-03
6.10634e+01 2.00141e+00 -8.99812e-03
6.11708e+01 2.00044e+00 -9.00539e-03
6.16024e+01 1.99655e+00 -9.03469e-03
6.35388e+01 1.97892e+00 -9.17008e-03
7.09223e+01 1.90913e+00 -9.75425e-03
8.87268e+01 1.71849e+00 -1.18884e-02
1.00000e+02 1.57157e+00 -1.44460e-02
