1.00000e-06 1.00000e+00 -1.00000e-06
6.00000e-06 1.00000e+00 -6.00000e-06
3.10000e-05 1.00000e+00 -3.10000e-05
1.56000e-04 1.00000e+00 -1.56000e-04
7.81000e-04 1.00000e+00 -7.81000e-04
3.90600e-03 9.99992e-01 -3.90599e-03
1.95310e-02 9.99809e-01 -1.95310e-02
9.76560e-02 9.95220e-01 -9.82761e-02
4.88281e-01 7.99569e-01 -1.73824e+00
5.07560e-01 7.61356e-01 -2.26099e+00
5.26839e-01 7.10600e-01 -3.06579e+00
5.46118e-01 6.39886e-01 -4.38588e+00
5.65397e-01 5.35051e-01 -6.72826e+00
5.84676e-01 3.66543e-01 -1.12885e+01
6.03956e-01 6.79337e-02 -2.08911e+01
6.21885e-01 -4.44402e-01 -3.73094e+01
6.52513e-01 -1.68205e+00 -2.64152e+01
7.04503e-01 -2.00208e+00 -1.81630e-01
7.69156e-01 -2.00277e+00 1.92921e-02
8.88353e-01 -2.00044e+00 1.95975e-02
1.18647e+00 -1.99459e+00 1.96936e-02
2.45250e+00 -1.96939e+00 2.01192e-02
7.36415e+00 -1.86593e+00 2.21084e-02
1.77463e+01 -1.60192e+00 3.00599e-02
2.09846e+01 -1.49662e+00 3.54505e-02
2.65511e+01 -1.24003e+00 6.69383e-02
2.80742e+01 -1.10445e+00 1.31926e-01
2.85475e+01 -1.01927e+00 2.65727e-01
2.87548e+01 -9.40256e-01 5.76145e-01
2.88809e+01 -8.22156e-01 1.58115e+00
2.89649e+01 -5.57161e-01 6.31343e+00
2.89998e+01 -1.92618e-01 1.68428e+01
2.90206e+01 3.12496e-01 3.35892e+01
2.90388e+01 1.06845e+00 4.58017e+01
2.90900e+01 1.99455e+00 1.09591e+00
2.91456e+01 2.00436e+00 -1.57797e-02
2.92511e+01 2.00233e+00 -1.95666e-02
2.94659e+01 1.99812e+00 -1.96354e-02
3.02741e+01 1.98215e+00 -1.99011e-02
3.29685e+01 1.92724e+00 -2.08793e-02
3.96488e+01 1.77756e+00 -2.41988e-02
5.17704e+01 1.40711e+00 -4.21165e-02
5.49405e+01 1.24468e+00 -6.58245e-02
5.59992e+01 1.16296e+00 -9.33277e-02
5.64771e+01 1.11171e+00 -1.25665e-01
5.67899e+01 1.06567e+00 -1.76254e-01
5.70827e+01 9.96898e-01 -3.29757e-01
5.72521e+01 9.15768e-01 -7.26847e-01
5.73651e+01 7.76262e-01 -2.16446e+00
5.74294e+01 5.22970e-01 -7.13950e+00
5.74602e+01 1.75981e-01 -1.73894e+01
5.74802e+01 -3.19067e-01 -3.37903e+01
5.74980e+01 -1.06150e+00 -4.58336e+01
5.75495e+01 -1.99457e+00 -1.09389e+00
5.76050e+01 -2.00436e+00 1.57521e-02
5.77105e+01 -2.00234e+00 1.95666e-02
5.79252e+01 -1.99813e+00 1.96353e-02
5.87331e+01 -1.98216e+00 1.99009e-02
6.14263e+01 -1.92728e+00 2.08787e-02
6.81045e+01 -1.77765e+00 2.41965e-02
8.02242e+01 -1.40734e+00 4.20953e-02
8.33936e+01 -1.24509e+00 6.57271e-02
8.44514e+01 -1.16363e+00 9.30099e-02
8.49287e+01 -1.11270e+00 1.24859e-01
8.52408e+01 -1.06716e+00 1.74147e-01
8.55191e+01 -1.00422e+00 3.07003e-01
8.56942e+01 -9.27718e-01 6.49712e-01
8.58127e+01 -7.99948e-01 1.85003e+00
8.58849e+01 -5.49784e-01 6.48804e+00
8.59179e+01 -2.05662e-01 1.64168e+01
8.59384e+01 2.77444e-01 3.25016e+01
8.59580e+01 1.08783e+00 4.56942e+01
8.60090e+01 1.99473e+00 1.07724e+00
8.60649e+01 2.00435e+00 -1.59491e-02
8.61704e+01 2.00233e+00 -1.95667e-02
8.63858e+01 1.99810e+00 -1.96357e-02
8.71989e+01 1.98203e+00 -1.99031e-02
8.99069e+01 1.92684e+00 -2.08870e-02
9.66123e+01 1.77648e+00 -2.42272e-02
1.00000e+02 1.69035e+00 -2.67543e-02
