1.00000e-06 1.00000e+00 -1.00000e-06
6.00000e-06 1.00000e+00 -6.00000e-06
3.10000e-05 1.00000e+00 -3.10000e-05
1.56000e-04 1.00000e+00 -1.56000e-04
7.81000e-04 1.00000e+00 -7.81000e-04
3.90600e-03 9.99992e-01 -3.90599e-03
1.95310e-02 9.99809e-01 -1.95324e-02
9.76560e-02 9.95203e-01 -9.91543e-02
1.75781e-01 9.83960e-01 -1.93283e-01
2.53906e-01 9.63567e-01 -3.45419e-01
3.32031e-01 9.24543e-01 -7.24587e-01
4.10156e-01 8.17056e-01 -2.65666e+00
4.46909e-01 6.41085e-01 -8.58669e+00
4.64384e-01 4.05841e-01 -2.08145e+01
4.75061e-01 8.57740e-02 -4.22730e+01
4.83232e-01 -3.82338e-01 -7.46195e+01
4.90420e-01 -1.01765e+00 -9.64051e+01
5.14084e-01 -1.98779e+00 -3.00313e+00
5.43903e-01 -2.00153e+00 4.42356e-03
5.91308e-01 -2.00112e+00 9.25014e-03
6.86846e-01 -2.00023e+00 9.25712e-03
1.02884e+00 -1.99706e+00 9.28164e-03
2.60496e+00 -1.98234e+00 9.39742e-03
8.28281e+00 -1.92772e+00 9.85705e-03
2.29441e+01 -1.77217e+00 1.14975e-02
5.45075e+01 -1.25401e+00 3.02649e-02
5.57700e+01 -1.21265e+00 3.56357e-02
5.79596e+01 -1.11320e+00 6.28588e-02
5.86647e+01 -1.05677e+00 1.08749e-01
5.89744e+01 -1.01206e+00 2.03848e-01
5.91342e+01 -9.65635e-01 4.35884e-01
5.92339e+01 -8.94419e-01 1.21955e+00
5.93047e+01 -6.98852e-01 6.37763e+00
5.93287e+01 -4.28611e-01 1.95473e+01
5.93402e+01 -9.33287e-02 4.18206e+01
5.93486e+01 3.81946e-01 7.46826e+01
5.93558e+01 1.02035e+00 9.64848e+01
5.93794e+01 1.98811e+00 3.02294e+00
5.94094e+01 2.00194e+00 -4.56367e-03
5.94568e+01 2.00152e+00 -9.24706e-03
5.95526e+01 2.00063e+00 -9.25404e-03
5.98963e+01 1.99745e+00 -9.27866e-03
6.14788e+01 1.98267e+00 -9.39479e-03
6.71811e+01 1.92782e+00 -9.85611e-03
8.18899e+01 1.77175e+00 -1.15028e-02
1.00000e+02 1.53103e+00 -1.58172e-02
