1.00000e-06 1.00000e+00 -1.00000e-06
6.00000e-06 1.00000e+00 -6.00000e-06
3.10000e-05 1.00000e+00 -3.10000e-05
1.56000e-04 1.00000e+00 -1.56000e-04
7.81000e-04 1.00000e+00 -7.81000e-04
3.90600e-03 9.99992e-01 -3.90599e-03
1.95310e-02 9.99809e-01 -1.95300e-02
9.76560e-02 9.95233e-01 -9.76370e-02
4.88281e-01 8.74612e-01 -5.58813e-01
8.40739e-01 4.99304e-01 -1.97733e+00
1.03356e+00 -1.71655e-01 -5.78716e+00
1.13703e+00 -9.44651e-01 -8.69432e+00
1.44089e+00 -2.00617e+00 -7.31424e-02
1.80052e+00 -1.97628e+00 1.12461e-01
2.47732e+00 -1.89737e+00 1.20777e-01
4.13509e+00 -1.67425e+00 1.52212e-01
5.77726e+00 -1.36803e+00 2.40766e-01
6.50864e+00 -1.14810e+00 3.93119e-01
6.90066e+00 -9.48341e-01 6.85291e-01
7.17583e+00 -6.77937e-01 1.45349e+00
7.38723e+00 -1.65574e-01 4.01190e+00
7.52407e+00 6.68937e-01 8.38387e+00
7.70936e+00 1.90136e+00 2.37081e+00
7.99747e+00 2.01264e+00 -9.60099e-02
8.49395e+00 1.95783e+00 -1.14516e-01
9.43920e+00 1.84402e+00 -1.26956e-01
1.25560e+01 1.30461e+00 -2.72958e-01
1.32848e+01 1.03666e+00 -5.31771e-01
1.36116e+01 7.95840e-01 -1.06062e+00
1.38647e+01 3.50357e-01 -2.96609e+00
1.40224e+01 -4.12312e-01 -7.32012e+00
1.41247e+01 -1.27868e+00 -8.39183e+00
1.44150e+01 -2.01983e+00 -5.25323e-04
1.47688e+01 -1.98679e+00 1.11591e-01
1.54556e+01 -1.90742e+00 1.19685e-01
1.72242e+01 -1.67010e+00 1.52966e-01
1.89914e+01 -1.33001e+00 2.59186e-01
1.96890e+01 -1.09844e+00 4.48199e-01
2.00456e+01 -8.86135e-01 8.20653e-01
2.03052e+01 -5.65530e-01 1.90867e+00
2.04859e+01 -5.15987e-04 4.99634e+00
2.05088e+01 1.21853e-01 5.72558e+00
2.06231e+01 9.93454e-01 8.93788e+00
2.09640e+01 2.01954e+00 -3.06159e-02
2.13049e+01 1.98621e+00 -1.11660e-01
2.20008e+01 1.90571e+00 -1.19869e-01
2.38167e+01 1.66063e+00 -1.54718e-01
2.55699e+01 1.31753e+00 -2.65799e-01
2.62543e+01 1.08268e+00 -4.67837e-01
2.66009e+01 8.65561e-01 -8.70720e-01
2.68570e+01 5.23855e-01 -2.09586e+00
2.70301e+01 -6.86477e-02 -5.41023e+00
2.71392e+01 -8.61727e-01 -8.84243e+00
2.74465e+01 -2.01868e+00 -8.30521e-02
2.77539e+01 -1.99531e+00 1.10297e-01
2.84053e+01 -1.92076e+00 1.18268e-01
2.98902e+01 -1.72860e+00 1.43018e-01
3.22975e+01 -1.26217e+00 2.99007e-01
3.29274e+01 -1.00911e+00 5.75083e-01
3.32345e+01 -7.62462e-01 1.16273e+00
3.35214e+01 -1.22379e-01 4.26717e+00
3.36484e+01 6.73805e-01 8.39952e+00
3.38335e+01 1.90238e+00 2.35395e+00
3.41209e+01 2.01267e+00 -9.59220e-02
3.46179e+01 1.95781e+00 -1.14518e-01
3.55633e+01 1.84398e+00 -1.26962e-01
3.86751e+01 1.30588e+00 -2.72242e-01
3.94047e+01 1.03870e+00 -5.28708e-01
3.97325e+01 7.98817e-01 -1.05187e+00
3.99852e+01 3.59841e-01 -2.91522e+00
4.01428e+01 -3.88272e-01 -7.20033e+00
4.02519e+01 -1.30750e+00 -8.27112e+00
4.05450e+01 -2.01979e+00 1.15682e-02
4.09211e+01 -1.98359e+00 1.11957e-01
4.16277e+01 -1.90161e+00 1.20313e-01
4.35649e+01 -1.63622e+00 1.59433e-01
4.50357e+01 -1.35020e+00 2.49100e-01
4.56524e+01 -1.16423e+00 3.77278e-01
4.60510e+01 -9.71676e-01 6.40500e-01
4.63335e+01 -7.16532e-01 1.31505e+00
4.65630e+01 -2.03836e-01 3.78837e+00
4.67076e+01 6.51660e-01 8.32677e+00
4.68948e+01 1.90096e+00 2.37733e+00
4.71835e+01 2.01260e+00 -9.61087e-02
4.76799e+01 1.95779e+00 -1.14520e-01
4.86256e+01 1.84392e+00 -1.26969e-01
5.17301e+01 1.30775e+00 -2.71189e-01
5.24609e+01 1.04171e+00 -5.24242e-01
5.27902e+01 8.03179e-01 -1.03915e+00
5.30424e+01 3.73182e-01 -2.84423e+00
5.32003e+01 -3.56513e-01 -7.03787e+00
5.33091e+01 -1.26885e+00 -8.43001e+00
5.36026e+01 -2.01983e+00 3.52037e-03
5.39529e+01 -1.98696e+00 1.11571e-01
5.46394e+01 -1.90763e+00 1.19662e-01
5.64029e+01 -1.67115e+00 1.52774e-01
5.80937e+01 -1.35116e+00 2.48639e-01
5.88543e+01 -1.10743e+00 4.37483e-01
5.92221e+01 -8.93520e-01 8.03334e-01
5.94832e+01 -5.79923e-01 1.84625e+00
5.96668e+01 -2.36897e-02 4.85727e+00
5.97833e+01 7.68928e-01 8.66480e+00
6.00083e+01 1.98183e+00 9.32865e-01
6.02803e+01 2.00912e+00 -1.02723e-01
6.08742e+01 1.94253e+00 -1.16034e-01
6.20091e+01 1.80225e+00 -1.32301e-01
6.47837e+01 1.30999e+00 -2.69939e-01
6.54872e+01 1.05989e+00 -4.98225e-01
6.58232e+01 8.31988e-01 -9.58236e-01
6.60756e+01 4.49023e-01 -2.45448e+00
6.62387e+01 -2.01535e-01 -6.18876e+00
6.63421e+01 -1.01619e+00 -8.93400e+00
6.66724e+01 -2.01974e+00 1.79214e-02
6.70027e+01 -1.98830e+00 1.11404e-01
6.76868e+01 -1.90936e+00 1.19476e-01
6.94096e+01 -1.67954e+00 1.51262e-01
7.10407e+01 -1.37896e+00 2.35907e-01
7.17644e+01 -1.16863e+00 3.73118e-01
7.21717e+01 -9.73650e-01 6.36854e-01
7.24550e+01 -7.19466e-01 1.30491e+00
7.26863e+01 -2.05420e-01 3.77918e+00
7.28311e+01 6.49448e-01 8.31929e+00
7.30188e+01 1.90170e+00 2.36526e+00
7.33070e+01 2.01263e+00 -9.60506e-02
7.38038e+01 1.95777e+00 -1.14522e-01
7.47497e+01 1.84388e+00 -1.26974e-01
7.78499e+01 1.30881e+00 -2.70594e-01
7.85813e+01 1.04342e+00 -5.21727e-01
7.89116e+01 8.05646e-01 -1.03201e+00
7.91636e+01 3.80441e-01 -2.80589e+00
7.93216e+01 -3.40062e-01 -6.95196e+00
7.94307e+01 -1.25047e+00 -8.49745e+00
7.97250e+01 -2.01983e+00 7.70842e-04
8.00711e+01 -1.98757e+00 1.11495e-01
8.07542e+01 -1.90870e+00 1.19547e-01
8.24912e+01 -1.67654e+00 1.51799e-01
8.41067e+01 -1.37800e+00 2.36330e-01
8.48139e+01 -1.17322e+00 3.68851e-01
8.52242e+01 -9.79586e-01 6.26027e-01
8.55095e+01 -7.28935e-01 1.27257e+00
8.57474e+01 -2.08642e-01 3.76051e+00
8.58920e+01 6.41305e-01 8.29141e+00
8.60831e+01 1.90713e+00 2.27514e+00
8.63673e+01 2.01278e+00 -9.56454e-02
8.68672e+01 1.95759e+00 -1.14539e-01
8.78148e+01 1.84347e+00 -1.27024e-01
9.08775e+01 1.31800e+00 -2.65542e-01
9.16146e+01 1.05805e+00 -5.00784e-01
9.19526e+01 8.26527e-01 -9.73159e-01
9.22044e+01 4.36390e-01 -2.51767e+00
9.23662e+01 -2.25186e-01 -6.32340e+00
9.24693e+01 -1.04699e+00 -8.91857e+00
9.27906e+01 -2.01981e+00 8.02002e-03
9.31119e+01 -1.98992e+00 1.11189e-01
9.37885e+01 -1.91199e+00 1.19195e-01
9.54512e+01 -1.69188e+00 1.49095e-01
9.72427e+01 -1.36020e+00 2.44364e-01
9.77941e+01 -1.20226e+00 3.43468e-01
9.82353e+01 -1.00997e+00 5.73668e-01
9.85327e+01 -7.75236e-01 1.12279e+00
9.88069e+01 -2.17438e-01 3.70962e+00
9.89519e+01 6.25384e-01 8.23543e+00
9.91835e+01 1.97100e+00 1.14244e+00
9.94425e+01 2.01148e+00 -9.87628e-02
1.00000e+02 1.94944e+00 -1.15343e-01
