1.00000e-06 1.00000e+00 -1.00000e-06
6.00000e-06 1.00000e+00 -6.00000e-06
3.10000e-05 1.00000e+00 -3.10000e-05
1.56000e-04 1.00000e+00 -1.56000e-04
7.81000e-04 1.00000e+00 -7.81000e-04
3.90600e-03 9.99992e-01 -3.90599e-03
1.95310e-02 9.99809e-01 -1.95310e-02
9.76560e-02 9.95220e-01 -9.82991e-02
4.88281e-01 7.94818e-01 -1.83609e+00
5.06997e-01 7.55543e-01 -2.39905e+00
5.25713e-01 7.03111e-01 -3.27128e+00
5.44430e-01 6.29595e-01 -4.71319e+00
5.63146e-01 5.19714e-01 -7.29599e+00
5.81862e-01 3.41286e-01 -1.23752e+01
6.00578e-01 2.17619e-02 -2.30986e+01
6.17955e-01 -5.24129e-01 -4.05209e+01
6.46422e-01 -1.70120e+00 -2.59257e+01
6.94628e-01 -2.00163e+00 -2.25581e-01
7.57773e-01 -2.00275e+00 1.86872e-02
8.72165e-01 -2.00057e+00 1.90356e-02
1.15405e+00 -1.99520e+00 1.91213e-02
2.37716e+00 -1.97158e+00 1.95079e-02
7.02134e+00 -1.87712e+00 2.12474e-02
1.71932e+01 -1.63164e+00 2.80272e-02
2.03155e+01 -1.53819e+00 3.21378e-02
2.67446e+01 -1.27375e+00 5.79705e-02
2.86607e+01 -1.12813e+00 1.10406e-01
2.92286e+01 -1.04568e+00 2.05008e-01
2.94815e+01 -9.74297e-01 4.10286e-01
2.96291e+01 -8.82095e-01 9.92789e-01
2.97279e+01 -7.02859e-01 3.38964e+00
2.97758e+01 -4.21291e-01 1.00941e+01
2.98006e+01 -4.06737e-02 2.25505e+01
2.98190e+01 5.31958e-01 4.08316e+01
2.98470e+01 1.69671e+00 2.63356e+01
2.98959e+01 2.00282e+00 2.12680e-01
2.99588e+01 2.00381e+00 -1.86840e-02
3.00734e+01 2.00164e+00 -1.90188e-02
3.03570e+01 1.99623e+00 -1.91047e-02
3.15848e+01 1.97254e+00 -1.94917e-02
3.63457e+01 1.87570e+00 -2.12764e-02
4.67078e+01 1.62440e+00 -2.83039e-02
4.98866e+01 1.52802e+00 -3.26690e-02
5.64041e+01 1.24949e+00 -6.29004e-02
5.81312e+01 1.10261e+00 -1.30384e-01
5.86196e+01 1.01404e+00 -2.75748e-01
5.88217e+01 9.32652e-01 -6.21749e-01
5.89418e+01 8.08816e-01 -1.77024e+00
5.90160e+01 5.58424e-01 -6.44526e+00
5.90489e+01 2.15029e-01 -1.65621e+01
5.90689e+01 -2.62827e-01 -3.29593e+01
5.90885e+01 -1.09021e+00 -4.69994e+01
5.91380e+01 -1.99455e+00 -1.10924e+00
5.91923e+01 -2.00423e+00 1.52752e-02
5.92945e+01 -2.00233e+00 1.90079e-02
5.95030e+01 -1.99836e+00 1.90708e-02
6.02865e+01 -1.98332e+00 1.93135e-02
6.29311e+01 -1.93108e+00 2.02131e-02
6.95835e+01 -1.78724e+00 2.32645e-02
8.18965e+01 -1.43021e+00 3.89996e-02
8.51190e+01 -1.28177e+00 5.65173e-02
8.61740e+01 -1.21516e+00 7.16018e-02
8.66328e+01 -1.17977e+00 8.36051e-02
8.80240e+01 -9.62072e-01 4.64165e-01
8.80796e+01 -9.32195e-01 6.24473e-01
8.81353e+01 -8.90033e-01 9.25707e-01
8.81909e+01 -8.22514e-01 1.60312e+00
8.82466e+01 -6.88104e-01 3.65914e+00
8.82863e+01 -4.59092e-01 9.02576e+00
8.83112e+01 -1.22576e-01 1.97043e+01
8.83296e+01 3.82555e-01 3.67073e+01
8.83451e+01 1.06075e+00 4.71616e+01
8.83945e+01 1.99374e+00 1.19541e+00
8.84491e+01 2.00424e+00 -1.51111e-02
8.85511e+01 2.00234e+00 -1.90077e-02
8.87584e+01 1.99839e+00 -1.90703e-02
8.95340e+01 1.98351e+00 -1.93104e-02
9.21563e+01 1.93173e+00 -2.02014e-02
9.87663e+01 1.78897e+00 -2.32216e-02
1.00000e+02 1.75987e+00 -2.39678e-02
