1.00000e-06 1.00000e+00 -1.00000e-06
6.00000e-06 1.00000e+00 -6.00000e-06
3.10000e-05 1.00000e+00 -3.10000e-05
1.56000e-04 1.00000e+00 -1.56000e-04
7.81000e-04 1.00000e+00 -7.81000e-04
3.90600e-03 9.99992e-01 -3.90599e-03
1.95310e-02 9.99809e-01 -1.95311e-02
9.76560e-02 9.95219e-01 -9.83450e-02
4.88281e-01 7.84517e-01 -2.05746e+00
5.05933e-01 7.42810e-01 -2.71395e+00
5.23585e-01 6.86532e-01 -3.74480e+00
5.41236e-01 6.06550e-01 -5.47697e+00
5.58888e-01 4.84933e-01 -8.64077e+00
5.76540e-01 2.83231e-01 -1.49845e+01
5.94192e-01 -8.50458e-02 -2.83250e+01
6.10762e-01 -7.12077e-01 -4.70735e+01
6.44125e-01 -1.89682e+00 -1.11439e+01
6.85415e-01 -2.00246e+00 -1.10648e-01
7.58935e-01 -2.00229e+00 1.79457e-02
8.83315e-01 -2.00005e+00 1.80148e-02
1.39932e+00 -1.99072e+00 1.81561e-02
3.37770e+00 -1.95424e+00 1.87329e-02
8.83931e+00 -1.84684e+00 2.06996e-02
2.04030e+01 -1.56803e+00 2.90291e-02
2.40821e+01 -1.45070e+00 3.54383e-02
2.73515e+01 -1.31740e+00 4.81709e-02
2.84404e+01 -1.26039e+00 5.73635e-02
3.05846e+01 -1.08435e+00 1.42452e-01
3.10758e+01 -9.74439e-01 4.06011e-01
3.12383e+01 -8.65447e-01 1.17289e+00
3.13288e+01 -6.63242e-01 4.32922e+00
3.13693e+01 -3.64461e-01 1.24047e+01
3.13910e+01 3.71159e-02 2.66695e+01
3.14082e+01 6.63432e-01 4.62369e+01
3.14391e+01 1.85194e+00 1.54351e+01
3.14859e+01 2.00365e+00 8.37797e-02
3.15565e+01 2.00330e+00 -1.79276e-02
3.16803e+01 2.00107e+00 -1.79995e-02
3.21284e+01 1.99298e+00 -1.81216e-02
3.39969e+01 1.95862e+00 -1.86614e-02
3.92496e+01 1.85598e+00 -2.05142e-02
5.05751e+01 1.58753e+00 -2.82028e-02
5.40924e+01 1.47978e+00 -3.35692e-02
6.01558e+01 1.20590e+00 -7.04994e-02
6.15745e+01 1.06329e+00 -1.69224e-01
6.19571e+01 9.62559e-01 -4.59907e-01
6.21018e+01 8.53479e-01 -1.29695e+00
6.21909e+01 6.23831e-01 -5.18871e+00
6.22280e+01 2.97043e-01 -1.46270e+01
6.22484e+01 -1.41568e-01 -3.04995e+01
6.22672e+01 -9.13699e-01 -4.96862e+01
6.23146e+01 -1.99013e+00 -1.62907e+00
6.23658e+01 -2.00405e+00 1.24091e-02
6.24619e+01 -2.00237e+00 1.79800e-02
6.26520e+01 -1.99895e+00 1.80314e-02
6.33453e+01 -1.98638e+00 1.82226e-02
6.57696e+01 -1.94135e+00 1.89468e-02
7.21127e+01 -1.81389e+00 2.14004e-02
8.46100e+01 -1.49095e+00 3.29076e-02
8.76880e+01 -1.37833e+00 4.12822e-02
9.01164e+01 -1.26220e+00 5.70146e-02
9.09781e+01 -1.20811e+00 6.98494e-02
9.19037e+01 -1.13096e+00 1.03231e-01
9.23404e+01 -1.07729e+00 1.50629e-01
9.26497e+01 -1.01744e+00 2.60028e-01
9.28371e+01 -9.49662e-01 5.25957e-01
9.29625e+01 -8.44109e-01 1.39977e+00
9.30541e+01 -5.69399e-01 6.49091e+00
9.30886e+01 -1.84389e-01 1.85510e+01
9.31081e+01 3.42082e-01 3.74584e+01
9.31240e+01 1.06516e+00 4.97904e+01
9.31707e+01 1.99346e+00 1.25920e+00
9.32221e+01 2.00402e+00 -1.37675e-02
9.33183e+01 2.00232e+00 -1.79807e-02
9.35127e+01 1.99882e+00 -1.80333e-02
9.42345e+01 1.98574e+00 -1.82325e-02
9.67391e+01 1.93915e+00 -1.89837e-02
1.00000e+02 1.87543e+00 -2.01318e-02
