1.00000e-06 1.00000e+00 -1.00000e-06
6.00000e-06 1.00000e+00 -6.00000e-06
3.10000e-05 1.00000e+00 -3.10000e-05
1.56000e-04 1.00000e+00 -1.56000e-04
7.81000e-04 1.00000e+00 -7.81000e-04
3.90600e-03 9.99992e-01 -3.90599e-03
1.95310e-02 9.99809e-01 -1.95306e-02
9.76560e-02 9.95226e-01 -9.80014e-02
4.88281e-01 8.41937e-01 -9.86793e-01
6.30544e-01 5.45049e-01 -4.43299e+00
6.88517e-01 9.30116e-02 -1.32172e+01
7.24018e-01 -6.06528e-01 -2.69572e+01
7.69076e-01 -1.75238e+00 -1.42841e+01
8.45343e-01 -2.00427e+00 -9.63628e-02
9.55064e-01 -2.00286e+00 3.01329e-02
1.15241e+00 -1.99688e+00 3.03703e-02
1.71053e+00 -1.97981e+00 3.08102e-02
3.68917e+00 -1.91717e+00 3.25542e-02
9.69477e+00 -1.69980e+00 4.08465e-02
1.44239e+01 -1.47562e+00 5.67405e-02
1.58947e+01 -1.38461e+00 6.81074e-02
1.82263e+01 -1.17621e+00 1.30571e-01
1.88821e+01 -1.06435e+00 2.38736e-01
1.91743e+01 -9.69537e-01 4.64504e-01
1.93482e+01 -8.48696e-01 1.08213e+00
1.94700e+01 -6.10591e-01 3.59869e+00
1.95304e+01 -2.41302e-01 1.01844e+01
1.95651e+01 2.85473e-01 2.15001e+01
1.95972e+01 1.15938e+00 2.94460e+01
1.96760e+01 1.99990e+00 5.67358e-01
1.97765e+01 2.00586e+00 -2.94023e-02
1.99491e+01 2.00066e+00 -3.02749e-02
2.03451e+01 1.98861e+00 -3.05817e-02
2.18129e+01 1.94283e+00 -3.18135e-02
2.57664e+01 1.80907e+00 -3.61541e-02
3.34951e+01 1.46705e+00 -5.76327e-02
3.56003e+01 1.32753e+00 -7.81996e-02
3.64970e+01 1.24933e+00 -9.86083e-02
3.69602e+01 1.19948e+00 -1.18432e-01
3.72843e+01 1.15760e+00 -1.42070e-01
3.75458e+01 1.11656e+00 -1.74943e-01
3.77954e+01 1.06624e+00 -2.35859e-01
3.80451e+01 9.91168e-01 -3.96525e-01
3.82307e+01 8.85736e-01 -8.46556e-01
3.83625e+01 6.96745e-01 -2.49547e+00
3.84369e+01 3.71262e-01 -7.59291e+00
3.84761e+01 -8.61663e-02 -1.72832e+01
3.85104e+01 -9.18831e-01 -2.99019e+01
3.85913e+01 -1.99575e+00 -8.51924e-01
3.86846e+01 -2.00624e+00 2.83503e-02
3.88516e+01 -2.00123e+00 3.02606e-02
3.92103e+01 -1.99032e+00 3.05376e-02
4.06502e+01 -1.94550e+00 3.17386e-02
4.45373e+01 -1.81449e+00 3.59523e-02
5.21885e+01 -1.48003e+00 5.62934e-02
5.42880e+01 -1.34537e+00 7.47153e-02
5.52387e+01 -1.26654e+00 9.32218e-02
5.57505e+01 -1.21454e+00 1.11664e-01
5.65943e+01 -1.09278e+00 2.00273e-01
5.69536e+01 -9.96102e-01 3.82558e-01
5.71492e+01 -8.88039e-01 8.33311e-01
5.72819e+01 -7.01299e-01 2.44295e+00
5.73573e+01 -3.77346e-01 7.47750e+00
5.73969e+01 7.78357e-02 1.71012e+01
5.74320e+01 9.27802e-01 2.99308e+01
5.75131e+01 1.99623e+00 8.19631e-01
5.76070e+01 2.00621e+00 -2.84868e-02
5.77743e+01 2.00118e+00 -3.02617e-02
5.81359e+01 1.99019e+00 -3.05411e-02
5.95696e+01 1.94556e+00 -3.17370e-02
6.34407e+01 1.81513e+00 -3.59286e-02
7.10726e+01 1.48211e+00 -5.60846e-02
7.31701e+01 1.34828e+00 -7.41783e-02
7.41160e+01 1.27061e+00 -9.20345e-02
7.46201e+01 1.22024e+00 -1.09297e-01
7.56058e+01 1.07364e+00 -2.25058e-01
7.59731e+01 9.52175e-01 -5.27543e-01
7.61411e+01 8.13526e-01 -1.34559e+00
7.62602e+01 4.94192e-01 -5.38990e+00
7.63113e+01 3.08634e-02 -1.47136e+01
7.63444e+01 -6.70664e-01 -2.79255e+01
7.63939e+01 -1.83848e+00 -1.01934e+01
7.64880e+01 -2.00708e+00 6.02504e-03
7.66144e+01 -2.00364e+00 3.01947e-02
7.68541e+01 -1.99637e+00 3.03832e-02
7.75944e+01 -1.97366e+00 3.09720e-02
8.01015e+01 -1.89323e+00 3.32809e-02
8.61207e+01 -1.66896e+00 4.24314e-02
8.82523e+01 -1.57259e+00 4.84190e-02
9.26018e+01 -1.30845e+00 8.23259e-02
9.40042e+01 -1.16375e+00 1.38076e-01
9.45514e+01 -1.06806e+00 2.33140e-01
9.48354e+01 -9.80201e-01 4.29584e-01
9.50155e+01 -8.66712e-01 9.62219e-01
9.51416e+01 -6.54790e-01 3.00721e+00
9.52081e+01 -3.10132e-01 8.78380e+00
9.52448e+01 1.75893e-01 1.92213e+01
9.52754e+01 9.54057e-01 2.99961e+01
9.53672e+01 2.00275e+00 3.66242e-01
9.54590e+01 2.00593e+00 -2.92660e-02
9.56315e+01 2.00074e+00 -3.02729e-02
9.60223e+01 1.98885e+00 -3.05755e-02
9.74794e+01 1.94342e+00 -3.17970e-02
1.00000e+02 1.86020e+00 -3.43459e-02
