1.00000e-06 1.00000e+00 -1.00000e-06
6.00000e-06 1.00000e+00 -6.00000e-06
3.10000e-05 1.00000e+00 -3.10000e-05
1.56000e-04 1.00000e+00 -1.56000e-04
7.81000e-04 1.00000e+00 -7.81000e-04
3.90600e-03 9.99992e-01 -3.90599e-03
1.95310e-02 9.99809e-01 -1.95307e-02
9.76560e-02 9.95224e-01 -9.80699e-02
4.88281e-01 8.33352e-01 -1.12128e+00
6.16313e-01 5.16640e-01 -5.45708e+00
6.66606e-01 2.81708e-02 -1.65358e+01
6.93476e-01 -5.94716e-01 -3.03481e+01
7.33823e-01 -1.75526e+00 -1.59997e+01
7.99909e-01 -2.00347e+00 -1.26686e-01
8.95609e-01 -2.00296e+00 2.64808e-02
1.06626e+00 -1.99842e+00 2.66940e-02
1.53244e+00 -1.98591e+00 2.69757e-02
3.26175e+00 -1.93830e+00 2.81117e-02
9.48389e+00 -1.74685e+00 3.40347e-02
2.00194e+01 -1.22722e+00 9.41539e-02
2.04409e+01 -1.18401e+00 1.12344e-01
2.07557e+01 -1.14539e+00 1.34919e-01
2.10097e+01 -1.10750e+00 1.66402e-01
2.12513e+01 -1.06114e+00 2.24755e-01
2.14930e+01 -9.91733e-01 3.79861e-01
2.16712e+01 -8.94467e-01 8.16026e-01
2.17966e+01 -7.20879e-01 2.41710e+00
2.18673e+01 -4.18474e-01 7.50838e+00
2.19035e+01 1.95981e-03 1.74171e+01
2.19311e+01 6.79237e-01 3.17291e+01
2.19760e+01 1.85355e+00 1.05693e+01
2.20469e+01 2.00608e+00 3.43370e-02
2.21547e+01 2.00402e+00 -2.65524e-02
2.23481e+01 1.99887e+00 -2.66839e-02
2.29500e+01 1.98270e+00 -2.70490e-02
2.53471e+01 1.91596e+00 -2.86825e-02
3.11722e+01 1.73349e+00 -3.45561e-02
4.11863e+01 1.23937e+00 -9.02003e-02
4.20793e+01 1.14195e+00 -1.37338e-01
4.25020e+01 1.07148e+00 -2.09310e-01
4.27821e+01 9.95188e-01 -3.69576e-01
4.29650e+01 8.98130e-01 -7.93940e-01
4.30918e+01 7.28340e-01 -2.32624e+00
4.31643e+01 4.28436e-01 -7.30342e+00
4.32011e+01 1.13032e-02 -1.70856e+01
4.32287e+01 -6.52948e-01 -3.13641e+01
4.32718e+01 -1.82459e+00 -1.22990e+01
4.33426e+01 -2.00597e+00 -4.78868e-02
4.34466e+01 -2.00419e+00 2.65376e-02
4.36336e+01 -1.99921e+00 2.66763e-02
4.42467e+01 -1.98274e+00 2.70480e-02
4.66012e+01 -1.91723e+00 2.86494e-02
5.23708e+01 -1.73694e+00 3.44200e-02
6.23235e+01 -1.25356e+00 8.59336e-02
6.35839e+01 -1.11118e+00 1.62821e-01
6.40590e+01 -1.00280e+00 3.47973e-01
6.42624e+01 -8.98744e-01 7.90284e-01
6.43899e+01 -7.28554e-01 2.32366e+00
6.44626e+01 -4.27692e-01 7.31866e+00
6.44993e+01 -9.54835e-03 1.71294e+01
6.45270e+01 6.58114e-01 3.14376e+01
6.45705e+01 1.83014e+00 1.19736e+01
6.46434e+01 2.00607e+00 3.44020e-02
6.47489e+01 2.00408e+00 -2.65476e-02
6.49400e+01 1.99899e+00 -2.66812e-02
6.55404e+01 1.98286e+00 -2.70452e-02
6.79455e+01 1.91591e+00 -2.86839e-02
7.37813e+01 1.73306e+00 -3.45733e-02
8.38076e+01 1.23713e+00 -9.09152e-02
8.46458e+01 1.14604e+00 -1.34472e-01
8.50579e+01 1.07975e+00 -1.98064e-01
8.53605e+01 1.00172e+00 -3.50948e-01
8.55499e+01 9.07135e-01 -7.41640e-01
8.56802e+01 7.46435e-01 -2.11383e+00
8.57576e+01 4.51615e-01 -6.83473e+00
8.57959e+01 4.09398e-02 -1.63452e+01
8.58235e+01 -5.98141e-01 -3.05315e+01
8.58636e+01 -1.75706e+00 -1.60340e+01
8.59296e+01 -2.00518e+00 -1.26103e-01
8.60252e+01 -2.00467e+00 2.64442e-02
8.61955e+01 -2.00014e+00 2.66558e-02
8.66614e+01 -1.98765e+00 2.69359e-02
8.83912e+01 -1.94010e+00 2.80667e-02
9.47932e+01 -1.74291e+00 3.41867e-02
1.00000e+02 -1.54144e+00 4.47166e-02
