1.00000e-06 1.00000e+00 -1.00000e-06
6.00000e-06 1.00000e+00 -6.00000e-06
3.10000e-05 1.00000e+00 -3.10000e-05
1.56000e-04 1.00000e+00 -1.56000e-04
7.81000e-04 1.00000e+00 -7.81000e-04
3.90600e-03 9.99992e-01 -3.90599e-03
1.95310e-02 9.99809e-01 -1.95311e-02
9.76560e-02 9.95219e-01 -9.83680e-02
4.88281e-01 7.78923e-01 -2.18296e+00
5.05429e-01 7.35827e-01 -2.89398e+00
5.22576e-01 6.77344e-01 -4.01830e+00
5.39724e-01 5.93632e-01 -5.92379e+00
5.56872e-01 4.65184e-01 -9.43923e+00
5.74019e-01 2.49825e-01 -1.65516e+01
5.90945e-01 -1.39744e-01 -3.11245e+01
6.07382e-01 -8.16061e-01 -4.99678e+01
6.45130e-01 -1.95595e+00 -5.32433e+00
6.85532e-01 -2.00289e+00 -3.80941e-02
7.64770e-01 -2.00199e+00 1.75061e-02
9.01861e-01 -1.99959e+00 1.75476e-02
1.32620e+00 -1.99212e+00 1.76576e-02
3.16157e+00 -1.95926e+00 1.81605e-02
8.37599e+00 -1.86027e+00 1.98912e-02
1.98711e+01 -1.59711e+00 2.70848e-02
2.33911e+01 -1.49409e+00 3.18681e-02
3.02158e+01 -1.19498e+00 7.20425e-02
3.16925e+01 -1.02869e+00 2.29284e-01
3.20190e+01 -8.83596e-01 1.01064e+00
3.21201e+01 -6.82199e-01 4.02848e+00
3.21630e+01 -3.77242e-01 1.22993e+01
3.21848e+01 2.50834e-02 2.69118e+01
3.22017e+01 6.46314e-01 4.70939e+01
3.22311e+01 1.83446e+00 1.74278e+01
3.22795e+01 2.00366e+00 6.77703e-02
3.23477e+01 2.00321e+00 -1.74605e-02
3.24694e+01 2.00108e+00 -1.75259e-02
3.29055e+01 1.99341e+00 -1.76385e-02
3.47447e+01 1.96052e+00 -1.81406e-02
3.99690e+01 1.86145e+00 -1.98683e-02
5.14966e+01 1.59785e+00 -2.70564e-02
5.50256e+01 1.49467e+00 -3.18362e-02
6.18580e+01 1.19572e+00 -7.18055e-02
6.33394e+01 1.02996e+00 -2.26431e-01
6.36682e+01 8.86897e-01 -9.80567e-01
6.37705e+01 6.90285e-01 -3.86450e+00
6.38145e+01 3.89387e-01 -1.19052e+01
6.38367e+01 -7.46898e-03 -2.62427e+01
6.38535e+01 -6.14390e-01 -4.63633e+01
6.38817e+01 -1.79893e+00 -2.05374e+01
6.39242e+01 -2.00272e+00 -1.90544e-01
6.39878e+01 -2.00342e+00 1.73499e-02
6.40981e+01 -2.00150e+00 1.75198e-02
6.43909e+01 -1.99635e+00 1.75951e-02
6.56727e+01 -1.97358e+00 1.79373e-02
7.00285e+01 -1.89263e+00 1.92858e-02
8.02706e+01 -1.67185e+00 2.44983e-02
8.84656e+01 -1.43458e+00 3.56186e-02
9.07725e+01 -1.34411e+00 4.36911e-02
9.36717e+01 -1.18382e+00 7.58312e-02
9.45926e+01 -1.09598e+00 1.27606e-01
9.49946e+01 -1.02936e+00 2.27784e-01
9.52040e+01 -9.63603e-01 4.53946e-01
9.53375e+01 -8.69142e-01 1.14980e+00
9.54292e+01 -6.64745e-01 4.39367e+00
9.54691e+01 -3.63543e-01 1.27488e+01
9.54903e+01 3.85317e-02 2.74223e+01
9.55071e+01 6.66209e-01 4.75240e+01
9.55373e+01 1.85496e+00 1.55539e+01
9.55820e+01 2.00345e+00 9.64079e-02
9.56504e+01 2.00325e+00 -1.74497e-02
9.57697e+01 2.00116e+00 -1.75247e-02
9.61588e+01 1.99432e+00 -1.76250e-02
9.81041e+01 1.95953e+00 -1.81562e-02
1.00000e+02 1.92457e+00 -1.87273e-02
