1.00000e-06 1.00000e+00 -1.00000e-06
6.00000e-06 1.00000e+00 -6.00000e-06
3.10000e-05 1.00000e+00 -3.10000e-05
1.56000e-04 1.00000e+00 -1.56000e-04
7.81000e-04 1.00000e+00 -7.81000e-04
3.90600e-03 9.99992e-01 -3.90599e-03
1.95310e-02 9.99809e-01 -1.95306e-02
9.76560e-02 9.95225e-01 -9.80471e-02
4.88281e-01 8.36332e-01 -1.07357e+00
6.20783e-01 5.27059e-01 -5.08318e+00
6.73147e-01 5.71570e-02 -1.52086e+01
7.02720e-01 -5.87632e-01 -2.90519e+01
7.43839e-01 -1.73770e+00 -1.62498e+01
8.13672e-01 -2.00368e+00 -1.20731e-01
9.12018e-01 -2.00300e+00 2.75798e-02
1.08918e+00 -1.99809e+00 2.78132e-02
1.56972e+00 -1.98465e+00 2.81289e-02
3.32319e+00 -1.93425e+00 2.93880e-02
8.68940e+00 -1.76333e+00 3.48055e-02
1.81634e+01 -1.32042e+00 7.31813e-02
2.02810e+01 -1.09850e+00 1.81333e-01
2.07727e+01 -9.60868e-01 4.88924e-01
2.09490e+01 -8.22305e-01 1.32483e+00
2.10593e+01 -5.40525e-01 4.98123e+00
2.11082e+01 -1.32626e-01 1.35442e+01
2.11389e+01 4.74486e-01 2.72375e+01
2.11789e+01 1.64886e+00 2.03710e+01
2.12554e+01 2.00568e+00 1.02767e-01
2.13464e+01 2.00496e+00 -2.74786e-02
2.15199e+01 2.00015e+00 -2.77654e-02
2.19725e+01 1.98752e+00 -2.80608e-02
2.36279e+01 1.94012e+00 -2.92349e-02
2.84281e+01 1.78962e+00 -3.38290e-02
3.72570e+01 1.41243e+00 -5.88446e-02
3.96458e+01 1.24013e+00 -9.36725e-02
4.04569e+01 1.14988e+00 -1.36687e-01
4.08408e+01 1.08823e+00 -1.93176e-01
4.11626e+01 1.00750e+00 -3.40705e-01
4.13600e+01 9.12622e-01 -7.07844e-01
4.14956e+01 7.55135e-01 -1.96643e+00
4.15790e+01 4.56546e-01 -6.50199e+00
4.16196e+01 3.89501e-02 -1.57748e+01
4.16489e+01 -6.19717e-01 -2.96708e+01
4.16916e+01 -1.78137e+00 -1.41785e+01
4.17606e+01 -2.00571e+00 -9.97428e-02
4.18631e+01 -2.00463e+00 2.75874e-02
4.20452e+01 -1.99958e+00 2.77785e-02
4.25714e+01 -1.98488e+00 2.81234e-02
4.45173e+01 -1.92882e+00 2.95312e-02
5.00446e+01 -1.75123e+00 3.52765e-02
5.96928e+01 -1.28021e+00 8.21059e-02
6.16490e+01 -1.01371e+00 3.24964e-01
6.20402e+01 -6.56217e-01 3.18436e+00
6.20578e+01 -5.92594e-01 4.12644e+00
6.20753e+01 -5.08658e-01 5.53866e+00
6.20929e+01 -3.93606e-01 7.74287e+00
6.21104e+01 -2.29003e-01 1.13071e+01
6.21280e+01 1.63216e-02 1.71008e+01
6.21455e+01 3.87448e-01 2.55393e+01
6.22015e+01 1.84227e+00 1.08328e+01
6.22700e+01 2.00607e+00 6.51654e-02
6.23787e+01 2.00434e+00 -2.76340e-02
6.25704e+01 1.99902e+00 -2.77915e-02
6.32792e+01 1.97916e+00 -2.82600e-02
6.56898e+01 1.90893e+00 -3.00695e-02
7.15339e+01 1.71581e+00 -3.67417e-02
7.92013e+01 1.35383e+00 -6.71777e-02
8.13377e+01 1.16682e+00 -1.25994e-01
8.19650e+01 1.06442e+00 -2.25618e-01
8.22533e+01 9.76609e-01 -4.32494e-01
8.24261e+01 8.65667e-01 -9.93627e-01
8.25454e+01 6.55338e-01 -3.19659e+00
8.26066e+01 3.19054e-01 -9.30727e+00
8.26401e+01 -1.50779e-01 -2.02999e+01
8.26694e+01 -9.50491e-01 -3.26356e+01
8.27536e+01 -2.00192e+00 -4.07988e-01
8.28379e+01 -2.00559e+00 2.66776e-02
8.29950e+01 -2.00125e+00 2.77399e-02
8.33487e+01 -1.99140e+00 2.79692e-02
8.47345e+01 -1.95199e+00 2.89306e-02
8.86268e+01 -1.83314e+00 3.23406e-02
9.63789e+01 -1.53721e+00 4.68849e-02
1.00000e+02 -1.33359e+00 7.06872e-02
