1.00000e-06 1.00000e+00 -1.00000e-06
6.00000e-06 1.00000e+00 -6.00000e-06
3.10000e-05 1.00000e+00 -3.10000e-05
1.56000e-04 1.00000e+00 -1.56000e-04
7.81000e-04 1.00000e+00 -7.81000e-04
3.90600e-03 9.99992e-01 -3.90599e-03
1.95310e-02 9.99809e-01 -1.95304e-02
9.76560e-02 9.95227e-01 -9.79101e-02
4.88281e-01 8.51910e-01 -8.42036e-01
6.54382e-01 5.70376e-01 -3.43689e+00
7.27980e-01 1.22207e-01 -1.04300e+01
7.74823e-01 -6.31056e-01 -2.24603e+01
8.31111e-01 -1.78213e+00 -1.06558e+01
9.25603e-01 -2.00564e+00 -4.68394e-02
1.06608e+00 -2.00199e+00 3.69143e-02
1.31990e+00 -1.99258e+00 3.72460e-02
2.21923e+00 -1.95859e+00 3.83414e-02
5.02020e+00 -1.84561e+00 4.25695e-02
1.21558e+01 -1.46957e+00 6.99769e-02
1.41135e+01 -1.30867e+00 9.99094e-02
1.48281e+01 -1.22854e+00 1.27814e-01
1.51981e+01 -1.17658e+00 1.55632e-01
1.54841e+01 -1.12710e+00 1.94179e-01
1.57515e+01 -1.06676e+00 2.66791e-01
1.60158e+01 -9.75159e-01 4.66836e-01
1.62048e+01 -8.46470e-01 1.03214e+00
1.63419e+01 -5.98159e-01 3.24902e+00
1.64135e+01 -2.02700e-01 9.16427e+00
1.64564e+01 3.83949e-01 1.93321e+01
1.65101e+01 1.58738e+00 1.72811e+01
1.66042e+01 2.00703e+00 1.45462e-01
1.67179e+01 2.00618e+00 -3.64603e-02
1.69398e+01 1.99799e+00 -3.70781e-02
1.74798e+01 1.97779e+00 -3.77138e-02
1.92662e+01 1.90836e+00 -4.01000e-02
2.35894e+01 1.71815e+00 -4.88197e-02
2.77271e+01 1.48300e+00 -6.83162e-02
2.90182e+01 1.38650e+00 -8.26055e-02
3.10701e+01 1.15940e+00 -1.67401e-01
3.16408e+01 1.03007e+00 -3.31123e-01
3.18911e+01 9.13144e-01 -6.91544e-01
3.20498e+01 7.37975e-01 -1.82083e+00
3.21534e+01 3.93813e-01 -6.03292e+00
3.22051e+01 -1.00530e-01 -1.45680e+01
3.22418e+01 -8.24206e-01 -2.42250e+01
3.23249e+01 -1.97421e+00 -1.98505e+00
3.24161e+01 -2.00840e+00 2.23189e-02
3.26023e+01 -2.00180e+00 3.69601e-02
3.29475e+01 -1.98897e+00 3.73589e-02
3.41123e+01 -1.94463e+00 3.88129e-02
3.72596e+01 -1.81499e+00 4.39034e-02
4.51802e+01 -1.35247e+00 8.93264e-02
4.69901e+01 -1.13190e+00 1.89762e-01
4.74968e+01 -9.96953e-01 4.06604e-01
4.77150e+01 -8.66719e-01 9.17274e-01
4.78570e+01 -6.45386e-01 2.71783e+00
4.79361e+01 -2.74918e-01 7.93702e+00
4.79807e+01 2.61947e-01 1.73699e+01
4.80176e+01 1.07649e+00 2.46309e+01
4.81185e+01 2.00271e+00 4.13705e-01
4.82242e+01 2.00707e+00 -3.53893e-02
4.84332e+01 1.99938e+00 -3.70350e-02
4.88895e+01 1.98236e+00 -3.75679e-02
5.04786e+01 1.92106e+00 -3.96385e-02
5.44079e+01 1.75225e+00 -4.69528e-02
6.01715e+01 1.41669e+00 -7.74789e-02
6.18322e+01 1.26374e+00 -1.13845e-01
6.24494e+01 1.18351e+00 -1.51301e-01
6.28094e+01 1.12143e+00 -1.99622e-01
6.31021e+01 1.05169e+00 -2.91035e-01
6.33494e+01 9.56796e-01 -5.24800e-01
6.35278e+01 8.16723e-01 -1.21933e+00
6.36618e+01 5.09819e-01 -4.36313e+00
6.37246e+01 5.08273e-02 -1.18507e+01
6.37675e+01 -6.98018e-01 -2.32765e+01
6.38299e+01 -1.86670e+00 -7.23927e+00
6.39255e+01 -2.00860e+00 -1.00857e-02
6.40793e+01 -2.00379e+00 3.68889e-02
6.43569e+01 -1.99351e+00 3.72170e-02
6.52100e+01 -1.96132e+00 3.82509e-02
6.80255e+01 -1.84802e+00 4.24685e-02
7.54253e+01 -1.45486e+00 7.19015e-02
7.74685e+01 -1.27813e+00 1.08970e-01
7.81835e+01 -1.18821e+00 1.48484e-01
7.85570e+01 -1.12496e+00 1.96204e-01
7.88530e+01 -1.05588e+00 2.84008e-01
7.91049e+01 -9.61957e-01 5.07814e-01
7.92862e+01 -8.25247e-01 1.16344e+00
7.94202e+01 -5.39295e-01 3.97488e+00
7.94853e+01 -1.04679e-01 1.08871e+01
7.95297e+01 6.22572e-01 2.25133e+01
7.95855e+01 1.77713e+00 1.09977e+01
7.96793e+01 2.00826e+00 5.19761e-02
7.98181e+01 2.00477e+00 -3.68239e-02
8.00690e+01 1.99549e+00 -3.71553e-02
8.08890e+01 1.96462e+00 -3.81419e-02
8.38101e+01 1.84721e+00 -4.25024e-02
9.15086e+01 1.43149e+00 -7.52072e-02
9.32069e+01 1.28107e+00 -1.08025e-01
9.38382e+01 1.20416e+00 -1.39603e-01
9.41938e+01 1.14882e+00 -1.75448e-01
9.44772e+01 1.09204e+00 -2.32090e-01
9.47605e+01 1.00971e+00 -3.75355e-01
9.49724e+01 8.99211e-01 -7.53886e-01
9.51248e+01 7.12790e-01 -2.04507e+00
9.52195e+01 3.67670e-01 -6.43684e+00
9.52689e+01 -1.27740e-01 -1.50511e+01
9.53055e+01 -8.67029e-01 -2.44430e+01
9.54031e+01 -1.99560e+00 -8.20892e-01
9.55177e+01 -2.00717e+00 3.51417e-02
9.57239e+01 -1.99959e+00 3.70284e-02
9.61687e+01 -1.98301e+00 3.75473e-02
9.77382e+01 -1.92252e+00 3.95862e-02
1.00000e+02 -1.82901e+00 4.32814e-02
