1.00000e-06 1.00000e+00 -1.00000e-06
6.00000e-06 1.00000e+00 -6.00000e-06
3.10000e-05 1.00000e+00 -3.10000e-05
1.56000e-04 1.00000e+00 -1.56000e-04
7.81000e-04 1.00000e+00 -7.81000e-04
3.90600e-03 9.99992e-01 -3.90599e-03
1.95310e-02 9.99809e-01 -1.95303e-02
9.76560e-02 9.95228e-01 -9.78645e-02
4.88281e-01 8.56365e-01 -7.81368e-01
6.69337e-01 5.77674e-01 -3.05456e+00
7.53264e-01 1.20909e-01 -9.37698e+00
8.03767e-01 -5.96694e-01 -1.97064e+01
8.65637e-01 -1.75297e+00 -1.05347e+01
9.72323e-01 -2.00619e+00 -4.27732e-02
1.12676e+00 -2.00152e+00 4.15358e-02
1.40898e+00 -1.98973e+00 4.19955e-02
2.31338e+00 -1.95112e+00 4.34085e-02
5.82170e+00 -1.78689e+00 5.08482e-02
1.29316e+01 -1.28452e+00 1.19540e-01
1.43536e+01 -1.01694e+00 3.77134e-01
1.47111e+01 -7.58874e-01 1.55620e+00
1.48400e+01 -3.72455e-01 5.76196e+00
1.49013e+01 2.07882e-01 1.47317e+01
1.49392e+01 9.24443e-01 2.20106e+01
1.50502e+01 1.99981e+00 5.86164e-01
1.51818e+01 2.00732e+00 -4.03293e-02
1.54171e+01 1.99757e+00 -4.17209e-02
1.59422e+01 1.97546e+00 -4.25057e-02
1.76648e+01 1.89978e+00 -4.54615e-02
2.17003e+01 1.69697e+00 -5.62971e-02
2.57717e+01 1.42032e+00 -8.63375e-02
2.70414e+01 1.29460e+00 -1.16218e-01
2.75940e+01 1.22332e+00 -1.44902e-01
2.79516e+01 1.16590e+00 -1.79789e-01
2.82392e+01 1.10735e+00 -2.33385e-01
2.85269e+01 1.02509e+00 -3.60092e-01
2.87564e+01 9.12645e-01 -6.92242e-01
2.89237e+01 7.30256e-01 -1.77305e+00
2.90360e+01 3.68981e-01 -5.81012e+00
2.90932e+01 -1.58363e-01 -1.39668e+01
2.91329e+01 -8.87558e-01 -2.19064e+01
2.92317e+01 -1.98805e+00 -1.17382e+00
2.93425e+01 -2.00866e+00 3.56644e-02
2.96400e+01 -1.99642e+00 4.17610e-02
3.02400e+01 -1.97109e+00 4.26645e-02
3.21376e+01 -1.88709e+00 4.60028e-02
3.64764e+01 -1.66360e+00 5.86692e-02
4.01338e+01 -1.40570e+00 8.89610e-02
4.13228e+01 -1.28447e+00 1.19592e-01
4.18848e+01 -1.20915e+00 1.52301e-01
4.22506e+01 -1.14650e+00 1.95095e-01
4.25448e+01 -1.07985e+00 2.67678e-01
4.28331e+01 -9.79737e-01 4.67744e-01
4.30338e+01 -8.44165e-01 1.01431e+00
4.31802e+01 -5.87022e-01 3.10735e+00
4.32588e+01 -1.72722e-01 8.71746e+00
4.33077e+01 4.66633e-01 1.83725e+01
4.33674e+01 1.65057e+00 1.38099e+01
4.34835e+01 2.00938e+00 3.83927e-02
4.36239e+01 2.00522e+00 -4.13694e-02
4.38956e+01 1.99390e+00 -4.18489e-02
4.46681e+01 1.96112e+00 -4.30322e-02
4.70820e+01 1.85206e+00 -4.75758e-02
5.23356e+01 1.55897e+00 -6.78145e-02
5.38997e+01 1.44250e+00 -8.26589e-02
5.59774e+01 1.22438e+00 -1.44376e-01
5.66369e+01 1.10572e+00 -2.35231e-01
5.69793e+01 1.00134e+00 -4.12493e-01
5.71957e+01 8.75293e-01 -8.55663e-01
5.73501e+01 6.56614e-01 -2.40900e+00
5.74410e+01 2.76990e-01 -7.13203e+00
5.74922e+01 -2.81494e-01 -1.58373e+01
5.75340e+01 -1.11635e+00 -2.18657e+01
5.76458e+01 -2.00422e+00 -3.55181e-01
5.77705e+01 -2.00722e+00 4.04568e-02
5.80078e+01 -1.99738e+00 4.17276e-02
5.85424e+01 -1.97486e+00 4.25275e-02
6.02855e+01 -1.89821e+00 4.55277e-02
6.43559e+01 -1.69305e+00 5.65647e-02
6.82673e+01 -1.42807e+00 8.50134e-02
6.94966e+01 -1.30951e+00 1.11590e-01
7.00389e+01 -1.24311e+00 1.35650e-01
7.06764e+01 -1.13955e+00 2.01120e-01
7.10525e+01 -1.04563e+00 3.21156e-01
7.13042e+01 -9.37312e-01 5.99822e-01
7.14822e+01 -7.74366e-01 1.44610e+00
7.16235e+01 -3.60770e-01 5.92453e+00
7.16938e+01 3.85336e-01 1.73105e+01
7.17366e+01 1.26977e+00 2.08130e+01
7.18437e+01 2.00505e+00 3.09997e-01
7.19734e+01 2.00691e+00 -4.07531e-02
7.22138e+01 1.99693e+00 -4.17431e-02
7.27714e+01 1.97343e+00 -4.25794e-02
7.45656e+01 1.89435e+00 -4.56917e-02
7.87241e+01 1.68321e+00 -5.72488e-02
8.22266e+01 1.44776e+00 -8.18367e-02
8.33624e+01 1.34465e+00 -1.02047e-01
8.45287e+01 1.20019e+00 -1.57344e-01
8.50410e+01 1.10254e+00 -2.38890e-01
8.53709e+01 1.00096e+00 -4.13400e-01
8.55864e+01 8.75326e-01 -8.55508e-01
8.57408e+01 6.56714e-01 -2.40807e+00
8.58317e+01 2.77154e-01 -7.12961e+00
8.58829e+01 -2.81218e-01 -1.58332e+01
8.59247e+01 -1.11523e+00 -2.18702e+01
8.60366e+01 -2.00422e+00 -3.55100e-01
8.61610e+01 -2.00723e+00 4.04471e-02
8.63982e+01 -1.99739e+00 4.17272e-02
8.69324e+01 -1.97489e+00 4.25263e-02
8.86743e+01 -1.89830e+00 4.55241e-02
9.27428e+01 -1.69326e+00 5.65499e-02
9.66631e+01 -1.42764e+00 8.50854e-02
9.82903e+01 -1.26146e+00 1.28030e-01
9.92179e+01 -1.10692e+00 2.33870e-01
9.98128e+01 -8.46646e-01 1.00090e+00
1.00000e+02 -4.37285e-01 4.89012e+00
