1.00000e-06 1.00000e+00 -1.00000e-06
6.00000e-06 1.00000e+00 -6.00000e-06
3.10000e-05 1.00000e+00 -3.10000e-05
1.56000e-04 1.00000e+00 -1.56000e-04
7.81000e-04 1.00000e+00 -7.81000e-04
3.90600e-03 9.99992e-01 -3.90599e-03
1.95310e-02 9.99809e-01 -1.95299e-02
9.76560e-02 9.95234e-01 -9.75916e-02
4.88281e-01 8.77621e-01 -5.26123e-01
8.78906e-01 5.18647e-01 -1.53167e+00
1.14382e+00 -1.65322e-01 -4.13731e+00
1.30366e+00 -1.01581e+00 -6.05775e+00
1.81016e+00 -1.99381e+00 1.10115e-01
2.31666e+00 -1.91181e+00 1.77269e-01
3.40370e+00 -1.69913e+00 2.18231e-01
5.14927e+00 -1.16676e+00 4.86484e-01
5.68678e+00 -7.90157e-01 1.07208e+00
5.99438e+00 -2.70111e-01 2.69612e+00
6.21362e+00 6.57281e-01 5.97202e+00
6.52260e+00 1.96856e+00 9.68592e-01
6.91822e+00 1.99668e+00 -1.56536e-01
7.81344e+00 1.83945e+00 -1.89408e-01
9.46748e+00 1.45736e+00 -2.95921e-01
1.01516e+01 1.21299e+00 -4.45093e-01
1.05978e+01 9.59983e-01 -7.46731e-01
1.09255e+01 6.15719e-01 -1.52025e+00
1.11744e+01 2.31440e-02 -3.66971e+00
1.13444e+01 -8.35169e-01 -6.26385e+00
1.18006e+01 -2.02268e+00 3.12870e-02
1.22568e+01 -1.95761e+00 1.70119e-01
1.32449e+01 -1.77505e+00 2.01592e-01
1.55335e+01 -1.07005e+00 5.91571e-01
1.60296e+01 -6.12139e-01 1.53061e+00
1.62935e+01 4.25269e-02 3.93211e+00
1.64565e+01 9.00071e-01 6.31899e+00
1.68731e+01 2.02281e+00 2.63013e-02
1.74085e+01 1.94907e+00 -1.71574e-01
1.84000e+01 1.76424e+00 -2.03800e-01
2.08756e+01 9.01003e-01 -8.47347e-01
2.13707e+01 4.96035e-02 -3.56371e+00
2.15612e+01 -9.18951e-01 -6.32928e+00
2.19967e+01 -2.02287e+00 1.85425e-02
2.25320e+01 -1.94534e+00 1.72181e-01
2.35382e+01 -1.75680e+00 2.05349e-01
2.55027e+01 -1.19221e+00 4.63049e-01
2.60494e+01 -8.35538e-01 9.74406e-01
2.63575e+01 -3.79387e-01 2.29121e+00
2.65852e+01 4.54563e-01 5.43419e+00
2.67275e+01 1.31901e+00 5.83215e+00
2.71551e+01 2.01950e+00 -9.16675e-02
2.77485e+01 1.92539e+00 -1.75303e-01
2.88451e+01 1.71372e+00 -2.14817e-01
3.04943e+01 1.24088e+00 -4.22547e-01
3.10922e+01 8.89742e-01 -8.68091e-01
3.14070e+01 4.88752e-01 -1.91386e+00
3.16365e+01 -2.02469e-01 -4.55637e+00
3.17936e+01 -1.10202e+00 -6.28261e+00
3.22576e+01 -2.01944e+00 9.22624e-02
3.27926e+01 -1.93546e+00 1.73742e-01
3.38493e+01 -1.73444e+00 2.10153e-01
3.55456e+01 -1.26179e+00 4.06748e-01
3.61509e+01 -9.25739e-01 8.03622e-01
3.64729e+01 -5.53595e-01 1.70630e+00
3.67104e+01 8.23320e-02 4.09007e+00
3.68722e+01 9.54977e-01 6.34158e+00
3.73194e+01 2.02229e+00 -4.67421e-02
3.78184e+01 1.94859e+00 -1.71654e-01
3.88207e+01 1.76147e+00 -2.04374e-01
4.09657e+01 1.11339e+00 -5.41172e-01
4.14755e+01 7.00470e-01 -1.28833e+00
4.17909e+01 1.12373e-03 -3.75785e+00
4.18243e+01 -1.32931e-01 -4.28878e+00
4.19911e+01 -1.06368e+00 -6.31568e+00
4.24703e+01 -2.01855e+00 9.99803e-02
4.29631e+01 -1.94119e+00 1.72843e-01
4.40083e+01 -1.74375e+00 2.08124e-01
4.54684e+01 -1.36593e+00 3.40404e-01
4.60832e+01 -1.10481e+00 5.50701e-01
4.64611e+01 -8.30925e-01 9.83971e-01
4.67916e+01 -3.14005e-01 2.53064e+00
4.70444e+01 7.58516e-01 6.16190e+00
4.73858e+01 2.00278e+00 4.68019e-01
4.77945e+01 1.98674e+00 -1.62473e-01
4.87118e+01 1.82338e+00 -1.92303e-01
5.05024e+01 1.38859e+00 -3.28332e-01
5.12525e+01 1.06607e+00 -5.96489e-01
5.16239e+01 7.66811e-01 -1.12541e+00
5.19387e+01 1.88844e-01 -3.01046e+00
5.21328e+01 -6.77395e-01 -6.01441e+00
5.24223e+01 -1.95108e+00 -1.19887e+00
5.28265e+01 -1.99785e+00 1.55547e-01
5.36355e+01 -1.85707e+00 1.86337e-01
5.51599e+01 -1.52056e+00 2.70918e-01
5.58032e+01 -1.31956e+00 3.67597e-01
5.62569e+01 -1.12093e+00 5.32968e-01
5.66348e+01 -8.59463e-01 9.26097e-01
5.69577e+01 -4.02641e-01 2.20838e+00
5.71844e+01 3.93897e-01 5.24009e+00
5.73386e+01 1.32235e+00 5.82146e+00
5.77726e+01 2.01886e+00 -9.75292e-02
5.83749e+01 1.92261e+00 -1.75733e-01
5.94856e+01 1.70726e+00 -2.16316e-01
6.10975e+01 1.24400e+00 -4.20127e-01
6.17096e+01 8.83733e-01 -8.79327e-01
6.20235e+01 4.77205e-01 -1.95216e+00
6.22520e+01 -2.25311e-01 -4.64249e+00
6.24091e+01 -1.13268e+00 -6.24666e+00
6.28651e+01 -2.01972e+00 8.95463e-02
6.34041e+01 -1.93529e+00 1.73768e-01
6.44603e+01 -1.73436e+00 2.10171e-01
6.61602e+01 -1.26014e+00 4.07958e-01
6.67635e+01 -9.24065e-01 8.06514e-01
6.70851e+01 -5.50729e-01 1.71520e+00
6.73223e+01 8.74673e-02 4.11036e+00
6.74837e+01 9.61023e-01 6.34265e+00
6.79327e+01 2.02216e+00 -5.06109e-02
6.84256e+01 1.94915e+00 -1.71562e-01
6.94280e+01 1.76213e+00 -2.04238e-01
7.15964e+01 1.10235e+00 -5.53470e-01
7.21018e+01 6.79723e-01 -1.34268e+00
7.23970e+01 1.77321e-02 -3.69138e+00
7.25652e+01 -8.33395e-01 -6.26192e+00
7.30184e+01 -2.02278e+00 2.57647e-02
7.34716e+01 -1.95868e+00 1.69926e-01
7.44581e+01 -1.77666e+00 2.01268e-01
7.67252e+01 -1.08713e+00 5.71035e-01
7.72280e+01 -6.45797e-01 1.43497e+00
7.75049e+01 5.22036e-03 3.78322e+00
7.76709e+01 8.57959e-01 6.28659e+00
7.81260e+01 2.02260e+00 -3.53393e-02
7.85904e+01 1.95578e+00 -1.70442e-01
7.95795e+01 1.77269e+00 -2.02071e-01
8.19024e+01 1.04202e+00 -6.27254e-01
8.23881e+01 5.54564e-01 -1.70330e+00
8.26363e+01 -1.24032e-01 -4.25404e+00
8.27944e+01 -9.95507e-01 -6.34325e+00
8.33017e+01 -2.01672e+00 1.12261e-01
8.38089e+01 -1.93568e+00 1.73707e-01
8.48779e+01 -1.73212e+00 2.10665e-01
8.65491e+01 -1.26752e+00 4.02575e-01
8.71643e+01 -9.29059e-01 7.97919e-01
8.74873e+01 -5.58981e-01 1.68966e+00
8.77257e+01 7.29565e-02 4.05298e+00
8.78880e+01 9.44041e-01 6.33891e+00
8.83321e+01 2.02250e+00 -3.94881e-02
8.88448e+01 1.94707e+00 -1.71902e-01
8.98490e+01 1.75927e+00 -2.04833e-01
9.19156e+01 1.14870e+00 -5.04125e-01
9.24406e+01 7.63819e-01 -1.13240e+00
9.27538e+01 1.85787e-01 -3.02245e+00
9.29471e+01 -6.79082e-01 -6.01786e+00
9.32368e+01 -1.95167e+00 -1.19135e+00
9.36409e+01 -1.99780e+00 1.55592e-01
9.44517e+01 -1.85666e+00 1.86408e-01
9.59791e+01 -1.51917e+00 2.71424e-01
9.66231e+01 -1.31739e+00 3.68955e-01
9.70779e+01 -1.11722e+00 5.36983e-01
9.74542e+01 -8.54481e-01 9.35977e-01
9.77782e+01 -3.88206e-01 2.25964e+00
9.80057e+01 4.32321e-01 5.36455e+00
9.81523e+01 1.32033e+00 5.82793e+00
9.85823e+01 2.01927e+00 -9.38849e-02
9.91804e+01 1.92412e+00 -1.75500e-01
1.00000e+02 1.76997e+00 -2.02625e-01
