1.00000e-06 1.00000e+00 -1.00000e-06
6.00000e-06 1.00000e+00 -6.00000e-06
3.10000e-05 1.00000e+00 -3.10000e-05
1.56000e-04 1.00000e+00 -1.56000e-04
7.81000e-04 1.00000e+00 -7.81000e-04
3.90600e-03 9.99992e-01 -3.90599e-03
1.95310e-02 9.99809e-01 -1.95322e-02
9.76560e-02 9.95206e-01 -9.90380e-02
1.75781e-01 9.84006e-01 -1.91908e-01
2.53906e-01 9.63918e-01 -3.37201e-01
3.32031e-01 9.26614e-01 -6.77046e-01
4.10156e-01 8.32768e-01 -2.16378e+00
4.52177e-01 6.69992e-01 -6.92069e+00
4.72619e-01 4.45270e-01 -1.72437e+01
4.84833e-01 1.38350e-01 -3.58986e+01
4.93890e-01 -3.07305e-01 -6.50497e+01
5.02729e-01 -1.01784e+00 -8.97479e+01
5.28489e-01 -1.98887e+00 -2.61270e+00
5.59400e-01 -2.00166e+00 4.67212e-03
6.10332e-01 -2.00118e+00 9.93987e-03
7.12291e-01 -2.00017e+00 9.94844e-03
1.07547e+00 -1.99655e+00 9.97853e-03
2.70686e+00 -1.98016e+00 1.01174e-02
8.38795e+00 -1.92120e+00 1.06552e-02
2.27620e+01 -1.75541e+00 1.25861e-02
5.04987e+01 -1.26335e+00 3.15041e-02
5.16264e+01 -1.22528e+00 3.63220e-02
5.37676e+01 -1.12837e+00 6.02741e-02
5.45374e+01 -1.07059e+00 9.88045e-02
5.48829e+01 -1.02700e+00 1.69428e-01
5.50729e+01 -9.83113e-01 3.30634e-01
5.51921e+01 -9.22552e-01 8.17240e-01
5.52695e+01 -8.06137e-01 2.84886e+00
5.53067e+01 -6.15517e-01 9.15575e+00
5.53244e+01 -3.62382e-01 2.19796e+01
5.53354e+01 -1.74574e-02 4.40291e+01
5.53441e+01 4.99031e-01 7.58564e+01
5.53602e+01 1.73827e+00 4.43401e+01
5.53828e+01 1.99904e+00 6.59758e-01
5.54147e+01 2.00205e+00 -8.85094e-03
5.54697e+01 2.00151e+00 -9.93734e-03
5.55927e+01 2.00029e+00 -9.94747e-03
5.61030e+01 1.99520e+00 -9.98983e-03
5.83011e+01 1.97303e+00 -1.01792e-02
6.64349e+01 1.88705e+00 -1.09971e-02
8.49131e+01 1.65878e+00 -1.41328e-02
1.00000e+02 1.40155e+00 -2.16761e-02
