1.00000e-06 1.00000e+00 -1.00000e-06
6.00000e-06 1.00000e+00 -6.00000e-06
3.10000e-05 1.00000e+00 -3.10000e-05
1.56000e-04 1.00000e+00 -1.56000e-04
7.81000e-04 1.00000e+00 -7.81000e-04
3.90600e-03 9.99992e-01 -3.90599e-03
1.95310e-02 9.99809e-01 -1.95299e-02
9.76560e-02 9.95234e-01 -9.75689e-02
4.88281e-01 8.79061e-01 -5.10886e-01
8.78906e-01 5.56441e-01 -1.26139e+00
1.21070e+00 -1.29363e-01 -3.23303e+00
1.43054e+00 -1.04866e+00 -4.71698e+00
2.08882e+00 -1.96772e+00 1.77277e-01
2.79696e+00 -1.80383e+00 2.57501e-01
4.30435e+00 -1.29894e+00 4.70555e-01
4.97373e+00 -8.59914e-01 9.72078e-01
5.33364e+00 -3.43230e-01 2.15557e+00
5.62497e+00 6.40387e-01 4.77941e+00
6.03043e+00 1.98444e+00 6.56156e-01
6.54741e+00 1.96571e+00 -2.16607e-01
7.87616e+00 1.62096e+00 -3.10178e-01
9.16190e+00 1.05704e+00 -6.93211e-01
9.61611e+00 6.05773e-01 -1.47880e+00
9.90949e+00 -5.02461e-02 -3.31894e+00
1.01233e+01 -9.82065e-01 -5.06425e+00
1.08070e+01 -2.00027e+00 1.83631e-01
1.14908e+01 -1.84562e+00 2.47940e-01
1.29698e+01 -1.38450e+00 4.16183e-01
1.36118e+01 -1.04273e+00 7.10229e-01
1.39989e+01 -6.71357e-01 1.33248e+00
1.43020e+01 -6.61131e-02 2.96995e+00
1.45218e+01 8.25698e-01 5.00736e+00
1.51328e+01 2.01675e+00 -1.25124e-01
1.57437e+01 1.88856e+00 -2.38458e-01
1.70886e+01 1.50381e+00 -3.55863e-01
1.77402e+01 1.22574e+00 -5.26117e-01
1.82029e+01 9.15010e-01 -8.84228e-01
1.85776e+01 4.33851e-01 -1.90753e+00
1.88602e+01 -3.97800e-01 -4.27894e+00
1.90545e+01 -1.33607e+00 -4.60458e+00
1.96206e+01 -2.00822e+00 1.64332e-01
2.03656e+01 -1.84171e+00 2.48821e-01
2.18240e+01 -1.38655e+00 4.15003e-01
2.24570e+01 -1.05255e+00 6.98498e-01
2.28462e+01 -6.86851e-01 1.29944e+00
2.31531e+01 -8.94125e-02 2.89986e+00
2.33749e+01 7.95732e-01 4.98142e+00
2.39285e+01 2.02255e+00 -5.06348e-02
2.45056e+01 1.91149e+00 -2.33317e-01
2.58169e+01 1.54906e+00 -3.36840e-01
2.64108e+01 1.31809e+00 -4.57458e-01
2.68771e+01 1.05907e+00 -6.90833e-01
2.72652e+01 7.00476e-01 -1.27087e+00
2.75754e+01 1.10151e-01 -2.83754e+00
2.77993e+01 -7.69893e-01 -4.95548e+00
2.82992e+01 -2.02228e+00 -7.08662e-02
2.89116e+01 -1.91697e+00 2.32033e-01
3.01857e+01 -1.56929e+00 3.28919e-01
3.07481e+01 -1.35906e+00 4.31264e-01
3.11883e+01 -1.13568e+00 6.07937e-01
3.15984e+01 -8.11879e-01 1.05514e+00
3.19590e+01 -2.32018e-01 2.47517e+00
3.22037e+01 6.47265e-01 4.79057e+00
3.25985e+01 1.97806e+00 7.30346e-01
3.31190e+01 1.96693e+00 -2.16006e-01
3.43005e+01 1.66719e+00 -2.95037e-01
3.58799e+01 9.50345e-01 -8.32010e-01
3.63830e+01 2.45644e-01 -2.43529e+00
3.66690e+01 -8.22771e-01 -5.00503e+00
3.72828e+01 -2.01646e+00 1.27109e-01
3.78967e+01 -1.88731e+00 2.38732e-01
3.92435e+01 -1.50125e+00 3.56995e-01
3.98901e+01 -1.22459e+00 5.27068e-01
4.03520e+01 -9.13779e-01 8.86105e-01
4.07270e+01 -4.30575e-01 1.91626e+00
4.10100e+01 4.07002e-01 4.30121e+00
4.12024e+01 1.33706e+00 4.60197e+00
4.17675e+01 2.00835e+00 -1.63908e-01
4.25110e+01 1.84228e+00 -2.48692e-01
4.39675e+01 1.38829e+00 -4.14003e-01
4.45999e+01 1.05592e+00 -6.94527e-01
4.49900e+01 6.92009e-01 -1.28857e+00
4.52982e+01 9.71613e-02 -2.87656e+00
4.55207e+01 -7.86018e-01 -4.97205e+00
4.60525e+01 -2.02328e+00 9.50182e-03
4.66558e+01 -1.91091e+00 2.33449e-01
4.79374e+01 -1.55820e+00 3.33218e-01
4.85236e+01 -1.33387e+00 4.47083e-01
4.89796e+01 -1.08954e+00 6.56302e-01
4.93749e+01 -7.46902e-01 1.17708e+00
4.97003e+01 -1.72959e-01 2.64970e+00
4.99321e+01 6.96752e-01 4.86507e+00
5.03394e+01 1.99265e+00 5.56470e-01
5.08620e+01 1.96153e+00 -2.18516e-01
5.21023e+01 1.64220e+00 -3.03044e-01
5.38816e+01 6.48590e-01 -1.38210e+00
5.42722e+01 -2.96697e-01 -4.02090e+00
5.44747e+01 -1.26033e+00 -4.78134e+00
5.50478e+01 -2.00970e+00 1.59437e-01
5.57245e+01 -1.86082e+00 2.44553e-01
5.71346e+01 -1.43695e+00 3.87677e-01
5.77582e+01 -1.14018e+00 6.03464e-01
5.81744e+01 -8.13244e-01 1.05269e+00
5.85380e+01 -2.27857e-01 2.48737e+00
5.87820e+01 6.52179e-01 4.79842e+00
5.91743e+01 1.97703e+00 7.42214e-01
5.96959e+01 1.96701e+00 -2.15964e-01
6.08664e+01 1.67056e+00 -2.93990e-01
6.24684e+01 9.40918e-01 -8.45629e-01
6.29706e+01 2.20092e-01 -2.51020e+00
6.32388e+01 -7.85820e-01 -4.97185e+00
6.37784e+01 -2.02315e+00 2.39580e-02
6.43660e+01 -1.91277e+00 2.33020e-01
6.56594e+01 -1.55692e+00 3.33721e-01
6.62422e+01 -1.33368e+00 4.47207e-01
6.66972e+01 -1.08994e+00 6.55862e-01
6.70927e+01 -7.47423e-01 1.17606e+00
6.74182e+01 -1.73679e-01 2.64756e+00
6.76501e+01 6.96043e-01 4.86407e+00
6.80569e+01 1.99225e+00 5.61391e-01
6.85794e+01 1.96170e+00 -2.18444e-01
6.98245e+01 1.64100e+00 -3.03439e-01
7.14933e+01 7.80552e-01 -1.11256e+00
7.19295e+01 -7.14678e-02 -3.38198e+00
7.21402e+01 -9.98722e-01 -5.06195e+00
7.28088e+01 -2.00242e+00 1.79316e-01
7.34774e+01 -1.85228e+00 2.46449e-01
7.49356e+01 -1.40413e+00 4.05115e-01
7.55708e+01 -1.08035e+00 6.66493e-01
7.59676e+01 -7.28441e-01 1.21372e+00
7.62868e+01 -1.47998e-01 2.72414e+00
7.65151e+01 7.24727e-01 4.90252e+00
7.69496e+01 2.00751e+00 3.56864e-01
7.74794e+01 1.95269e+00 -2.21990e-01
7.86809e+01 1.64180e+00 -3.03175e-01
8.02062e+01 9.24043e-01 -8.70575e-01
8.06934e+01 2.08396e-01 -2.54466e+00
8.09521e+01 -7.61516e-01 -4.94638e+00
8.14402e+01 -2.02106e+00 -1.09581e-01
8.20197e+01 -1.92769e+00 2.29402e-01
8.33372e+01 -1.57029e+00 3.28538e-01
8.49262e+01 -5.94117e-01 1.50586e+00
8.53133e+01 4.40746e-01 4.38095e+00
8.55106e+01 1.39442e+00 4.43571e+00
8.60839e+01 2.00482e+00 -1.73782e-01
8.67517e+01 1.85583e+00 -2.45658e-01
8.81928e+01 1.41678e+00 -3.98240e-01
8.88233e+01 1.10395e+00 -6.40703e-01
8.92272e+01 7.62804e-01 -1.14622e+00
8.95597e+01 1.89849e-01 -2.59953e+00
8.97945e+01 -6.79578e-01 -4.84038e+00
9.01903e+01 -1.98344e+00 -6.67922e-01
9.07126e+01 -1.96488e+00 2.17001e-01
9.20143e+01 -1.62814e+00 3.07731e-01
9.33383e+01 -1.04650e+00 7.05702e-01
9.37963e+01 -5.77299e-01 1.54547e+00
9.40850e+01 9.80838e-02 3.46059e+00
9.42984e+01 1.05156e+00 5.04312e+00
9.49345e+01 2.00627e+00 -1.70024e-01
9.56013e+01 1.85815e+00 -2.45144e-01
9.70319e+01 1.42469e+00 -3.94039e-01
9.76255e+01 1.13932e+00 -6.04314e-01
9.80403e+01 8.13288e-01 -1.05261e+00
9.84034e+01 2.29051e-01 -2.48387e+00
9.86476e+01 -6.50962e-01 -4.79649e+00
9.90405e+01 -1.97720e+00 -7.40232e-01
9.95618e+01 -1.96701e+00 2.15966e-01
1.00000e+02 -1.86568e+00 2.43479e-01
