1.00000e-06 1.00000e+00 -1.00000e-06
6.00000e-06 1.00000e+00 -6.00000e-06
3.10000e-05 1.00000e+00 -3.10000e-05
1.56000e-04 1.00000e+00 -1.56000e-04
7.81000e-04 1.00000e+00 -7.81000e-04
3.90600e-03 9.99992e-01 -3.90599e-03
1.95310e-02 9.99809e-01 -1.95303e-02
9.76560e-02 9.95229e-01 -9.78417e-02
4.88281e-01 8.58476e-01 -7.53487e-01
6.77870e-01 5.79838e-01 -2.88658e+00
7.67772e-01 1.16148e-01 -8.91019e+00
8.20348e-01 -5.86473e-01 -1.84230e+01
8.86468e-01 -1.75039e+00 -9.99491e+00
1.00053e+00 -2.00655e+00 -3.47875e-02
1.16545e+00 -2.00099e+00 4.43267e-02
1.46799e+00 -1.98749e+00 4.48750e-02
2.46857e+00 -1.94170e+00 4.66818e-02
5.64419e+00 -1.78207e+00 5.45060e-02
1.18128e+01 -1.33370e+00 1.11529e-01
1.32135e+01 -1.12268e+00 2.27802e-01
1.36945e+01 -9.64391e-01 5.18680e-01
1.39020e+01 -8.01684e-01 1.23647e+00
1.40473e+01 -4.70545e-01 4.24565e+00
1.41184e+01 3.00823e-02 1.12525e+01
1.41634e+01 7.31138e-01 1.97987e+01
1.42447e+01 1.91292e+00 4.36230e+00
1.43515e+01 2.01018e+00 -6.27232e-03
1.45516e+01 2.00217e+00 -4.43237e-02
1.49069e+01 1.98632e+00 -4.49192e-02
1.60113e+01 1.93563e+00 -4.69340e-02
1.91239e+01 1.77842e+00 -5.47195e-02
2.51670e+01 1.34020e+00 -1.09765e-01
2.65714e+01 1.13486e+00 -2.15869e-01
2.70713e+01 9.82200e-01 -4.69464e-01
2.72902e+01 8.30074e-01 -1.07400e+00
2.74389e+01 5.50853e-01 -3.34495e+00
2.75176e+01 1.09029e-01 -9.17190e+00
2.75734e+01 -6.74510e-01 -1.93711e+01
2.76448e+01 -1.84119e+00 -7.10185e+00
2.77829e+01 -2.00984e+00 2.78455e-02
2.79720e+01 -2.00184e+00 4.43373e-02
2.83379e+01 -1.98551e+00 4.49500e-02
2.94832e+01 -1.93285e+00 4.70501e-02
3.26273e+01 -1.77346e+00 5.50134e-02
3.86973e+01 -1.32710e+00 1.13386e-01
4.00666e+01 -1.11637e+00 2.34403e-01
4.05422e+01 -9.52627e-01 5.54058e-01
4.07432e+01 -7.81681e-01 1.36066e+00
4.08911e+01 -3.84880e-01 5.30252e+00
4.09603e+01 2.36207e-01 1.42766e+01
4.10001e+01 9.53060e-01 2.07441e+01
4.11208e+01 2.00263e+00 4.49823e-01
4.12711e+01 2.00686e+00 -4.36311e-02
4.15297e+01 1.99540e+00 -4.45784e-02
4.21390e+01 1.96792e+00 -4.56277e-02
4.40362e+01 1.87785e+00 -4.94927e-02
4.82856e+01 1.64021e+00 -6.44760e-02
4.96735e+01 1.54467e+00 -7.38916e-02
5.28045e+01 1.23844e+00 -1.46072e-01
5.36029e+01 1.08529e+00 -2.71516e-01
5.39399e+01 9.60832e-01 -5.29136e-01
5.41373e+01 8.05745e-01 -1.21224e+00
5.42847e+01 4.76067e-01 -4.18076e+00
5.43564e+01 -2.36900e-02 -1.11567e+01
5.44016e+01 -7.23206e-01 -1.97429e+01
5.44817e+01 -1.90553e+00 -4.65889e+00
5.45893e+01 -2.01019e+00 4.82305e-03
5.47856e+01 -2.00238e+00 4.43152e-02
5.51355e+01 -1.98677e+00 4.49022e-02
5.62180e+01 -1.93713e+00 4.68715e-02
5.93200e+01 -1.78075e+00 5.45833e-02
6.53573e+01 -1.34547e+00 1.08375e-01
6.67773e+01 -1.14184e+00 2.09479e-01
6.72869e+01 -9.92674e-01 4.42855e-01
6.75131e+01 -8.46337e-01 9.88220e-01
6.76652e+01 -5.89505e-01 2.94671e+00
6.77492e+01 -1.69887e-01 8.27610e+00
6.78019e+01 4.88264e-01 1.75356e+01
6.78722e+01 1.74295e+00 1.03820e+01
6.79838e+01 2.00987e+00 4.69459e-02
6.81451e+01 2.00474e+00 -4.41751e-02
6.84408e+01 1.99159e+00 -4.47207e-02
6.93370e+01 1.95082e+00 -4.63093e-02
7.21699e+01 1.81099e+00 -5.28761e-02
7.78874e+01 1.43216e+00 -8.98375e-02
7.96105e+01 1.24131e+00 -1.44730e-01
8.02346e+01 1.13234e+00 -2.18258e-01
8.06062e+01 1.03002e+00 -3.60967e-01
8.08479e+01 9.10981e-01 -6.98805e-01
8.10202e+01 7.21973e-01 -1.77870e+00
8.11361e+01 3.49781e-01 -5.76024e+00
8.11963e+01 -1.98974e-01 -1.37451e+01
8.12382e+01 -9.42440e-01 -2.07284e+01
8.13584e+01 -2.00215e+00 -4.73552e-01
8.15142e+01 -2.00667e+00 4.37356e-02
8.17758e+01 -1.99507e+00 4.45908e-02
8.24027e+01 -1.96678e+00 4.56724e-02
8.43410e+01 -1.87457e+00 4.96474e-02
8.86564e+01 -1.63164e+00 6.52116e-02
9.00521e+01 -1.53424e+00 7.51081e-02
9.31712e+01 -1.21913e+00 1.55761e-01
9.39318e+01 -1.05915e+00 3.09625e-01
9.42365e+01 -9.27196e-01 6.38726e-01
9.44170e+01 -7.48855e-01 1.58178e+00
9.45469e+01 -3.61460e-01 5.60649e+00
9.46107e+01 2.19390e-01 1.40377e+01
9.46515e+01 9.50891e-01 2.07412e+01
9.47721e+01 2.00255e+00 4.53995e-01
9.49257e+01 2.00673e+00 -4.37045e-02
9.51862e+01 1.99518e+00 -4.45866e-02
9.58071e+01 1.96717e+00 -4.56573e-02
9.77314e+01 1.87569e+00 -4.95946e-02
1.00000e+02 1.75634e+00 -5.60543e-02
