1.00000e-06 1.00000e+00 -1.00000e-06
6.00000e-06 1.00000e+00 -6.00000e-06
3.10000e-05 1.00000e+00 -3.10000e-05
1.56000e-04 1.00000e+00 -1.56000e-04
7.81000e-04 1.00000e+00 -7.81000e-04
3.90600e-03 9.99992e-01 -3.90599e-03
1.95310e-02 9.99809e-01 -1.95308e-02
9.76560e-02 9.95223e-01 -9.81386e-02
4.88281e-01 8.23609e-01 -1.28494e+00
6.04252e-01 4.79021e-01 -6.82594e+00
6.47394e-01 -4.40624e-02 -2.04570e+01
6.69526e-01 -6.55961e-01 -3.49495e+01
7.09781e-01 -1.84380e+00 -1.22867e+01
7.79816e-01 -2.00404e+00 -1.73117e-02
8.77409e-01 -2.00221e+00 2.37493e-02
1.05688e+00 -1.99794e+00 2.38448e-02
1.60857e+00 -1.98471e+00 2.41113e-02
3.81760e+00 -1.93019e+00 2.52840e-02
9.41676e+00 -1.77812e+00 2.93613e-02
1.95003e+01 -1.40314e+00 5.15135e-02
2.21880e+01 -1.23269e+00 8.29957e-02
2.31255e+01 -1.13859e+00 1.26648e-01
2.35470e+01 -1.07431e+00 1.89599e-01
2.38372e+01 -1.00288e+00 3.33762e-01
2.40210e+01 -9.15618e-01 7.04614e-01
2.41469e+01 -7.68370e-01 2.00475e+00
2.42224e+01 -4.91611e-01 6.67860e+00
2.42586e+01 -1.08245e-01 1.63277e+01
2.42830e+01 4.57292e-01 3.12548e+01
2.43175e+01 1.63640e+00 2.42273e+01
2.43802e+01 2.00403e+00 1.79405e-01
2.44553e+01 2.00465e+00 -2.33598e-02
2.45979e+01 2.00126e+00 -2.37789e-02
2.49463e+01 1.99295e+00 -2.39445e-02
2.63240e+01 1.95949e+00 -2.46382e-02
3.05805e+01 1.84930e+00 -2.72820e-02
3.91695e+01 1.57772e+00 -3.77865e-02
4.20177e+01 1.45966e+00 -4.59835e-02
4.59169e+01 1.22866e+00 -8.42482e-02
4.70135e+01 1.11015e+00 -1.49404e-01
4.75087e+01 1.00590e+00 -3.25309e-01
4.77116e+01 9.08375e-01 -7.47837e-01
4.78351e+01 7.52583e-01 -2.19686e+00
4.79061e+01 4.70938e-01 -7.12481e+00
4.79408e+01 8.21267e-02 -1.70525e+01
4.79649e+01 -4.99335e-01 -3.21619e+01
4.79988e+01 -1.65230e+00 -2.34678e+01
4.80652e+01 -2.00468e+00 -1.16144e-01
4.81432e+01 -2.00448e+00 2.35246e-02
4.82913e+01 -2.00096e+00 2.37848e-02
4.86742e+01 -1.99182e+00 2.39673e-02
5.01645e+01 -1.95555e+00 2.47230e-02
5.51144e+01 -1.82575e+00 2.79327e-02
6.45773e+01 -1.50894e+00 4.21203e-02
6.72382e+01 -1.38332e+00 5.38215e-02
6.81880e+01 -1.32880e+00 6.15098e-02
7.04294e+01 -1.14573e+00 1.21885e-01
7.10457e+01 -1.04538e+00 2.35427e-01
7.13063e+01 -9.59772e-01 4.84258e-01
7.14578e+01 -8.46490e-01 1.20366e+00
7.15635e+01 -6.02335e-01 4.49793e+00
7.16106e+01 -2.43049e-01 1.26736e+01
7.16373e+01 2.55516e-01 2.63444e+01
7.16629e+01 1.12691e+00 3.75253e+01
7.17248e+01 1.99704e+00 8.00045e-01
7.17957e+01 2.00512e+00 -2.16338e-02
7.19256e+01 2.00206e+00 -2.37630e-02
7.22020e+01 1.99548e+00 -2.38939e-02
7.33324e+01 1.96816e+00 -2.44543e-02
7.67461e+01 1.88142e+00 -2.64476e-02
8.41686e+01 1.66181e+00 -3.36617e-02
8.92719e+01 1.46456e+00 -4.55642e-02
9.09516e+01 1.38155e+00 -5.40378e-02
9.40171e+01 1.15674e+00 -1.15148e-01
9.47575e+01 1.03783e+00 -2.49893e-01
9.50260e+01 9.39179e-01 -5.78043e-01
9.51662e+01 8.08370e-01 -1.56317e+00
9.52631e+01 4.99751e-01 -6.50608e+00
9.53029e+01 6.82818e-02 -1.74380e+01
9.53303e+01 -6.34381e-01 -3.47201e+01
9.53671e+01 -1.78991e+00 -1.58887e+01
9.54262e+01 -2.00465e+00 -1.19150e-01
9.55140e+01 -2.00425e+00 2.36348e-02
9.56688e+01 -2.00058e+00 2.37925e-02
9.61073e+01 -1.99010e+00 2.40020e-02
9.78181e+01 -1.94830e+00 2.48805e-02
1.00000e+02 -1.89264e+00 2.61692e-02
