1.00000e-06 1.00000e+00 -1.00000e-06
6.00000e-06 1.00000e+00 -6.00000e-06
3.10000e-05 1.00000e+00 -3.10000e-05
1.56000e-04 1.00000e+00 -1.56000e-04
7.81000e-04 1.00000e+00 -7.81000e-04
3.90600e-03 9.99992e-01 -3.90599e-03
1.95310e-02 9.99809e-01 -1.95304e-02
9.76560e-02 9.95227e-01 -9.79329e-02
4.88281e-01 8.49557e-01 -8.75075e-01
6.47765e-01 5.65355e-01 -3.65414e+00
7.16887e-01 1.18980e-01 -1.10279e+01
7.61601e-01 -6.43258e-01 -2.38046e+01
8.15682e-01 -1.79496e+00 -1.06763e+01
9.05755e-01 -2.00542e+00 -4.50312e-02
1.04029e+00 -2.00211e+00 3.49727e-02
1.28290e+00 -1.99359e+00 3.52579e-02
2.17511e+00 -1.96170e+00 3.62280e-02
4.92092e+00 -1.85749e+00 3.98653e-02
1.18115e+01 -1.52852e+00 5.99707e-02
1.37509e+01 -1.39836e+00 7.63439e-02
1.46372e+01 -1.32486e+00 9.08272e-02
1.52079e+01 -1.26893e+00 1.06438e-01
1.68515e+01 -9.49527e-01 5.46051e-01
1.69172e+01 -9.08587e-01 7.13537e-01
1.69830e+01 -8.52985e-01 1.00815e+00
1.70487e+01 -7.69704e-01 1.60150e+00
1.71145e+01 -6.24392e-01 3.06245e+00
1.71744e+01 -3.41974e-01 7.17014e+00
1.72158e+01 9.72488e-02 1.52624e+01
1.72536e+01 8.94008e-01 2.58639e+01
1.73459e+01 1.99570e+00 8.25477e-01
1.74561e+01 2.00687e+00 -3.33528e-02
1.76514e+01 2.00006e+00 -3.50679e-02
1.80758e+01 1.98509e+00 -3.55108e-02
1.96056e+01 1.92945e+00 -3.72723e-02
2.34839e+01 1.77393e+00 -4.34397e-02
3.14037e+01 1.30493e+00 -9.58033e-02
3.30743e+01 1.06876e+00 -2.54993e-01
3.34829e+01 8.99108e-01 -7.58197e-01
3.36386e+01 6.99428e-01 -2.24309e+00
3.37274e+01 3.40354e-01 -7.19744e+00
3.37731e+01 -1.70401e-01 -1.66263e+01
3.38069e+01 -9.09808e-01 -2.59194e+01
3.38996e+01 -1.99645e+00 -7.80893e-01
3.40068e+01 -2.00694e+00 3.31566e-02
3.42014e+01 -2.00016e+00 3.50650e-02
3.46203e+01 -1.98538e+00 3.55020e-02
3.61434e+01 -1.93001e+00 3.72537e-02
4.00080e+01 -1.77517e+00 4.33812e-02
4.79068e+01 -1.30965e+00 9.45722e-02
4.95913e+01 -1.07764e+00 2.42255e-01
5.00121e+01 -9.16001e-01 6.80244e-01
5.01755e+01 -7.32385e-01 1.92653e+00
5.02750e+01 -3.75743e-01 6.60948e+00
5.03235e+01 1.32345e-01 1.59202e+01
5.03573e+01 8.48869e-01 2.56593e+01
5.04424e+01 1.98591e+00 1.39492e+00
5.05348e+01 2.00771e+00 -2.77220e-02
5.07491e+01 2.00034e+00 -3.50598e-02
5.11665e+01 1.98561e+00 -3.54951e-02
5.26982e+01 1.92993e+00 -3.72563e-02
5.65816e+01 1.77427e+00 -4.34237e-02
6.45024e+01 1.30557e+00 -9.56341e-02
6.61755e+01 1.06986e+00 -2.53366e-01
6.65856e+01 9.01219e-01 -7.48065e-01
6.67422e+01 7.03616e-01 -2.20135e+00
6.68322e+01 3.45407e-01 -7.11247e+00
6.68782e+01 -1.63989e-01 -1.65079e+01
6.69121e+01 -9.01031e-01 -2.58896e+01
6.70037e+01 -1.99535e+00 -8.46032e-01
6.71089e+01 -2.00705e+00 3.27858e-02
6.73029e+01 -2.00030e+00 3.50610e-02
6.77146e+01 -1.98578e+00 3.54901e-02
6.92318e+01 -1.93065e+00 3.72324e-02
7.30849e+01 -1.77641e+00 4.33231e-02
8.09646e+01 -1.31413e+00 9.34340e-02
8.26628e+01 -1.08570e+00 2.31469e-01
8.30951e+01 -9.30549e-01 6.18749e-01
8.32658e+01 -7.59625e-01 1.68576e+00
8.33790e+01 -3.85443e-01 6.45132e+00
8.34309e+01 1.63054e-01 1.64906e+01
8.34631e+01 8.56982e-01 2.57010e+01
8.35504e+01 1.98923e+00 1.20343e+00
8.36468e+01 2.00752e+00 -2.99656e-02
8.38496e+01 2.00051e+00 -3.50548e-02
8.42525e+01 1.98631e+00 -3.54743e-02
8.57769e+01 1.93093e+00 -3.72229e-02
8.96460e+01 1.77605e+00 -4.33401e-02
9.75414e+01 1.31188e+00 -9.40012e-02
9.85796e+01 1.19603e+00 -1.37197e-01
9.92423e+01 1.07940e+00 -2.39832e-01
9.96353e+01 9.38122e-01 -5.88749e-01
9.97083e+01 8.87772e-01 -8.14539e-01
9.97666e+01 8.31606e-01 -1.14297e+00
9.98133e+01 7.68327e-01 -1.61289e+00
9.98506e+01 6.96966e-01 -2.26782e+00
9.98805e+01 6.17155e-01 -3.14845e+00
9.99044e+01 5.29393e-01 -4.28060e+00
9.99235e+01 4.35215e-01 -5.66169e+00
1.00000e+02 -4.76481e-01 -2.17829e+01
