1.00000e-06 1.00000e+00 -1.00000e-06
6.00000e-06 1.00000e+00 -6.00000e-06
3.10000e-05 1.00000e+00 -3.10000e-05
1.56000e-04 1.00000e+00 -1.56000e-04
7.81000e-04 1.00000e+00 -7.81000e-04
3.90600e-03 9.99992e-01 -3.90599e-03
1.95310e-02 9.99809e-01 -1.95308e-02
9.76560e-02 9.95223e-01 -9.81615e-02
4.88281e-01 8.20062e-01 -1.34740e+00
6.00616e-01 4.64105e-01 -7.38308e+00
6.38453e-01 -6.15783e-03 -2.00645e+01
6.61943e-01 -6.65492e-01 -3.63290e+01
7.00256e-01 -1.83965e+00 -1.29930e+01
7.74088e-01 -2.00396e+00 -2.47076e-03
8.70020e-01 -2.00205e+00 2.29384e-02
1.05161e+00 -1.99788e+00 2.30241e-02
1.61215e+00 -1.98490e+00 2.32765e-02
3.75821e+00 -1.93384e+00 2.43329e-02
9.28061e+00 -1.79014e+00 2.79870e-02
1.94185e+01 -1.43821e+00 4.62788e-02
2.21016e+01 -1.29270e+00 6.57637e-02
2.30426e+01 -1.22366e+00 8.30110e-02
2.35030e+01 -1.18214e+00 9.87171e-02
2.43412e+01 -1.07303e+00 1.86616e-01
2.46803e+01 -9.85108e-01 3.85339e-01
2.48514e+01 -8.86720e-01 8.98287e-01
2.49637e+01 -7.09505e-01 2.84203e+00
2.50226e+01 -4.16590e-01 8.61759e+00
2.50531e+01 -1.45019e-02 1.95867e+01
2.50760e+01 6.09200e-01 3.54824e+01
2.51117e+01 1.77950e+00 1.70900e+01
2.51679e+01 2.00421e+00 1.45690e-01
2.52512e+01 2.00422e+00 -2.27893e-02
2.53979e+01 2.00086e+00 -2.29669e-02
2.57976e+01 1.99165e+00 -2.31446e-02
2.73706e+01 1.95467e+00 -2.38893e-02
3.23768e+01 1.82800e+00 -2.69088e-02
4.20284e+01 1.51830e+00 -4.00412e-02
4.47943e+01 1.39469e+00 -5.06771e-02
4.67582e+01 1.28060e+00 -6.82268e-02
4.76568e+01 1.21192e+00 -8.69212e-02
4.81717e+01 1.16221e+00 -1.08518e-01
4.84784e+01 1.12564e+00 -1.32162e-01
4.87253e+01 1.08922e+00 -1.66459e-01
4.89621e+01 1.04278e+00 -2.35410e-01
4.91826e+01 9.74491e-01 -4.23416e-01
4.93394e+01 8.75464e-01 -9.81858e-01
4.94484e+01 6.83331e-01 -3.23890e+00
4.95029e+01 3.77433e-01 -9.57572e+00
4.95319e+01 -4.18968e-02 -2.12215e+01
4.95550e+01 -7.20512e-01 -3.72782e+01
4.95967e+01 -1.89522e+00 -9.09658e+00
4.96505e+01 -2.00491e+00 -7.11826e-02
4.97457e+01 -2.00380e+00 2.28883e-02
4.99092e+01 -2.00005e+00 2.29825e-02
5.04307e+01 -1.98800e+00 2.32156e-02
5.26317e+01 -1.93575e+00 2.42914e-02
5.82426e+01 -1.78986e+00 2.79954e-02
6.84948e+01 -1.43242e+00 4.68144e-02
7.12001e+01 -1.28292e+00 6.77394e-02
7.21516e+01 -1.21028e+00 8.74961e-02
7.26272e+01 -1.16442e+00 1.07340e-01
7.29289e+01 -1.12899e+00 1.29622e-01
7.31734e+01 -1.09378e+00 1.61388e-01
7.34075e+01 -1.04979e+00 2.22621e-01
7.36396e+01 -9.82286e-01 3.95102e-01
7.38023e+01 -8.87736e-01 8.91007e-01
7.39149e+01 -7.11863e-01 2.80759e+00
7.39742e+01 -4.20094e-01 8.53359e+00
7.40048e+01 -1.94786e-02 1.94424e+01
7.40277e+01 5.99667e-01 3.53071e+01
7.40630e+01 1.76783e+00 1.78172e+01
7.41191e+01 2.00409e+00 1.57474e-01
7.42014e+01 2.00427e+00 -2.27687e-02
7.43465e+01 2.00094e+00 -2.29655e-02
7.47349e+01 1.99199e+00 -2.31379e-02
7.62629e+01 1.95609e+00 -2.38597e-02
8.14501e+01 1.82473e+00 -2.69983e-02
9.13341e+01 1.50397e+00 -4.10181e-02
9.30673e+01 1.42789e+00 -4.72456e-02
9.67682e+01 1.19766e+00 -9.21995e-02
9.74146e+01 1.12772e+00 -1.30571e-01
9.77516e+01 1.07629e+00 -1.82267e-01
9.80411e+01 1.00845e+00 -3.13956e-01
9.82280e+01 9.25834e-01 -6.49186e-01
9.83562e+01 7.89682e-01 -1.79789e+00
9.84369e+01 5.18068e-01 -6.31350e+00
9.84739e+01 1.41639e-01 -1.59266e+01
9.84978e+01 -4.02256e-01 -3.10405e+01
9.85165e+01 -1.08672e+00 -3.90995e+01
9.85757e+01 -1.99538e+00 -9.54271e-01
9.86424e+01 -2.00504e+00 2.00159e-02
9.87669e+01 -2.00222e+00 2.29411e-02
9.90255e+01 -1.99627e+00 2.30551e-02
1.00000e+02 -1.97359e+00 2.35017e-02
