1.00000e-06 1.00000e+00 -1.00000e-06
6.00000e-06 1.00000e+00 -6.00000e-06
3.10000e-05 1.00000e+00 -3.10000e-05
1.56000e-04 1.00000e+00 -1.56000e-04
7.81000e-04 1.00000e+00 -7.81000e-04
3.90600e-03 9.99992e-01 -3.90599e-03
1.95310e-02 9.99809e-01 -1.95304e-02
9.76560e-02 9.95228e-01 -9.78873e-02
4.88281e-01 8.54178e-01 -8.10844e-01
6.61544e-01 5.74497e-01 -3.23755e+00
7.40058e-01 1.22875e-01 -9.88184e+00
7.88718e-01 -6.12832e-01 -2.10645e+01
8.47370e-01 -1.76457e+00 -1.07405e+01
9.47355e-01 -2.00588e+00 -4.75499e-02
1.09389e+00 -2.00184e+00 3.90841e-02
1.36003e+00 -1.99138e+00 3.94738e-02
2.22253e+00 -1.95683e+00 4.06559e-02
5.32271e+00 -1.82291e+00 4.61052e-02
1.24008e+01 -1.40381e+00 8.41676e-02
1.43482e+01 -1.19204e+00 1.53828e-01
1.49561e+01 -1.07201e+00 2.68487e-01
1.52534e+01 -9.65184e-01 5.03124e-01
1.54423e+01 -8.24439e-01 1.14689e+00
1.55805e+01 -5.37187e-01 3.83118e+00
1.56490e+01 -9.68851e-02 1.04673e+01
1.56977e+01 6.80887e-01 2.18836e+01
1.57615e+01 1.84529e+00 7.77540e+00
1.58819e+01 2.00894e+00 -1.96961e-02
1.60484e+01 2.00282e+00 -3.90953e-02
1.63669e+01 1.99030e+00 -3.95095e-02
1.73590e+01 1.95044e+00 -4.08834e-02
2.02753e+01 1.82416e+00 -4.60469e-02
2.67687e+01 1.45279e+00 -7.63673e-02
2.85932e+01 1.28733e+00 -1.12001e-01
2.92547e+01 1.20306e+00 -1.47542e-01
2.96204e+01 1.14235e+00 -1.89256e-01
2.99118e+01 1.07833e+00 -2.59508e-01
3.01992e+01 9.81400e-01 -4.55620e-01
3.03967e+01 8.51377e-01 -9.89287e-01
3.05394e+01 6.07461e-01 -3.01648e+00
3.06165e+01 2.11301e-01 -8.56864e+00
3.06624e+01 -3.79056e-01 -1.82405e+01
3.06970e+01 -1.13139e+00 -2.31066e+01
3.07995e+01 -2.00262e+00 -4.29890e-01
3.09201e+01 -2.00702e+00 3.80275e-02
3.11425e+01 -1.99834e+00 3.92448e-02
3.16435e+01 -1.97851e+00 3.99050e-02
3.33211e+01 -1.90954e+00 4.24092e-02
3.73474e+01 -1.72252e+00 5.14181e-02
4.24128e+01 -1.39935e+00 8.49655e-02
4.39486e+01 -1.24233e+00 1.28600e-01
4.45415e+01 -1.15316e+00 1.80416e-01
4.49228e+01 -1.06999e+00 2.71448e-01
4.51982e+01 -9.72316e-01 4.81628e-01
4.53900e+01 -8.37277e-01 1.06968e+00
4.55300e+01 -5.72436e-01 3.41105e+00
4.56024e+01 -1.55692e-01 9.48304e+00
4.56479e+01 4.89570e-01 1.97604e+01
4.57109e+01 1.75124e+00 1.13658e+01
4.58079e+01 2.00853e+00 6.82850e-02
4.59502e+01 2.00507e+00 -3.89565e-02
4.62082e+01 1.99496e+00 -3.93558e-02
4.69632e+01 1.96486e+00 -4.03741e-02
4.94103e+01 1.86141e+00 -4.43768e-02
5.49607e+01 1.57412e+00 -6.24266e-02
5.66256e+01 1.46056e+00 -7.52718e-02
5.89045e+01 1.24536e+00 -1.27331e-01
5.96279e+01 1.13302e+00 -1.97491e-01
6.00029e+01 1.04043e+00 -3.20403e-01
6.02475e+01 9.34771e-01 -6.05938e-01
6.04196e+01 7.74475e-01 -1.48392e+00
6.05512e+01 3.86156e-01 -5.86145e+00
6.06117e+01 -2.10175e-01 -1.56284e+01
6.06468e+01 -9.11270e-01 -2.32927e+01
6.07490e+01 -1.99703e+00 -7.34430e-01
6.08660e+01 -2.00752e+00 3.70787e-02
6.10841e+01 -1.99903e+00 3.92223e-02
6.15505e+01 -1.98060e+00 3.98344e-02
6.31619e+01 -1.91455e+00 4.22154e-02
6.70678e+01 -1.73472e+00 5.07001e-02
7.26253e+01 -1.37732e+00 8.91512e-02
7.42704e+01 -1.19149e+00 1.54159e-01
7.48523e+01 -1.07791e+00 2.60089e-01
7.51536e+01 -9.74196e-01 4.76122e-01
7.53476e+01 -8.39093e-01 1.05907e+00
7.54878e+01 -5.77459e-01 3.35303e+00
7.55608e+01 -1.64026e-01 9.34484e+00
7.56062e+01 4.70990e-01 1.95178e+01
7.56662e+01 1.70275e+00 1.30070e+01
7.57699e+01 2.00870e+00 5.38830e-02
7.59073e+01 2.00515e+00 -3.89457e-02
7.61642e+01 1.99509e+00 -3.93515e-02
7.69048e+01 1.96558e+00 -4.03492e-02
7.92896e+01 1.86496e+00 -4.42249e-02
8.47067e+01 1.58730e+00 -6.12378e-02
8.63587e+01 1.47732e+00 -7.30189e-02
8.89286e+01 1.23700e+00 -1.30894e-01
8.96825e+01 1.11331e+00 -2.16913e-01
9.00451e+01 1.01156e+00 -3.79639e-01
9.02662e+01 8.94181e-01 -7.73205e-01
9.04217e+01 6.98903e-01 -2.10244e+00
9.05176e+01 3.42117e-01 -6.51332e+00
9.05687e+01 -1.74052e-01 -1.50375e+01
9.06066e+01 -9.21342e-01 -2.33197e+01
9.07113e+01 -1.99908e+00 -6.24224e-01
9.08360e+01 -2.00712e+00 3.78862e-02
9.10570e+01 -1.99850e+00 3.92397e-02
9.15498e+01 -1.97900e+00 3.98884e-02
9.32100e+01 -1.91079e+00 4.23605e-02
9.72045e+01 -1.72568e+00 5.12302e-02
1.00000e+02 -1.56782e+00 6.30124e-02
