1.00000e-06 1.00000e+00 -1.00000e-06
6.00000e-06 1.00000e+00 -6.00000e-06
3.10000e-05 1.00000e+00 -3.10000e-05
1.56000e-04 1.00000e+00 -1.56000e-04
7.81000e-04 1.00000e+00 -7.81000e-04
3.90600e-03 9.99992e-01 -3.90599e-03
1.95310e-02 9.99809e-01 -1.95309e-02
9.76560e-02 9.95221e-01 -9.82302e-02
4.88281e-01 8.08372e-01 -1.56413e+00
5.08755e-01 7.72012e-01 -2.01721e+00
5.29229e-01 7.24181e-01 -2.70626e+00
5.49703e-01 6.58344e-01 -3.81975e+00
5.70177e-01 5.62237e-01 -5.75992e+00
5.90650e-01 4.10750e-01 -9.46100e+00
6.11124e-01 1.48054e-01 -1.71687e+01
6.30867e-01 -3.22732e-01 -3.18394e+01
6.49251e-01 -1.04036e+00 -4.31389e+01
7.04965e-01 -1.99430e+00 -9.72843e-01
7.63647e-01 -2.00341e+00 1.72791e-02
8.76727e-01 -2.00109e+00 2.08106e-02
1.10797e+00 -1.99627e+00 2.08945e-02
1.98903e+00 -1.97772e+00 2.12243e-02
4.83910e+00 -1.91557e+00 2.24196e-02
1.16597e+01 -1.74999e+00 2.65036e-02
2.35004e+01 -1.33496e+00 5.30410e-02
2.63990e+01 -1.11839e+00 1.26843e-01
2.70414e+01 -9.93622e-01 3.46840e-01
2.72431e+01 -8.79898e-01 9.79607e-01
2.73474e+01 -6.94646e-01 3.30052e+00
2.73985e+01 -4.01316e-01 9.83054e+00
2.74253e+01 -2.63066e-03 2.19052e+01
2.74456e+01 6.14072e-01 3.91641e+01
2.74786e+01 1.79094e+00 1.79783e+01
2.75294e+01 2.00366e+00 1.56467e-01
2.76053e+01 2.00392e+00 -2.06460e-02
2.77380e+01 2.00117e+00 -2.08094e-02
2.80989e+01 1.99363e+00 -2.09407e-02
2.95742e+01 1.96233e+00 -2.15069e-02
3.42940e+01 1.85587e+00 -2.37204e-02
4.40307e+01 1.58932e+00 -3.25169e-02
4.71758e+01 1.47795e+00 -3.89252e-02
5.19739e+01 1.23688e+00 -7.18285e-02
5.33349e+01 1.10910e+00 -1.34587e-01
5.38059e+01 1.02376e+00 -2.62482e-01
5.40200e+01 9.44177e-01 -5.53886e-01
5.41522e+01 8.26822e-01 -1.47861e+00
5.42478e+01 5.27246e-01 -6.66748e+00
5.42851e+01 1.05206e-01 -1.86349e+01
5.43084e+01 -5.34946e-01 -3.74703e+01
5.43379e+01 -1.67189e+00 -2.56037e+01
5.43999e+01 -2.00432e+00 -8.17387e-02
5.44710e+01 -2.00391e+00 2.06549e-02
5.46054e+01 -2.00111e+00 2.08103e-02
5.49768e+01 -1.99336e+00 2.09455e-02
5.64970e+01 -1.96108e+00 2.15302e-02
6.12178e+01 -1.85447e+00 2.37530e-02
7.09465e+01 -1.58766e+00 3.25952e-02
7.40986e+01 -1.47569e+00 3.90851e-02
7.88179e+01 -1.23837e+00 7.14381e-02
8.01884e+01 -1.11063e+00 1.33258e-01
8.06626e+01 -1.02587e+00 2.57559e-01
8.08796e+01 -9.47082e-01 5.39024e-01
8.10134e+01 -8.32047e-01 1.42345e+00
8.11114e+01 -5.35643e-01 6.47398e+00
8.11494e+01 -1.15513e-01 1.83090e+01
8.11728e+01 5.15158e-01 3.70119e+01
8.12021e+01 1.65258e+00 2.66943e+01
8.12600e+01 2.00380e+00 1.41476e-01
8.13276e+01 2.00407e+00 -2.05232e-02
8.14555e+01 2.00142e+00 -2.08050e-02
8.17793e+01 1.99466e+00 -2.09226e-02
8.31146e+01 1.96639e+00 -2.14314e-02
8.81157e+01 1.85369e+00 -2.37713e-02
9.82705e+01 1.57253e+00 -3.33299e-02
1.00000e+02 1.51214e+00 -3.66740e-02
