1.00000e-06 1.00000e+00 -1.00000e-06
6.00000e-06 1.00000e+00 -6.00000e-06
3.10000e-05 1.00000e+00 -3.10000e-05
1.56000e-04 1.00000e+00 -1.56000e-04
7.81000e-04 1.00000e+00 -7.81000e-04
3.90600e-03 9.99992e-01 -3.90599e-03
1.95310e-02 9.99809e-01 -1.95319e-02
9.76560e-02 9.95209e-01 -9.88756e-02
1.75781e-01 9.84070e-01 -1.90008e-01
2.53906e-01 9.64396e-01 -3.26197e-01
3.32031e-01 9.29298e-01 -6.18018e-01
4.10156e-01 8.50387e-01 -1.67125e+00
4.60593e-01 7.00832e-01 -5.26959e+00
4.85910e-01 4.85086e-01 -1.36282e+01
5.00614e-01 1.88613e-01 -2.92731e+01
5.11126e-01 -2.38297e-01 -5.44829e+01
5.21441e-01 -9.55892e-01 -8.03347e+01
5.52766e-01 -1.99275e+00 -1.69520e+00
5.84091e-01 -2.00188e+00 5.04161e-03
6.41950e-01 -2.00127e+00 1.10986e-02
7.56146e-01 -2.00000e+00 1.11105e-02
1.16378e+00 -1.99546e+00 1.11527e-02
2.91456e+00 -1.97577e+00 1.13400e-02
8.70063e+00 -1.90820e+00 1.20403e-02
2.29004e+01 -1.72082e+00 1.46215e-02
4.42344e+01 -1.29963e+00 3.13578e-02
4.80168e+01 -1.14388e+00 6.05832e-02
4.90384e+01 -1.06125e+00 1.19619e-01
4.94128e+01 -9.96373e-01 2.77504e-01
4.95640e+01 -9.31759e-01 6.96297e-01
4.96518e+01 -8.23268e-01 2.26486e+00
4.96978e+01 -6.31135e-01 7.69547e+00
4.97189e+01 -3.73244e-01 1.91919e+01
4.97315e+01 -2.40162e-02 3.91086e+01
4.97413e+01 4.98375e-01 6.79740e+01
4.97588e+01 1.72008e+00 4.19492e+01
4.97848e+01 1.99954e+00 5.60238e-01
4.98202e+01 2.00231e+00 -1.01291e-02
4.98822e+01 2.00163e+00 -1.10955e-02
5.00221e+01 2.00007e+00 -1.11099e-02
5.06128e+01 1.99349e+00 -1.11712e-02
5.30520e+01 1.96592e+00 -1.14364e-02
6.14599e+01 1.86537e+00 -1.25371e-02
7.99710e+01 1.59782e+00 -1.71434e-02
9.06647e+01 1.37942e+00 -2.54383e-02
9.25318e+01 1.32894e+00 -2.88630e-02
9.65790e+01 1.18237e+00 -4.90175e-02
9.72632e+01 1.14545e+00 -6.00044e-02
9.76729e+01 1.11869e+00 -7.16786e-02
9.84226e+01 1.04678e+00 -1.41021e-01
9.87202e+01 9.85898e-01 -3.23293e-01
9.88540e+01 9.18447e-01 -8.27681e-01
9.89352e+01 7.95219e-01 -2.85451e+00
9.89747e+01 5.93182e-01 -9.12182e+00
9.89937e+01 3.24299e-01 -2.17716e+01
9.90055e+01 -4.47777e-02 -4.32342e+01
9.90154e+01 -6.12396e-01 -7.26967e+01
9.90346e+01 -1.83397e+00 -2.71900e+01
9.90631e+01 -2.00155e+00 -1.86331e-01
9.91042e+01 -2.00218e+00 1.09719e-02
9.91749e+01 -2.00140e+00 1.10976e-02
9.93664e+01 -1.99927e+00 1.11173e-02
1.00000e+02 -1.99221e+00 1.11832e-02
