1.00000e-06 1.00000e+00 -1.00000e-06
6.00000e-06 1.00000e+00 -6.00000e-06
3.10000e-05 1.00000e+00 -3.10000e-05
1.56000e-04 1.00000e+00 -1.56000e-04
7.81000e-04 1.00000e+00 -7.81000e-04
3.90600e-03 9.99992e-01 -3.90599e-03
1.95310e-02 9.99809e-01 -1.95298e-02
9.76560e-02 9.95235e-01 -9.75462e-02
4.88281e-01 8.80459e-01 -4.96330e-01
8.78906e-01 5.88090e-01 -1.05547e+00
1.26953e+00 -2.96060e-02 -2.27976e+00
1.61309e+00 -1.05987e+00 -3.37150e+00
2.58721e+00 -1.87095e+00 3.15902e-01
3.58823e+00 -1.45657e+00 5.19948e-01
4.16247e+00 -1.09180e+00 7.96069e-01
4.62657e+00 -5.96855e-01 1.46358e+00
4.98371e+00 1.48292e-01 2.90537e+00
5.26629e+00 1.14458e+00 3.72399e+00
6.12269e+00 1.96501e+00 -2.81571e-01
7.04927e+00 1.62531e+00 -4.38484e-01
8.50420e+00 4.99895e-01 -1.63358e+00
8.89759e+00 -4.62819e-01 -3.44080e+00
9.43337e+00 -1.95685e+00 -7.73362e-01
1.02261e+01 -1.87344e+00 3.44005e-01
1.17125e+01 -1.15299e+00 7.38417e-01
1.22993e+01 -5.31669e-01 1.57673e+00
1.26496e+01 2.56548e-01 3.10563e+00
1.29153e+01 1.21544e+00 3.64573e+00
1.37395e+01 1.96865e+00 -2.76835e-01
1.46814e+01 1.62431e+00 -4.38910e-01
1.60970e+01 5.58420e-01 -1.52974e+00
1.65024e+01 -3.78229e-01 -3.31217e+00
1.67652e+01 -1.33962e+00 -3.44373e+00
1.75697e+01 -1.96438e+00 2.82371e-01
1.85844e+01 -1.58494e+00 4.56122e-01
2.00619e+01 -2.94518e-01 2.02335e+00
2.04221e+01 7.50803e-01 3.75250e+00
2.12552e+01 1.99726e+00 -2.17982e-01
2.20882e+01 1.71793e+00 -4.01740e-01
2.36143e+01 7.15381e-01 -1.27182e+00
2.40744e+01 -1.95744e-01 -2.99478e+00
2.43677e+01 -1.24290e+00 -3.60837e+00
2.51967e+01 -1.96520e+00 2.81347e-01
2.61631e+01 -1.60799e+00 4.45915e-01
2.76784e+01 -3.21362e-01 1.97062e+00
2.80444e+01 7.22371e-01 3.73209e+00
2.87918e+01 2.01393e+00 -1.31748e-01
2.96588e+01 1.74148e+00 -3.93041e-01
3.16149e+01 5.01720e-02 -2.51421e+00
3.20061e+01 -1.27352e+00 -3.56190e+00
3.28632e+01 -1.95468e+00 2.93289e-01
3.39530e+01 -1.53401e+00 4.80038e-01
3.44217e+01 -1.27659e+00 6.36772e-01
3.48903e+01 -9.05901e-01 1.00486e+00
3.53161e+01 -3.05806e-01 2.00113e+00
3.56359e+01 5.81637e-01 3.59574e+00
3.63028e+01 2.01852e+00 8.00076e-02
3.70372e+01 1.83597e+00 -3.58854e-01
3.87338e+01 8.76724e-01 -1.04227e+00
3.92317e+01 8.26752e-02 -2.44863e+00
3.95240e+01 -8.53900e-01 -3.80390e+00
4.03921e+01 -1.98248e+00 2.54447e-01
4.13492e+01 -1.64033e+00 4.32195e-01
4.29128e+01 -3.70039e-01 1.87616e+00
4.32888e+01 6.65618e-01 3.68390e+00
4.39300e+01 2.01830e+00 8.67437e-02
4.46924e+01 1.82685e+00 -3.62240e-01
4.64570e+01 7.73062e-01 -1.18540e+00
4.69216e+01 -7.35447e-02 -2.76080e+00
4.72149e+01 -1.08584e+00 -3.77023e+00
4.81069e+01 -1.95933e+00 2.88315e-01
4.90524e+01 -1.60813e+00 4.45856e-01
5.06036e+01 -2.48694e-01 2.11425e+00
5.09629e+01 8.31413e-01 3.79585e+00
5.18346e+01 1.98307e+00 -2.53300e-01
5.27810e+01 1.64591e+00 -4.29898e-01
5.43014e+01 4.69982e-01 -1.68807e+00
5.46924e+01 -5.17051e-01 -3.51557e+00
5.51926e+01 -1.94011e+00 -9.05894e-01
5.60299e+01 -1.86494e+00 3.47559e-01
5.74851e+01 -1.15786e+00 7.34036e-01
5.80618e+01 -5.57752e-01 1.53090e+00
5.84137e+01 2.10270e-01 3.02165e+00
5.86848e+01 1.17976e+00 3.68838e+00
5.95226e+01 1.96758e+00 -2.78265e-01
6.04518e+01 1.62817e+00 -4.37277e-01
6.18722e+01 5.64540e-01 -1.51910e+00
6.22796e+01 -3.71459e-01 -3.30130e+00
6.25427e+01 -1.33343e+00 -3.45586e+00
6.33474e+01 -1.96482e+00 2.81831e-01
6.43779e+01 -1.57837e+00 4.59097e-01
6.58285e+01 -3.19879e-01 1.97352e+00
6.61902e+01 7.09119e-01 3.72171e+00
6.69033e+01 2.01798e+00 -8.02279e-02
6.77877e+01 1.74951e+00 -3.90119e-01
6.96998e+01 2.02057e-01 -2.20762e+00
7.00823e+01 -1.00161e+00 -3.80856e+00
7.11087e+01 -1.92525e+00 3.17274e-01
7.21351e+01 -1.51813e+00 4.87909e-01
7.26454e+01 -1.22782e+00 6.74570e-01
7.31551e+01 -7.80595e-01 1.17447e+00
7.35404e+01 -1.43809e-01 2.32506e+00
7.38357e+01 7.67754e-01 3.76343e+00
7.46959e+01 1.99001e+00 -2.38137e-01
7.55562e+01 1.69397e+00 -4.10814e-01
7.70741e+01 6.48203e-01 -1.37829e+00
7.75103e+01 -2.78152e-01 -3.14390e+00
7.77836e+01 -1.26741e+00 -3.57159e+00
7.85996e+01 -1.96692e+00 2.79136e-01
7.95977e+01 -1.59654e+00 4.50938e-01
8.11633e+01 -1.59963e-01 2.29244e+00
8.15151e+01 9.56231e-01 3.81645e+00
8.24819e+01 1.94735e+00 -3.00316e-01
8.34488e+01 1.58011e+00 -4.58304e-01
8.39253e+01 1.33233e+00 -5.97025e-01
8.44019e+01 9.84826e-01 -9.10056e-01
8.48784e+01 3.67388e-01 -1.88126e+00
8.52321e+01 -5.89426e-01 -3.60471e+00
8.58586e+01 -2.01346e+00 -1.88367e-01
8.65934e+01 -1.84947e+00 3.53713e-01
8.82905e+01 -9.14720e-01 9.93805e-01
8.87999e+01 -1.44312e-01 2.32405e+00
8.90988e+01 7.80567e-01 3.77107e+00
8.99953e+01 1.98016e+00 -2.58789e-01
9.08917e+01 1.66238e+00 -4.23213e-01
9.24483e+01 4.74126e-01 -1.68047e+00
9.28420e+01 -5.18277e-01 -3.51718e+00
9.33426e+01 -1.94070e+00 -9.01386e-01
9.41772e+01 -1.86563e+00 3.47274e-01
9.56327e+01 -1.15918e+00 7.32859e-01
9.62099e+01 -5.59473e-01 1.52790e+00
9.65620e+01 2.07208e-01 3.01601e+00
9.68335e+01 1.17757e+00 3.69078e+00
9.76723e+01 1.96748e+00 -2.78399e-01
9.86011e+01 1.62819e+00 -4.37268e-01
1.00000e+02 5.96669e-01 -1.46400e+00
