1.00000e-06 1.00000e+00 -1.00000e-06
6.00000e-06 1.00000e+00 -6.00000e-06
3.10000e-05 1.00000e+00 -3.10000e-05
1.56000e-04 1.00000e+00 -1.56000e-04
7.81000e-04 1.00000e+00 -7.81000e-04
3.90600e-03 9.99992e-01 -3.90599e-03
1.95310e-02 9.99809e-01 -1.95302e-02
9.76560e-02 9.95231e-01 -9.77506e-02
4.88281e-01 8.66232e-01 -6.55842e-01
7.22832e-01 5.75499e-01 -2.34573e+00
8.44285e-01 6.21702e-02 -7.33896e+00
9.09281e-01 -6.22107e-01 -1.39665e+01
1.00292e+00 -1.80113e+00 -6.27441e+00
1.16173e+00 -2.00782e+00 1.93497e-02
1.40312e+00 -1.99445e+00 6.07799e-02
1.85114e+00 -1.96690e+00 6.22259e-02
3.22449e+00 -1.87804e+00 6.74073e-02
7.35646e+00 -1.54603e+00 1.00100e-01
8.64960e+00 -1.40021e+00 1.29304e-01
9.22847e+00 -1.31858e+00 1.55061e-01
1.01574e+01 -1.13380e+00 2.72727e-01
1.05616e+01 -9.88086e-01 5.00394e-01
1.07988e+01 -8.19008e-01 1.05425e+00
1.09764e+01 -4.98988e-01 3.13786e+00
1.10751e+01 1.61180e-02 8.37643e+00
1.11373e+01 7.39651e-01 1.48303e+01
1.12498e+01 1.92906e+00 2.91049e+00
1.13962e+01 2.01269e+00 -3.61398e-02
1.16873e+01 1.99585e+00 -6.07215e-02
1.22106e+01 1.96364e+00 -6.24002e-02
1.39350e+01 1.85049e+00 -6.92157e-02
1.78309e+01 1.52906e+00 -1.02761e-01
1.90839e+01 1.38349e+00 -1.33849e-01
1.96769e+01 1.29605e+00 -1.64068e-01
2.03466e+01 1.16421e+00 -2.44337e-01
2.07526e+01 1.03981e+00 -3.98627e-01
2.10197e+01 8.95830e-01 -7.56732e-01
2.12150e+01 6.65841e-01 -1.88889e+00
2.13457e+01 2.36325e-01 -5.64365e+00
2.14244e+01 -4.60286e-01 -1.28954e+01
2.14741e+01 -1.19413e+00 -1.50411e+01
2.16304e+01 -2.00956e+00 -2.15627e-01
2.18308e+01 -2.00574e+00 5.98937e-02
2.21916e+01 -1.98382e+00 6.13377e-02
2.30727e+01 -1.92848e+00 6.43537e-02
2.54457e+01 -1.76346e+00 7.57163e-02
3.00429e+01 -1.28628e+00 1.68288e-01
3.10228e+01 -1.05409e+00 3.75047e-01
3.13619e+01 -8.67655e-01 8.56564e-01
3.15498e+01 -6.08589e-01 2.28038e+00
3.16662e+01 -1.55830e-01 6.49719e+00
3.17495e+01 7.09273e-01 1.46730e+01
3.18529e+01 1.89030e+00 4.06040e+00
3.20066e+01 2.01283e+00 -3.27565e-02
3.22709e+01 1.99771e+00 -6.06248e-02
3.27563e+01 1.96791e+00 -6.21719e-02
3.42660e+01 1.86992e+00 -6.79295e-02
3.80202e+01 1.57135e+00 -9.63960e-02
3.92253e+01 1.44306e+00 -1.18993e-01
4.05186e+01 1.25678e+00 -1.82404e-01
4.10799e+01 1.13351e+00 -2.73028e-01
4.14508e+01 1.00369e+00 -4.66818e-01
4.16944e+01 8.44833e-01 -9.45269e-01
4.18764e+01 5.60918e-01 -2.63674e+00
4.19837e+01 8.45629e-02 -7.27072e+00
4.20550e+01 -6.84471e-01 -1.45339e+01
4.21547e+01 -1.86694e+00 -4.72049e+00
4.23199e+01 -2.01261e+00 3.78607e-02
4.25799e+01 -1.99760e+00 6.06307e-02
4.30681e+01 -1.96763e+00 6.21872e-02
4.45884e+01 -1.86888e+00 6.79968e-02
4.83445e+01 -1.56969e+00 9.66294e-02
4.95503e+01 -1.44093e+00 1.19465e-01
5.08128e+01 -1.25913e+00 1.81199e-01
5.13615e+01 -1.14040e+00 2.66148e-01
5.17501e+01 -1.00732e+00 4.59390e-01
5.19967e+01 -8.49418e-01 9.26877e-01
5.21796e+01 -5.71197e-01 2.55766e+00
5.22886e+01 -1.00575e-01 7.09590e+00
5.23626e+01 6.91619e-01 1.45749e+01
5.24633e+01 1.87338e+00 4.54087e+00
5.26240e+01 2.01272e+00 -3.54756e-02
5.28844e+01 1.99776e+00 -6.06224e-02
5.33693e+01 1.96800e+00 -6.21675e-02
5.48752e+01 1.87026e+00 -6.79069e-02
5.86290e+01 1.57188e+00 -9.63218e-02
5.98340e+01 1.44373e+00 -1.18845e-01
6.11376e+01 1.25591e+00 -1.82855e-01
6.17035e+01 1.13096e+00 -2.75642e-01
6.20697e+01 1.00151e+00 -4.71367e-01
6.23120e+01 8.41738e-01 -9.57844e-01
6.24933e+01 5.53847e-01 -2.69184e+00
6.25995e+01 7.34209e-02 -7.39264e+00
6.26693e+01 -6.84412e-01 -1.45335e+01
6.27692e+01 -1.86771e+00 -4.69911e+00
6.29338e+01 -2.01262e+00 3.75627e-02
6.31938e+01 -1.99763e+00 6.06296e-02
6.36816e+01 -1.96768e+00 6.21845e-02
6.51999e+01 -1.86907e+00 6.79842e-02
6.89555e+01 -1.57001e+00 9.65849e-02
7.01612e+01 -1.44134e+00 1.19374e-01
7.14292e+01 -1.25874e+00 1.81398e-01
7.19802e+01 -1.13923e+00 2.67293e-01
7.23649e+01 -1.00708e+00 4.59876e-01
7.26112e+01 -8.49255e-01 9.27524e-01
7.27940e+01 -5.70796e-01 2.56072e+00
7.29030e+01 -9.99342e-02 7.10288e+00
7.29769e+01 6.90963e-01 1.45712e+01
7.30774e+01 1.87273e+00 4.55898e+00
7.32386e+01 2.01271e+00 -3.56685e-02
7.34989e+01 1.99775e+00 -6.06229e-02
7.39840e+01 1.96797e+00 -6.21687e-02
7.54907e+01 1.87018e+00 -6.79123e-02
7.92446e+01 1.57175e+00 -9.63394e-02
8.04496e+01 1.44357e+00 -1.18880e-01
8.17508e+01 1.25612e+00 -1.82745e-01
8.23156e+01 1.13158e+00 -2.75001e-01
8.26829e+01 1.00207e+00 -4.70200e-01
8.29255e+01 8.42534e-01 -9.54598e-01
8.31070e+01 5.55664e-01 -2.67762e+00
8.32135e+01 7.62873e-02 -7.36125e+00
8.32836e+01 -6.84114e-01 -1.45318e+01
8.33834e+01 -1.86718e+00 -4.71380e+00
8.35484e+01 -2.01261e+00 3.77838e-02
8.38084e+01 -1.99761e+00 6.06305e-02
8.42965e+01 -1.96764e+00 6.21865e-02
8.58164e+01 -1.86892e+00 6.79939e-02
8.95724e+01 -1.56976e+00 9.66193e-02
9.07782e+01 -1.44102e+00 1.19444e-01
9.20419e+01 -1.25905e+00 1.81243e-01
9.25911e+01 -1.14014e+00 2.66400e-01
9.29788e+01 -1.00728e+00 4.59458e-01
9.32253e+01 -8.49417e-01 9.26882e-01
9.34082e+01 -5.71193e-01 2.55769e+00
9.35173e+01 -1.00566e-01 7.09599e+00
9.35912e+01 6.91599e-01 1.45748e+01
9.36919e+01 1.87336e+00 4.54139e+00
9.38526e+01 2.01272e+00 -3.54810e-02
9.41130e+01 1.99776e+00 -6.06224e-02
9.45979e+01 1.96800e+00 -6.21675e-02
9.61038e+01 1.87026e+00 -6.79071e-02
9.98577e+01 1.57187e+00 -9.63223e-02
1.00000e+02 1.55802e+00 -9.83080e-02
