1.00000e-06 1.00000e+00 -1.00000e-06
6.00000e-06 1.00000e+00 -6.00000e-06
3.10000e-05 1.00000e+00 -3.10000e-05
1.56000e-04 1.00000e+00 -1.56000e-04
7.81000e-04 1.00000e+00 -7.81000e-04
3.90600e-03 9.99992e-01 -3.90599e-03
1.95310e-02 9.99809e-01 -1.95299e-02
9.76560e-02 9.95233e-01 -9.76142e-02
4.88281e-01 8.76139e-01 -5.42084e-01
8.77323e-01 4.75822e-01 -1.88109e+00
1.09647e+00 -2.36541e-01 -5.28094e+00
1.21999e+00 -1.05429e+00 -7.36178e+00
1.60962e+00 -2.00400e+00 5.00584e-02
2.00374e+00 -1.95647e+00 1.37004e-01
2.84219e+00 -1.83514e+00 1.53109e-01
4.93778e+00 -1.43696e+00 2.50938e-01
5.67758e+00 -1.21174e+00 3.82763e-01
6.12319e+00 -9.95240e-01 6.38716e-01
6.43324e+00 -7.21178e-01 1.26208e+00
6.68766e+00 -1.92679e-01 3.41877e+00
6.85229e+00 6.64336e-01 7.17325e+00
7.07943e+00 1.92272e+00 1.78515e+00
7.41364e+00 2.00889e+00 -1.19562e-01
8.02537e+00 1.92653e+00 -1.40823e-01
9.18600e+00 1.74926e+00 -1.66969e-01
1.11257e+01 1.33249e+00 -3.00497e-01
1.17881e+01 1.07659e+00 -5.22237e-01
1.21409e+01 8.29921e-01 -9.69316e-01
1.24227e+01 3.99044e-01 -2.45950e+00
1.26099e+01 -3.42984e-01 -6.01213e+00
1.27378e+01 -1.25882e+00 -7.23344e+00
1.30895e+01 -2.02096e+00 4.16531e-02
1.35049e+01 -1.97162e+00 1.35344e-01
1.43328e+01 -1.85360e+00 1.50444e-01
1.64927e+01 -1.45117e+00 2.45347e-01
1.72413e+01 -1.22996e+00 3.68180e-01
1.77054e+01 -1.01397e+00 6.09416e-01
1.80221e+01 -7.49665e-01 1.17951e+00
1.82971e+01 -2.02167e-01 3.37263e+00
1.84632e+01 6.55129e-01 7.14810e+00
1.86926e+01 1.92436e+00 1.76126e+00
1.90256e+01 2.00892e+00 -1.19507e-01
1.96390e+01 1.92633e+00 -1.40847e-01
2.08013e+01 1.74875e+00 -1.67060e-01
2.27262e+01 1.33601e+00 -2.98545e-01
2.33928e+01 1.08053e+00 -5.17286e-01
2.37477e+01 8.35136e-01 -9.56806e-01
2.40291e+01 4.13167e-01 -2.39817e+00
2.42169e+01 -3.11866e-01 -5.87494e+00
2.43438e+01 -1.21365e+00 -7.36045e+00
2.46986e+01 -2.02108e+00 3.72282e-02
2.51099e+01 -1.97260e+00 1.35214e-01
2.59329e+01 -1.85543e+00 1.50186e-01
2.80493e+01 -1.46469e+00 2.40241e-01
2.87998e+01 -1.24935e+00 3.53594e-01
2.92883e+01 -1.03145e+00 5.83447e-01
2.96122e+01 -7.75045e-01 1.10945e+00
2.99360e+01 -1.06056e-01 3.84554e+00
3.00857e+01 7.29526e-01 7.33450e+00
3.03325e+01 1.96429e+00 1.15224e+00
3.06552e+01 2.00681e+00 -1.22514e-01
3.14133e+01 1.90326e+00 -1.43746e-01
3.28165e+01 1.67883e+00 -1.80502e-01
3.46708e+01 1.22584e+00 -3.71409e-01
3.52393e+01 9.36451e-01 -7.41047e-01
3.55358e+01 6.19296e-01 -1.59059e+00
3.57542e+01 5.81052e-02 -4.08463e+00
3.58966e+01 -7.64378e-01 -7.40799e+00
3.61670e+01 -1.99037e+00 -7.16683e-01
3.64935e+01 -2.00281e+00 1.26475e-01
3.72121e+01 -1.90432e+00 1.43610e-01
3.85997e+01 -1.68295e+00 1.79648e-01
4.02708e+01 -1.29691e+00 3.21477e-01
4.09346e+01 -1.01110e+00 6.13810e-01
4.12600e+01 -7.33464e-01 1.22596e+00
4.15260e+01 -1.87094e-01 3.44599e+00
4.16885e+01 6.60729e-01 7.16346e+00
4.19153e+01 1.92133e+00 1.80535e+00
4.22503e+01 2.00889e+00 -1.19563e-01
4.28605e+01 1.92675e+00 -1.40796e-01
4.40192e+01 1.74984e+00 -1.66866e-01
4.59758e+01 1.32843e+00 -3.02771e-01
4.66338e+01 1.07190e+00 -5.28226e-01
4.69840e+01 8.23621e-01 -9.84616e-01
4.72665e+01 3.81202e-01 -2.53791e+00
4.74534e+01 -3.84725e-01 -6.19068e+00
4.75811e+01 -1.30605e+00 -7.07271e+00
4.79315e+01 -2.02072e+00 4.86327e-02
4.83806e+01 -1.96632e+00 1.36018e-01
4.92343e+01 -1.84381e+00 1.51845e-01
5.17834e+01 -1.32801e+00 3.03011e-01
5.24647e+01 -1.05857e+00 5.45693e-01
5.28107e+01 -8.02857e-01 1.03649e+00
5.30979e+01 -3.13314e-01 2.84508e+00
5.32932e+01 6.07341e-01 7.00867e+00
5.34988e+01 1.85739e+00 2.68143e+00
5.38646e+01 2.00864e+00 -1.19953e-01
5.44284e+01 1.93297e+00 -1.40034e-01
5.55353e+01 1.76575e+00 -1.64104e-01
5.78910e+01 1.22742e+00 -3.70164e-01
5.84790e+01 9.25014e-01 -7.62853e-01
5.87730e+01 5.98511e-01 -1.66375e+00
5.89865e+01 2.53457e-02 -4.24845e+00
5.91252e+01 -7.95627e-01 -7.46588e+00
5.94244e+01 -2.00810e+00 -3.85052e-01
5.97715e+01 -1.99592e+00 1.30326e-01
6.08277e+01 -1.84666e+00 1.51435e-01
6.27885e+01 -1.48770e+00 2.32006e-01
6.35340e+01 -1.28430e+00 3.29516e-01
6.41001e+01 -1.04572e+00 5.63210e-01
6.44332e+01 -7.92001e-01 1.06449e+00
6.47323e+01 -2.46963e-01 3.15689e+00
6.49140e+01 6.68636e-01 7.18480e+00
6.51445e+01 1.92961e+00 1.68414e+00
6.54751e+01 2.00886e+00 -1.19612e-01
6.60954e+01 1.92527e+00 -1.40978e-01
6.72673e+01 1.74590e+00 -1.67567e-01
6.91057e+01 1.35636e+00 -2.87704e-01
6.98056e+01 1.09878e+00 -4.95072e-01
7.01720e+01 8.57971e-01 -9.03666e-01
7.04534e+01 4.69342e-01 -2.16116e+00
7.06456e+01 -1.98507e-01 -5.35080e+00
7.07702e+01 -1.04428e+00 -7.62043e+00
7.11574e+01 -2.02065e+00 5.04778e-02
7.15445e+01 -1.97453e+00 1.34954e-01
7.23669e+01 -1.85766e+00 1.49872e-01
7.44335e+01 -1.48006e+00 2.34680e-01
7.51838e+01 -1.27176e+00 3.37838e-01
7.57153e+01 -1.04406e+00 5.65515e-01
7.60459e+01 -7.91530e-01 1.06572e+00
7.63470e+01 -2.39022e-01 3.19486e+00
7.65254e+01 6.62493e-01 7.16826e+00
7.67566e+01 1.92937e+00 1.68778e+00
7.70870e+01 2.00889e+00 -1.19567e-01
7.77069e+01 1.92537e+00 -1.40965e-01
7.88777e+01 1.74619e+00 -1.67515e-01
8.07253e+01 1.35422e+00 -2.88811e-01
8.14206e+01 1.09742e+00 -4.96692e-01
8.17860e+01 8.56440e-01 -9.07146e-01
8.20673e+01 4.65729e-01 -2.17605e+00
8.22591e+01 -2.05424e-01 -5.38372e+00
8.23836e+01 -1.05302e+00 -7.61487e+00
8.27680e+01 -2.02073e+00 4.84480e-02
8.31524e+01 -1.97512e+00 1.34872e-01
8.39726e+01 -1.85863e+00 1.49735e-01
8.60191e+01 -1.48627e+00 2.32502e-01
8.67687e+01 -1.28092e+00 3.31725e-01
8.73320e+01 -1.04149e+00 5.69121e-01
8.76633e+01 -7.85969e-01 1.08032e+00
8.79711e+01 -1.99991e-01 3.38319e+00
8.81377e+01 6.62734e-01 7.16891e+00
8.83655e+01 1.92351e+00 1.77372e+00
8.86992e+01 2.00890e+00 -1.19549e-01
8.93117e+01 1.92641e+00 -1.40836e-01
9.04733e+01 1.74897e+00 -1.67021e-01
9.24046e+01 1.33450e+00 -2.99379e-01
9.30694e+01 1.07886e+00 -5.19377e-01
9.34233e+01 8.32934e-01 -9.62072e-01
9.37049e+01 4.07308e-01 -2.42353e+00
9.38924e+01 -3.24621e-01 -5.93157e+00
9.40208e+01 -1.23990e+00 -7.28977e+00
9.43738e+01 -2.02101e+00 3.99144e-02
9.47854e+01 -1.97231e+00 1.35252e-01
9.56102e+01 -1.85484e+00 1.50269e-01
9.77402e+01 -1.46047e+00 2.41813e-01
9.87660e+01 -1.13217e+00 4.57567e-01
9.90128e+01 -1.00046e+00 6.30402e-01
9.92102e+01 -8.51010e-01 9.19583e-01
9.93682e+01 -6.71556e-01 1.41570e+00
9.94946e+01 -4.45888e-01 2.25872e+00
9.95956e+01 -1.57084e-01 3.59306e+00
9.96765e+01 2.00547e-01 5.36052e+00
9.97412e+01 6.01270e-01 6.98993e+00
1.00000e+02 1.95715e+00 1.26529e+00
