1.00000e-06 1.00000e+00 -1.00000e-06
6.00000e-06 1.00000e+00 -6.00000e-06
3.10000e-05 1.00000e+00 -3.10000e-05
1.56000e-04 1.00000e+00 -1.56000e-04
7.81000e-04 1.00000e+00 -7.81000e-04
3.90600e-03 9.99992e-01 -3.90599e-03
1.95310e-02 9.99809e-01 -1.95322e-02
9.76560e-02 9.95206e-01 -9.90148e-02
1.75781e-01 9.84015e-01 -1.91634e-01
2.53906e-01 9.63988e-01 -3.35594e-01
3.32031e-01 9.27012e-01 -6.68103e-01
4.10156e-01 8.35563e-01 -2.08136e+00
4.53299e-01 6.75022e-01 -6.64308e+00
4.74382e-01 4.51971e-01 -1.66412e+01
4.86927e-01 1.47064e-01 -3.48078e+01
4.96167e-01 -2.94533e-01 -6.33207e+01
5.05072e-01 -9.94148e-01 -8.84358e+01
5.31906e-01 -1.98993e+00 -2.37159e+00
5.62842e-01 -2.00169e+00 4.87534e-03
6.14607e-01 -2.00119e+00 1.00904e-02
7.18287e-01 -2.00015e+00 1.00993e-02
1.08805e+00 -1.99641e+00 1.01309e-02
2.73806e+00 -1.97957e+00 1.02758e-02
8.44277e+00 -1.91940e+00 1.08342e-02
2.28027e+01 -1.75072e+00 1.28440e-02
4.98695e+01 -1.25982e+00 3.23664e-02
5.09637e+01 -1.22184e+00 3.73841e-02
5.30775e+01 -1.12233e+00 6.37974e-02
5.37890e+01 -1.06555e+00 1.05623e-01
5.41083e+01 -1.02227e+00 1.82814e-01
5.42875e+01 -9.77207e-01 3.63434e-01
5.44015e+01 -9.12401e-01 9.29358e-01
5.44759e+01 -7.81197e-01 3.43101e+00
5.45095e+01 -5.77049e-01 1.06672e+01
5.45258e+01 -3.08563e-01 2.48139e+01
5.45363e+01 6.07074e-02 4.85360e+01
5.45452e+01 6.32304e-01 8.07019e+01
5.45632e+01 1.85637e+00 2.62881e+01
5.45878e+01 2.00114e+00 2.32945e-01
5.46254e+01 2.00198e+00 -9.94343e-03
5.46888e+01 2.00135e+00 -1.00893e-02
5.48573e+01 1.99965e+00 -1.01036e-02
5.56995e+01 1.99110e+00 -1.01761e-02
5.91515e+01 1.95544e+00 -1.04919e-02
6.93886e+01 1.84241e+00 -1.16574e-02
9.11059e+01 1.54352e+00 -1.69122e-02
1.00000e+02 1.36817e+00 -2.37525e-02
