1.00000e-06 1.00000e+00 -1.00000e-06
6.00000e-06 1.00000e+00 -6.00000e-06
3.10000e-05 1.00000e+00 -3.10000e-05
1.56000e-04 1.00000e+00 -1.56000e-04
7.81000e-04 1.00000e+00 -7.81000e-04
3.90600e-03 9.99992e-01 -3.90599e-03
1.95310e-02 9.99809e-01 -1.95307e-02
9.76560e-02 9.95224e-01 -9.80928e-02
4.88281e-01 8.30244e-01 -1.17222e+00
6.12083e-01 5.05205e-01 -5.86887e+00
6.61341e-01 -2.05568e-02 -1.84355e+01
6.85431e-01 -6.25238e-01 -3.20319e+01
7.26685e-01 -1.80650e+00 -1.37164e+01
7.91228e-01 -2.00375e+00 -8.74894e-02
8.88329e-01 -2.00271e+00 2.55206e-02
1.06023e+00 -1.99830e+00 2.56702e-02
1.58591e+00 -1.98473e+00 2.59645e-02
3.67351e+00 -1.92922e+00 2.72513e-02
9.10680e+00 -1.76957e+00 3.19124e-02
1.87908e+01 -1.36932e+00 5.98157e-02
2.13604e+01 -1.16589e+00 1.17740e-01
2.20508e+01 -1.05814e+00 2.23884e-01
2.23394e+01 -9.68799e-01 4.53293e-01
2.25023e+01 -8.56848e-01 1.08567e+00
2.26140e+01 -6.34922e-01 3.70775e+00
2.26679e+01 -2.93593e-01 1.06100e+01
2.26979e+01 1.80632e-01 2.26720e+01
2.27244e+01 9.79335e-01 3.53344e+01
2.27989e+01 2.00000e+00 5.48580e-01
2.28734e+01 2.00541e+00 -2.38698e-02
2.30157e+01 2.00179e+00 -2.55958e-02
2.33231e+01 1.99390e+00 -2.57650e-02
2.48601e+01 1.95361e+00 -2.66686e-02
2.95618e+01 1.82039e+00 -3.02438e-02
3.84907e+01 1.49432e+00 -4.64953e-02
4.09530e+01 1.36507e+00 -6.04217e-02
4.18475e+01 1.30698e+00 -7.02249e-02
4.40340e+01 1.08053e+00 -1.91556e-01
4.45046e+01 9.29760e-01 -6.23551e-01
4.46570e+01 7.65360e-01 -1.94928e+00
4.47443e+01 4.29562e-01 -7.53688e+00
4.47823e+01 -3.31982e-02 -1.88903e+01
4.48095e+01 -7.53088e-01 -3.38964e+01
4.48579e+01 -1.91792e+00 -6.66954e+00
4.49173e+01 -2.00575e+00 -4.46424e-02
4.50318e+01 -2.00372e+00 2.55462e-02
4.52271e+01 -1.99872e+00 2.56613e-02
4.58296e+01 -1.98316e+00 2.59991e-02
4.81150e+01 -1.92216e+00 2.74254e-02
5.37970e+01 -1.75324e+00 3.24935e-02
6.37353e+01 -1.32101e+00 6.75482e-02
6.59979e+01 -1.10321e+00 1.65546e-01
6.65170e+01 -9.71243e-01 4.44260e-01
6.66980e+01 -8.42516e-01 1.19995e+00
6.68056e+01 -6.01171e-01 4.25525e+00
6.68556e+01 -2.41748e-01 1.18623e+01
6.68844e+01 2.62265e-01 2.46885e+01
6.69119e+01 1.13374e+00 3.48550e+01
6.69787e+01 1.99787e+00 7.21450e-01
6.70561e+01 2.00542e+00 -2.38160e-02
6.71971e+01 2.00184e+00 -2.55949e-02
6.75012e+01 1.99403e+00 -2.57622e-02
6.89064e+01 1.95726e+00 -2.65840e-02
7.30428e+01 1.84140e+00 -2.96096e-02
8.12723e+01 1.55619e+00 -4.20260e-02
8.38120e+01 1.43870e+00 -5.15339e-02
8.70002e+01 1.23059e+00 -8.98006e-02
8.79695e+01 1.12198e+00 -1.48099e-01
8.83912e+01 1.04256e+00 -2.51155e-01
8.86282e+01 9.62204e-01 -4.78593e-01
8.87845e+01 8.48365e-01 -1.15236e+00
8.88952e+01 6.09384e-01 -4.11876e+00
8.89464e+01 2.50738e-01 -1.16426e+01
8.89755e+01 -2.50302e-01 -2.43980e+01
8.90025e+01 -1.10072e+00 -3.50692e+01
8.90702e+01 -1.99791e+00 -7.18641e-01
8.91441e+01 -2.00550e+00 2.32720e-02
8.92848e+01 -2.00193e+00 2.55928e-02
8.95820e+01 -1.99430e+00 2.57562e-02
9.08276e+01 -1.96178e+00 2.64798e-02
9.44633e+01 -1.86108e+00 2.90420e-02
1.00000e+02 -1.68499e+00 3.52049e-02
