1.00000e-06 1.00000e+00 -1.00000e-06
6.00000e-06 1.00000e+00 -6.00000e-06
3.10000e-05 1.00000e+00 -3.10000e-05
1.56000e-04 1.00000e+00 -1.56000e-04
7.81000e-04 1.00000e+00 -7.81000e-04
3.90600e-03 9.99992e-01 -3.90599e-03
1.95310e-02 9.99809e-01 -1.95309e-02
9.76560e-02 9.95222e-01 -9.82073e-02
4.88281e-01 8.12456e-01 -1.48653e+00
5.09390e-01 7.76900e-01 -1.90936e+00
5.30500e-01 7.30340e-01 -2.54864e+00
5.51609e-01 6.66621e-01 -3.57435e+00
5.72719e-01 5.74285e-01 -5.34597e+00
5.93828e-01 4.30101e-01 -8.69142e+00
6.14937e-01 1.82780e-01 -1.56060e+01
6.35099e-01 -2.52470e-01 -2.88691e+01
6.55261e-01 -9.91917e-01 -4.18614e+01
7.15903e-01 -1.99617e+00 -7.79922e-01
7.76545e-01 -2.00345e+00 1.86497e-02
8.94177e-01 -2.00096e+00 2.14840e-02
1.13871e+00 -1.99569e+00 2.15787e-02
2.09470e+00 -1.97488e+00 2.19617e-02
5.12627e+00 -1.90628e+00 2.33405e-02
1.21830e+01 -1.72645e+00 2.81033e-02
2.40642e+01 -1.25836e+00 6.86347e-02
2.55160e+01 -1.13115e+00 1.20758e-01
2.60445e+01 -1.04839e+00 2.16034e-01
2.62973e+01 -9.74168e-01 4.19478e-01
2.64516e+01 -8.76520e-01 9.96024e-01
2.65564e+01 -6.87371e-01 3.34089e+00
2.66081e+01 -3.88849e-01 9.87584e+00
2.66353e+01 1.81655e-02 2.18915e+01
2.66565e+01 6.59265e-01 3.87982e+01
2.66925e+01 1.84014e+00 1.39320e+01
2.67695e+01 2.00496e+00 -8.58700e-03
2.68619e+01 2.00312e+00 -2.14433e-02
2.70438e+01 1.99921e+00 -2.15153e-02
2.76198e+01 1.98676e+00 -2.17413e-02
2.97410e+01 1.93970e+00 -2.26454e-02
3.52715e+01 1.80650e+00 -2.57359e-02
4.57309e+01 1.48008e+00 -4.00216e-02
4.85906e+01 1.35019e+00 -5.26493e-02
4.95824e+01 1.29400e+00 -6.13556e-02
5.18592e+01 1.09398e+00 -1.52891e-01
5.23732e+01 9.70858e-01 -4.32599e-01
5.25440e+01 8.49646e-01 -1.22947e+00
5.26416e+01 6.21379e-01 -4.52105e+00
5.26853e+01 2.86651e-01 -1.26829e+01
5.27098e+01 -1.71754e-01 -2.65998e+01
5.27341e+01 -1.04365e+00 -4.19207e+01
5.27927e+01 -1.99692e+00 -8.30324e-01
5.28520e+01 -2.00476e+00 1.80839e-02
5.29699e+01 -2.00227e+00 2.14607e-02
5.32114e+01 -1.99707e+00 2.15538e-02
5.41448e+01 -1.97678e+00 2.19262e-02
5.71148e+01 -1.90973e+00 2.32665e-02
6.40735e+01 -1.73334e+00 2.78804e-02
7.58761e+01 -1.27987e+00 6.40312e-02
7.78522e+01 -1.10506e+00 1.41903e-01
7.83603e+01 -1.00124e+00 3.26521e-01
7.85559e+01 -9.04880e-01 7.85792e-01
7.86710e+01 -7.49160e-01 2.39852e+00
7.87343e+01 -4.76941e-01 7.65411e+00
7.87656e+01 -1.04044e-01 1.81144e+01
7.87871e+01 4.44909e-01 3.42072e+01
7.88192e+01 1.64896e+00 2.60778e+01
7.88776e+01 2.00376e+00 1.60556e-01
7.89466e+01 2.00422e+00 -2.11424e-02
7.90771e+01 2.00143e+00 -2.14757e-02
7.94020e+01 1.99443e+00 -2.16014e-02
8.07318e+01 1.96535e+00 -2.21424e-02
8.52468e+01 1.86060e+00 -2.43723e-02
9.45795e+01 1.59911e+00 -3.30950e-02
1.00000e+02 1.38680e+00 -4.82724e-02
