1.00000e-06 1.00000e+00 -1.00000e-06
6.00000e-06 1.00000e+00 -6.00000e-06
3.10000e-05 1.00000e+00 -3.10000e-05
1.56000e-04 1.00000e+00 -1.56000e-04
7.81000e-04 1.00000e+00 -7.81000e-04
3.90600e-03 9.99992e-01 -3.90599e-03
1.95310e-02 9.99809e-01 -1.95323e-02
9.76560e-02 9.95204e-01 -9.91078e-02
1.75781e-01 9.83979e-01 -1.92731e-01
2.53906e-01 9.63709e-01 -3.42095e-01
3.32031e-01 9.25388e-01 -7.04984e-01
4.10156e-01 8.23715e-01 -2.44165e+00
4.48952e-01 6.53450e-01 -7.85909e+00
4.67568e-01 4.22867e-01 -1.92641e+01
4.78837e-01 1.08697e-01 -3.95248e+01
4.87347e-01 -3.49380e-01 -7.05643e+01
4.94901e-01 -9.89606e-01 -9.37570e+01
5.20169e-01 -1.98958e+00 -2.56117e+00
5.51570e-01 -2.00157e+00 5.99056e-03
6.00894e-01 -2.00112e+00 9.51445e-03
7.02501e-01 -2.00015e+00 9.52222e-03
1.07539e+00 -1.99660e+00 9.55052e-03
2.75447e+00 -1.98045e+00 9.68144e-03
8.72284e+00 -1.92117e+00 1.01988e-02
2.37860e+01 -1.75483e+00 1.20546e-02
5.30917e+01 -1.25178e+00 3.13841e-02
5.42639e+01 -1.21206e+00 3.67361e-02
5.63864e+01 -1.11265e+00 6.48335e-02
5.70674e+01 -1.05655e+00 1.11539e-01
5.73690e+01 -1.01211e+00 2.06384e-01
5.75289e+01 -9.65223e-01 4.38303e-01
5.76297e+01 -8.93020e-01 1.22141e+00
5.77013e+01 -6.95246e-01 6.34848e+00
5.77257e+01 -4.21638e-01 1.94229e+01
5.77376e+01 -8.14896e-02 4.15002e+01
5.77461e+01 4.02659e-01 7.38535e+01
5.77619e+01 1.69700e+00 5.19326e+01
5.77846e+01 1.99902e+00 6.68137e-01
5.78139e+01 2.00196e+00 -8.09428e-03
5.78660e+01 2.00147e+00 -9.51175e-03
5.79802e+01 2.00039e+00 -9.52038e-03
5.84414e+01 1.99599e+00 -9.55541e-03
6.04650e+01 1.97649e+00 -9.71417e-03
6.79250e+01 1.90162e+00 -1.03834e-02
8.55416e+01 1.69942e+00 -1.28572e-02
1.00000e+02 1.48503e+00 -1.75950e-02
