1.00000e-06 1.00000e+00 -1.00000e-06
6.00000e-06 1.00000e+00 -6.00000e-06
3.10000e-05 1.00000e+00 -3.10000e-05
1.56000e-04 1.00000e+00 -1.56000e-04
7.81000e-04 1.00000e+00 -7.81000e-04
3.90600e-03 9.99992e-01 -3.90599e-03
1.95310e-02 9.99809e-01 -1.95322e-02
9.76560e-02 9.95205e-01 -9.90613e-02
1.75781e-01 9.83997e-01 -1.92182e-01
2.53906e-01 9.63849e-01 -3.38820e-01
3.32031e-01 9.26210e-01 -6.86170e-01
4.10156e-01 8.29865e-01 -2.25104e+00
4.51080e-01 6.64728e-01 -7.21506e+00
4.70897e-01 4.38195e-01 -1.78801e+01
4.82787e-01 1.29084e-01 -3.70448e+01
4.91648e-01 -3.19789e-01 -6.67775e+01
4.99851e-01 -9.88759e-01 -9.10927e+01
5.25975e-01 -1.98991e+00 -2.43521e+00
5.56674e-01 -2.00163e+00 5.12632e-03
6.06981e-01 -2.00116e+00 9.79388e-03
7.08578e-01 -2.00017e+00 9.80216e-03
1.07343e+00 -1.99659e+00 9.83151e-03
2.71468e+00 -1.98034e+00 9.96713e-03
8.46746e+00 -1.92152e+00 1.04954e-02
2.30261e+01 -1.75616e+00 1.23906e-02
5.13297e+01 -1.26048e+00 3.13460e-02
5.24732e+01 -1.22200e+00 3.62707e-02
5.46107e+01 -1.12500e+00 6.08362e-02
5.53602e+01 -1.06810e+00 1.00199e-01
5.56959e+01 -1.02505e+00 1.72673e-01
5.58811e+01 -9.81293e-01 3.39568e-01
5.59977e+01 -9.20043e-01 8.50434e-01
5.60733e+01 -8.00330e-01 3.02390e+00
5.61090e+01 -6.07674e-01 9.61682e+00
5.61260e+01 -3.52722e-01 2.28705e+01
5.61367e+01 -4.77076e-03 4.55386e+01
5.61453e+01 5.19071e-01 7.79878e+01
5.61612e+01 1.75121e+00 4.31937e+01
5.61833e+01 1.99910e+00 6.48861e-01
5.62151e+01 2.00201e+00 -8.80921e-03
5.62696e+01 2.00148e+00 -9.79142e-03
5.63922e+01 2.00028e+00 -9.80123e-03
5.69069e+01 1.99523e+00 -9.84269e-03
5.91371e+01 1.97307e+00 -1.00292e-02
6.77766e+01 1.88292e+00 -1.08779e-02
8.71358e+01 1.64493e+00 -1.41791e-02
1.00000e+02 1.43178e+00 -2.00423e-02
