1.00000e-06 1.00000e+00 -1.00000e-06
6.00000e-06 1.00000e+00 -6.00000e-06
3.10000e-05 1.00000e+00 -3.10000e-05
1.56000e-04 1.00000e+00 -1.56000e-04
7.81000e-04 1.00000e+00 -7.81000e-04
3.90600e-03 9.99992e-01 -3.90599e-03
1.95310e-02 9.99809e-01 -1.95321e-02
9.76560e-02 9.95206e-01 -9.89916e-02
1.75781e-01 9.84024e-01 -1.91362e-01
2.53906e-01 9.64057e-01 -3.33999e-01
3.32031e-01 9.27405e-01 -6.59338e-01
4.10156e-01 8.38258e-01 -2.00344e+00
4.54445e-01 6.79830e-01 -6.38094e+00
4.76188e-01 4.58317e-01 -1.60703e+01
4.89070e-01 1.55261e-01 -3.37684e+01
4.98506e-01 -2.82975e-01 -6.16813e+01
5.07899e-01 -1.00870e+00 -8.71014e+01
5.34800e-01 -1.98955e+00 -2.41742e+00
5.65785e-01 -2.00172e+00 4.46619e-03
6.18290e-01 -2.00121e+00 1.02454e-02
7.22644e-01 -2.00014e+00 1.02547e-02
1.09248e+00 -1.99634e+00 1.02873e-02
2.73877e+00 -1.97929e+00 1.04365e-02
8.39335e+00 -1.91870e+00 1.10079e-02
2.26110e+01 -1.74891e+00 1.30682e-02
4.91411e+01 -1.25943e+00 3.29067e-02
5.02129e+01 -1.22161e+00 3.79894e-02
5.23219e+01 -1.12021e+00 6.57286e-02
5.30150e+01 -1.06295e+00 1.10065e-01
5.33260e+01 -1.01863e+00 1.94233e-01
5.34987e+01 -9.72003e-01 3.94340e-01
5.36088e+01 -9.03042e-01 1.03898e+00
5.36814e+01 -7.54706e-01 4.10032e+00
5.37122e+01 -5.33857e-01 1.24588e+01
5.37274e+01 -2.46489e-01 2.81718e+01
5.37375e+01 1.52742e-01 5.37208e+01
5.37471e+01 8.32871e-01 8.54842e+01
5.37694e+01 1.95807e+00 8.44631e+00
5.37924e+01 2.00185e+00 9.00353e-02
5.38358e+01 2.00192e+00 -1.02191e-02
5.39095e+01 2.00116e+00 -1.02460e-02
5.41431e+01 1.99877e+00 -1.02665e-02
5.53113e+01 1.98671e+00 -1.03709e-02
5.95442e+01 1.94197e+00 -1.07803e-02
7.11931e+01 1.80840e+00 -1.22534e-02
9.58187e+01 1.42886e+00 -2.10885e-02
1.00000e+02 1.33070e+00 -2.65233e-02
