1.00000e-06 1.00000e+00 -1.00000e-06
6.00000e-06 1.00000e+00 -6.00000e-06
3.10000e-05 1.00000e+00 -3.10000e-05
1.56000e-04 1.00000e+00 -1.56000e-04
7.81000e-04 1.00000e+00 -7.81000e-04
3.90600e-03 9.99992e-01 -3.90599e-03
1.95310e-02 9.99809e-01 -1.95300e-02
9.76560e-02 9.95232e-01 -9.76597e-02
4.88281e-01 8.73039e-01 -5.76360e-01
8.05952e-01 5.27515e-01 -2.01860e+00
9.79587e-01 -9.65997e-02 -6.09013e+00
1.07067e+00 -8.35905e-01 -9.86480e+00
1.31415e+00 -2.00037e+00 -2.96640e-01
1.60750e+00 -1.99099e+00 9.47989e-02
2.16501e+00 -1.93650e+00 1.00139e-01
3.42495e+00 -1.80238e+00 1.13672e-01
6.26857e+00 -1.39041e+00 2.01108e-01
7.08485e+00 -1.18840e+00 3.18146e-01
7.51526e+00 -1.01449e+00 5.32817e-01
7.80088e+00 -8.05204e-01 1.04291e+00
8.03299e+00 -4.01640e-01 2.94905e+00
8.17168e+00 2.66960e-01 7.45020e+00
8.25983e+00 1.08352e+00 1.01848e+01
8.52713e+00 2.01791e+00 3.94099e-02
8.80817e+00 1.99761e+00 -9.47433e-02
9.38106e+00 1.94188e+00 -9.96696e-02
1.07745e+01 1.79328e+00 -1.14738e-01
1.38032e+01 1.33419e+00 -2.24944e-01
1.45785e+01 1.10911e+00 -3.97829e-01
1.49437e+01 9.15888e-01 -7.32897e-01
1.51923e+01 6.45984e-01 -1.65724e+00
1.53724e+01 1.43703e-01 -4.63001e+00
1.54884e+01 -6.68455e-01 -9.58658e+00
1.56449e+01 -1.88420e+00 -2.96962e+00
1.59014e+01 -2.01366e+00 7.98056e-02
1.63205e+01 -1.97435e+00 9.69307e-02
1.71224e+01 -1.89388e+00 1.04042e-01
2.00425e+01 -1.52677e+00 1.59749e-01
2.09847e+01 -1.35365e+00 2.16113e-01
2.14504e+01 -1.24017e+00 2.78577e-01
2.18137e+01 -1.12265e+00 3.82324e-01
2.21628e+01 -9.50975e-01 6.53961e-01
2.24218e+01 -7.07377e-01 1.39706e+00
2.26262e+01 -2.14319e-01 4.14884e+00
2.27578e+01 6.63390e-01 9.56720e+00
2.29147e+01 1.88389e+00 2.97534e+00
2.31718e+01 2.01361e+00 -7.99679e-02
2.35910e+01 1.97429e+00 -9.69359e-02
2.43938e+01 1.89373e+00 -1.04057e-01
2.72689e+01 1.53368e+00 -1.58108e-01
2.82063e+01 1.36400e+00 -2.11681e-01
2.90759e+01 1.12557e+00 -3.79092e-01
2.94637e+01 9.30033e-01 -7.00002e-01
2.97168e+01 6.70416e-01 -1.55028e+00
2.99052e+01 1.75172e-01 -4.41423e+00
3.00277e+01 -6.63916e-01 -9.56923e+00
3.01841e+01 -1.88257e+00 -2.99966e+00
3.04425e+01 -2.01354e+00 8.02326e-02
3.08615e+01 -1.97423e+00 9.69410e-02
3.16652e+01 -1.89357e+00 1.04072e-01
3.45038e+01 -1.53918e+00 1.56825e-01
3.54367e+01 -1.37227e+00 2.08256e-01
3.58988e+01 -1.26486e+00 2.62473e-01
3.62563e+01 -1.15793e+00 3.45732e-01
3.66137e+01 -1.00421e+00 5.50615e-01
3.68922e+01 -7.92650e-01 1.08413e+00
3.71268e+01 -3.57380e-01 3.21966e+00
3.72642e+01 3.68276e-01 8.08312e+00
3.73591e+01 1.28042e+00 9.60965e+00
3.76106e+01 2.01805e+00 2.84637e-02
3.79147e+01 1.99504e+00 -9.50877e-02
3.85013e+01 1.93781e+00 -1.00025e-01
4.00030e+01 1.77603e+00 -1.16820e-01
4.31824e+01 1.26124e+00 -2.64728e-01
4.38920e+01 9.99577e-01 -5.58864e-01
4.41887e+01 7.62414e-01 -1.18853e+00
4.44264e+01 2.52122e-01 -3.89646e+00
4.45636e+01 -6.27326e-01 -9.42237e+00
4.47321e+01 -1.90539e+00 -2.57085e+00
4.49737e+01 -2.01422e+00 7.74499e-02
4.54014e+01 -1.97422e+00 9.69422e-02
4.62041e+01 -1.89365e+00 1.04064e-01
4.90642e+01 -1.53594e+00 1.57578e-01
4.99997e+01 -1.36740e+00 2.10258e-01
5.09531e+01 -1.09892e+00 4.10079e-01
5.13331e+01 -8.85011e-01 8.09884e-01
5.15737e+01 -5.88757e-01 1.92485e+00
5.17388e+01 -6.02826e-02 5.20928e+00
5.18428e+01 7.16489e-01 9.75809e+00
5.20115e+01 1.92778e+00 2.13363e+00
5.22462e+01 2.01402e+00 -7.83299e-02
5.26954e+01 1.97188e+00 -9.71344e-02
5.35286e+01 1.88795e+00 -1.04612e-01
5.60482e+01 1.57957e+00 -1.48037e-01
5.69242e+01 1.43545e+00 -1.85265e-01
5.80828e+01 1.15205e+00 -3.51467e-01
5.85398e+01 9.32356e-01 -6.94738e-01
5.87955e+01 6.71607e-01 -1.54519e+00
5.89849e+01 1.74483e-01 -4.41893e+00
5.91067e+01 -6.59078e-01 -9.55052e+00
5.92628e+01 -1.87999e+00 -3.04713e+00
5.95246e+01 -2.01334e+00 8.09733e-02
5.99435e+01 -1.97399e+00 9.69609e-02
6.07505e+01 -1.89296e+00 1.04130e-01
6.34935e+01 -1.55313e+00 1.53669e-01
6.44126e+01 -1.39341e+00 1.99972e-01
6.54419e+01 -1.11919e+00 3.86208e-01
6.58480e+01 -9.04499e-01 7.60460e-01
6.60940e+01 -6.24431e-01 1.75526e+00
6.62681e+01 -1.12857e-01 4.84320e+00
6.63788e+01 6.80664e-01 9.63230e+00
6.65372e+01 1.89347e+00 2.79687e+00
6.67859e+01 2.01402e+00 -7.83410e-02
6.72077e+01 1.97454e+00 -9.69158e-02
6.80068e+01 1.89438e+00 -1.03995e-01
7.12483e+01 1.47410e+00 -1.73520e-01
7.22033e+01 1.27650e+00 -2.55427e-01
7.26779e+01 1.13202e+00 -3.72080e-01
7.30393e+01 9.59119e-01 -6.36900e-01
7.33013e+01 7.20619e-01 -1.34473e+00
7.35137e+01 2.20909e-01 -4.10456e+00
7.36444e+01 -6.39694e-01 -9.47337e+00
7.38034e+01 -1.88262e+00 -2.99865e+00
7.40638e+01 -2.01338e+00 8.08143e-02
7.44839e+01 -1.97393e+00 9.69656e-02
7.52915e+01 -1.89283e+00 1.04143e-01
7.80199e+01 -1.55517e+00 1.53219e-01
7.89367e+01 -1.39652e+00 1.98805e-01
7.98809e+01 -1.15608e+00 3.47526e-01
8.03017e+01 -9.63843e-01 6.27215e-01
8.05670e+01 -7.26190e-01 1.32312e+00
8.07843e+01 -2.18064e-01 4.12366e+00
8.09121e+01 6.18835e-01 9.38658e+00
8.10895e+01 1.92467e+00 2.19525e+00
8.13221e+01 2.01430e+00 -7.70711e-02
8.17647e+01 1.97287e+00 -9.70528e-02
8.25845e+01 1.89042e+00 -1.04374e-01
8.51663e+01 1.57384e+00 -1.49221e-01
8.60560e+01 1.42567e+00 -1.88494e-01
8.71127e+01 1.16906e+00 -3.35247e-01
8.75618e+01 9.69912e-01 -6.14998e-01
8.78303e+01 7.34722e-01 -1.29049e+00
8.80559e+01 2.10667e-01 -4.17344e+00
8.81798e+01 -5.98681e-01 -9.29909e+00
8.83387e+01 -1.86890e+00 -3.24887e+00
8.86538e+01 -2.00905e+00 8.97418e-02
8.90906e+01 -1.96742e+00 9.75030e-02
8.99915e+01 -1.87601e+00 1.05780e-01
9.24540e+01 -1.57117e+00 1.49779e-01
9.33101e+01 -1.42863e+00 1.87504e-01
9.44335e+01 -1.15159e+00 3.51927e-01
9.48823e+01 -9.37119e-01 6.84070e-01
9.51393e+01 -6.80189e-01 1.50876e+00
9.53319e+01 -1.84788e-01 4.34870e+00
9.54561e+01 6.59053e-01 9.55042e+00
9.56123e+01 1.88060e+00 3.03585e+00
9.58734e+01 2.01338e+00 -8.08164e-02
9.62924e+01 1.97404e+00 -9.69568e-02
9.70987e+01 1.89308e+00 -1.04118e-01
9.98573e+01 1.55091e+00 -1.54163e-01
1.00000e+02 1.52854e+00 -1.59325e-01
