1.00000e-06 1.00000e+00 -1.00000e-06
6.00000e-06 1.00000e+00 -6.00000e-06
3.10000e-05 1.00000e+00 -3.10000e-05
1.56000e-04 1.00000e+00 -1.56000e-04
7.81000e-04 1.00000e+00 -7.81000e-04
3.90600e-03 9.99992e-01 -3.90599e-03
1.95310e-02 9.99809e-01 -1.95298e-02
9.76560e-02 9.95235e-01 -9.75009e-02
4.88281e-01 8.83141e-01 -4.69108e-01
2.44141e+00 -7.64722e-01 -6.44360e-01
7.35529e+00 4.78280e-01 -8.78208e-01
1.30688e+01 8.76415e-01 -4.81561e-01
1.88722e+01 9.99749e-01 -2.26238e-02
2.46863e+01 9.02000e-01 4.31752e-01
3.05989e+01 6.84394e-01 7.29126e-01
3.65115e+01 3.73858e-01 9.27500e-01
4.24241e+01 1.25568e-02 9.99937e-01
4.83366e+01 -3.50451e-01 9.36601e-01
5.42492e+01 -6.65876e-01 7.46091e-01
6.01844e+01 -8.80388e-01 4.74306e-01
6.61196e+01 -9.89363e-01 1.45661e-01
7.20548e+01 -9.79736e-01 -2.00447e-01
7.79900e+01 -8.52662e-01 -5.22528e-01
8.39637e+01 -6.53007e-01 -7.57400e-01
8.99374e+01 -3.91303e-01 -9.20306e-01
9.59111e+01 -9.24153e-02 -9.95764e-01
1.00000e+02 8.62361e-01 5.06380e-01
