1.00000e-06 1.00000e+00 -1.00000e-06
6.00000e-06 1.00000e+00 -6.00000e-06
3.10000e-05 1.00000e+00 -3.10000e-05
1.56000e-04 1.00000e+00 -1.56000e-04
7.81000e-04 1.00000e+00 -7.81000e-04
3.90600e-03 9.99992e-01 -3.90599e-03
1.95310e-02 9.99809e-01 -1.95305e-02
9.76560e-02 9.95227e-01 -9.79557e-02
4.88281e-01 8.47114e-01 -9.10106e-01
6.41624e-01 5.59457e-01 -3.89112e+00
7.06667e-01 1.13169e-01 -1.16837e+01
7.48644e-01 -6.40774e-01 -2.49899e+01
7.99896e-01 -1.79145e+00 -1.13628e+01
8.84961e-01 -2.00510e+00 -5.51645e-02
1.01179e+00 -2.00235e+00 3.32111e-02
1.23975e+00 -1.99475e+00 3.34642e-02
2.02269e+00 -1.96825e+00 3.42246e-02
4.66705e+00 -1.87390e+00 3.72800e-02
1.10626e+01 -1.59832e+00 5.12855e-02
1.30598e+01 -1.48699e+00 6.11175e-02
1.66017e+01 -1.19120e+00 1.33548e-01
1.74127e+01 -1.03850e+00 2.98041e-01
1.76979e+01 -9.12723e-01 6.96675e-01
1.78496e+01 -7.40898e-01 1.90312e+00
1.79448e+01 -4.09240e-01 6.33976e+00
1.79917e+01 6.07893e-02 1.52917e+01
1.80268e+01 8.05903e-01 2.66920e+01
1.80973e+01 1.95971e+00 2.97315e+00
1.81766e+01 2.00777e+00 -7.18241e-03
1.83385e+01 2.00283e+00 -3.32381e-02
1.86279e+01 1.99318e+00 -3.35083e-02
1.95605e+01 1.96150e+00 -3.44246e-02
2.23393e+01 1.86148e+00 -3.77285e-02
2.88384e+01 1.57566e+00 -5.29946e-02
3.08022e+01 1.46192e+00 -6.39438e-02
3.36354e+01 1.22931e+00 -1.15606e-01
3.44488e+01 1.11088e+00 -1.94315e-01
3.48202e+01 1.01734e+00 -3.42250e-01
3.50379e+01 9.13515e-01 -6.92998e-01
3.51878e+01 7.46531e-01 -1.85054e+00
3.52842e+01 4.20653e-01 -6.15006e+00
3.53316e+01 -4.22904e-02 -1.49228e+01
3.53680e+01 -8.06936e-01 -2.66992e+01
3.54384e+01 -1.95964e+00 -2.97735e+00
3.55178e+01 -2.00777e+00 7.18778e-03
3.56797e+01 -2.00283e+00 3.32382e-02
3.59692e+01 -1.99317e+00 3.35084e-02
3.69022e+01 -1.96148e+00 3.44252e-02
3.96816e+01 -1.86144e+00 3.77301e-02
4.61812e+01 -1.57558e+00 5.30014e-02
4.81449e+01 -1.46182e+00 6.39555e-02
5.09752e+01 -1.22947e+00 1.15539e-01
5.17885e+01 -1.11116e+00 1.94024e-01
5.21601e+01 -1.01775e+00 3.41321e-01
5.23782e+01 -9.14101e-01 6.90294e-01
5.25283e+01 -7.47628e-01 1.84040e+00
5.26252e+01 -4.21720e-01 6.13242e+00
5.26727e+01 4.13142e-02 1.49033e+01
5.27091e+01 8.04280e-01 2.66807e+01
5.27790e+01 1.95791e+00 3.07641e+00
5.28582e+01 2.00778e+00 -5.97727e-03
5.30203e+01 2.00285e+00 -3.32377e-02
5.33092e+01 1.99321e+00 -3.35073e-02
5.42389e+01 1.96164e+00 -3.44205e-02
5.70132e+01 1.86180e+00 -3.77169e-02
6.35089e+01 1.57629e+00 -5.29458e-02
6.54733e+01 1.46263e+00 -6.38595e-02
6.83278e+01 1.22814e+00 -1.16085e-01
6.91414e+01 1.10887e+00 -1.96418e-01
6.95109e+01 1.01443e+00 -3.48951e-01
6.97262e+01 9.09326e-01 -7.12618e-01
6.98743e+01 7.38545e-01 -1.92533e+00
6.99678e+01 4.12311e-01 -6.28851e+00
7.00145e+01 -5.08362e-02 -1.50933e+01
7.00508e+01 -8.19945e-01 -2.67869e+01
7.01238e+01 -1.96800e+00 -2.49335e+00
7.02044e+01 -2.00773e+00 1.31248e-02
7.03674e+01 -2.00265e+00 3.32435e-02
7.06642e+01 -1.99275e+00 3.35203e-02
7.16337e+01 -1.95979e+00 3.44757e-02
7.44706e+01 -1.85741e+00 3.78784e-02
8.10170e+01 -1.56739e+00 5.36508e-02
8.29733e+01 -1.45239e+00 6.50948e-02
8.55143e+01 -1.24556e+00 1.09305e-01
8.63162e+01 -1.13904e+00 1.68355e-01
8.67015e+01 -1.05962e+00 2.60945e-01
8.69615e+01 -9.70249e-01 4.71034e-01
8.71405e+01 -8.45672e-01 1.06937e+00
8.72691e+01 -5.99825e-01 3.48910e+00
8.73340e+01 -2.15413e-01 9.83383e+00
8.73721e+01 3.43651e-01 2.06768e+01
8.74031e+01 1.12211e+00 2.70752e+01
8.74903e+01 2.00053e+00 5.32301e-01
8.75904e+01 2.00655e+00 -3.18182e-02
8.77767e+01 2.00039e+00 -3.33072e-02
8.81859e+01 1.98668e+00 -3.36918e-02
8.96842e+01 1.93507e+00 -3.52335e-02
9.35635e+01 1.78874e+00 -4.06208e-02
1.00000e+02 1.47248e+00 -6.27184e-02
