1.00000e-06 1.00000e+00 -1.00000e-06
6.00000e-06 1.00000e+00 -6.00000e-06
3.10000e-05 1.00000e+00 -3.10000e-05
1.56000e-04 1.00000e+00 -1.56000e-04
7.81000e-04 1.00000e+00 -7.81000e-04
3.90600e-03 9.99992e-01 -3.90599e-03
1.95310e-02 9.99809e-01 -1.95303e-02
9.76560e-02 9.95229e-01 -9.78189e-02
2.23109e-01 9.74825e-01 -2.30047e-01
3.14185e-01 9.48843e-01 -3.44941e-01
3.95984e-01 9.15309e-01 -4.82829e-01
4.71023e-01 8.72562e-01 -6.70124e-01
5.46062e-01 8.11721e-01 -9.80893e-01
5.78837e-01 7.76313e-01 -1.19006e+00
6.14202e-01 7.29013e-01 -1.50366e+00
6.44308e-01 6.78363e-01 -1.88269e+00
6.70132e-01 6.24207e-01 -2.33593e+00
6.92502e-01 5.66249e-01 -2.87297e+00
7.12119e-01 5.03983e-01 -3.50531e+00
7.29624e-01 4.36393e-01 -4.25027e+00
7.47130e-01 3.53796e-01 -5.23240e+00
7.60514e-01 2.77549e-01 -6.19721e+00
7.74663e-01 1.81155e-01 -7.47797e+00
7.86561e-01 8.45216e-02 -8.80750e+00
7.98459e-01 -2.94772e-02 -1.04009e+01
8.10357e-01 -1.64052e-01 -1.22633e+01
8.22255e-01 -3.22153e-01 -1.43384e+01
8.34774e-01 -5.15691e-01 -1.65588e+01
8.44498e-01 -6.84265e-01 -1.80579e+01
8.54935e-01 -8.78862e-01 -1.91013e+01
8.65373e-01 -1.07970e+00 -1.91970e+01
8.72246e-01 -1.20996e+00 -1.86200e+01
8.78823e-01 -1.32927e+00 -1.75876e+01
8.85795e-01 -1.44677e+00 -1.60517e+01
8.92767e-01 -1.55235e+00 -1.41942e+01
8.99739e-01 -1.64434e+00 -1.21800e+01
9.06711e-01 -1.72220e+00 -1.01691e+01
9.14332e-01 -1.79176e+00 -8.12284e+00
9.20726e-01 -1.83873e+00 -6.60203e+00
9.27380e-01 -1.87800e+00 -5.24063e+00
9.34034e-01 -1.90898e+00 -4.10686e+00
9.40687e-01 -1.93312e+00 -3.18452e+00
9.47341e-01 -1.95177e+00 -2.44779e+00
9.53995e-01 -1.96605e+00 -1.86758e+00
9.60649e-01 -1.97690e+00 -1.41560e+00
9.67303e-01 -1.98511e+00 -1.06641e+00
9.73957e-01 -1.99128e+00 -7.98344e-01
9.80973e-01 -1.99609e+00 -5.83886e-01
9.88344e-01 -1.99974e+00 -4.16109e-01
9.96130e-01 -2.00245e+00 -2.86608e-01
1.00440e+00 -2.00439e+00 -1.88200e-01
1.01323e+00 -2.00571e+00 -1.14762e-01
1.02272e+00 -2.00653e+00 -6.11006e-02
1.03299e+00 -2.00694e+00 -2.28415e-02
1.04417e+00 -2.00704e+00 3.65870e-03
1.05649e+00 -2.00688e+00 2.14305e-02
1.07007e+00 -2.00650e+00 3.27735e-02
1.08525e+00 -2.00594e+00 3.96966e-02
1.10248e+00 -2.00522e+00 4.36838e-02
1.12239e+00 -2.00433e+00 4.58170e-02
1.14594e+00 -2.00324e+00 4.68601e-02
1.17463e+00 -2.00188e+00 4.73251e-02
1.21104e+00 -2.00016e+00 4.75304e-02
1.26008e+00 -1.99782e+00 4.76557e-02
1.33214e+00 -1.99438e+00 4.77972e-02
1.44820e+00 -1.98882e+00 4.80209e-02
1.60844e+00 -1.98110e+00 4.83341e-02
1.92109e+00 -1.96589e+00 4.89658e-02
2.43179e+00 -1.94061e+00 5.00589e-02
2.97107e+00 -1.91328e+00 5.13026e-02
3.51034e+00 -1.88526e+00 5.26514e-02
3.97807e+00 -1.86034e+00 5.39177e-02
4.44581e+00 -1.83481e+00 5.52896e-02
4.91354e+00 -1.80861e+00 5.67812e-02
5.38127e+00 -1.78167e+00 5.84113e-02
5.84900e+00 -1.75394e+00 6.02030e-02
6.24958e+00 -1.72949e+00 6.18861e-02
6.65016e+00 -1.70434e+00 6.37328e-02
7.05075e+00 -1.67841e+00 6.57700e-02
7.45133e+00 -1.65162e+00 6.80332e-02
7.85191e+00 -1.62387e+00 7.05677e-02
8.18976e+00 -1.59963e+00 7.29577e-02
8.52760e+00 -1.57454e+00 7.56304e-02
8.86545e+00 -1.54849e+00 7.86442e-02
9.20330e+00 -1.52136e+00 8.20783e-02
9.49742e+00 -1.49672e+00 8.54920e-02
9.79155e+00 -1.47102e+00 8.94026e-02
1.00857e+01 -1.44407e+00 9.39409e-02
1.03798e+01 -1.41568e+00 9.92903e-02
1.06964e+01 -1.38318e+00 1.06273e-01
1.09658e+01 -1.35359e+00 1.13593e-01
1.12352e+01 -1.32181e+00 1.22718e-01
1.14541e+01 -1.29397e+00 1.32026e-01
1.16729e+01 -1.26384e+00 1.43819e-01
1.18546e+01 -1.23662e+00 1.56369e-01
1.20362e+01 -1.20680e+00 1.72688e-01
1.21903e+01 -1.17886e+00 1.91005e-01
1.23443e+01 -1.14763e+00 2.15809e-01
1.24793e+01 -1.11655e+00 2.46166e-01
1.26144e+01 -1.08054e+00 2.90246e-01
1.27494e+01 -1.03705e+00 3.59542e-01
1.28600e+01 -9.92530e-01 4.53217e-01
1.29382e+01 -9.53286e-01 5.58600e-01
1.30080e+01 -9.09542e-01 7.04751e-01
1.30827e+01 -8.48089e-01 9.66113e-01
1.31398e+01 -7.83954e-01 1.31245e+00
1.31692e+01 -7.41544e-01 1.58314e+00
1.31994e+01 -6.88188e-01 1.96985e+00
1.32252e+01 -6.31767e-01 2.43252e+00
1.32475e+01 -5.71738e-01 2.98180e+00
1.32670e+01 -5.07588e-01 3.62857e+00
1.32844e+01 -4.38226e-01 4.39031e+00
1.33018e+01 -3.53630e-01 5.39520e+00
1.33150e+01 -2.75814e-01 6.38036e+00
1.33290e+01 -1.77523e-01 7.68782e+00
1.33408e+01 -7.90467e-02 9.04421e+00
1.33526e+01 3.69843e-02 1.06664e+01
1.33644e+01 1.73757e-01 1.25557e+01
1.33762e+01 3.34136e-01 1.46485e+01
1.33889e+01 5.34378e-01 1.69083e+01
1.33987e+01 7.06520e-01 1.83786e+01
1.34089e+01 9.00500e-01 1.93242e+01
1.34192e+01 1.09949e+00 1.93048e+01
1.34259e+01 1.22753e+00 1.86604e+01
1.34324e+01 1.34508e+00 1.75729e+01
1.34392e+01 1.45962e+00 1.60117e+01
1.34460e+01 1.56242e+00 1.41532e+01
1.34528e+01 1.65201e+00 1.21558e+01
1.34596e+01 1.72797e+00 1.01701e+01
1.34673e+01 1.79791e+00 8.09208e+00
1.34736e+01 1.84443e+00 6.57163e+00
1.34800e+01 1.88194e+00 5.26176e+00
1.34864e+01 1.91180e+00 4.16353e+00
1.34927e+01 1.93531e+00 3.26244e+00
1.34991e+01 1.95367e+00 2.53560e+00
1.35054e+01 1.96788e+00 1.95707e+00
1.35118e+01 1.97882e+00 1.50133e+00
1.35182e+01 1.98718e+00 1.14519e+00
1.35248e+01 1.99377e+00 8.58787e-01
1.35317e+01 1.99888e+00 6.31564e-01
1.35389e+01 2.00278e+00 4.53267e-01
1.35466e+01 2.00568e+00 3.15163e-01
1.35547e+01 2.00779e+00 2.09791e-01
1.35633e+01 2.00924e+00 1.30787e-01
1.35726e+01 2.01016e+00 7.27435e-02
1.35826e+01 2.01067e+00 3.10957e-02
1.35935e+01 2.01084e+00 2.03128e-03
1.36055e+01 2.01073e+00 -1.76698e-02
1.36187e+01 2.01041e+00 -3.03582e-02
1.36333e+01 2.00990e+00 -3.81953e-02
1.36499e+01 2.00922e+00 -4.27783e-02
1.36690e+01 2.00838e+00 -4.52776e-02
1.36915e+01 2.00735e+00 -4.65276e-02
1.37186e+01 2.00608e+00 -4.70957e-02
1.37527e+01 2.00447e+00 -4.73418e-02
1.37978e+01 2.00233e+00 -4.74741e-02
1.38625e+01 1.99925e+00 -4.76034e-02
1.39654e+01 1.99434e+00 -4.77993e-02
1.41180e+01 1.98703e+00 -4.80942e-02
1.42941e+01 1.97852e+00 -4.84399e-02
1.45716e+01 1.96500e+00 -4.90032e-02
1.50707e+01 1.94029e+00 -5.00731e-02
1.56092e+01 1.91299e+00 -5.13161e-02
1.61477e+01 1.88500e+00 -5.26641e-02
1.66153e+01 1.86008e+00 -5.39313e-02
1.70830e+01 1.83455e+00 -5.53041e-02
1.75507e+01 1.80834e+00 -5.67968e-02
1.80183e+01 1.78140e+00 -5.84282e-02
1.84860e+01 1.75367e+00 -6.02213e-02
1.88864e+01 1.72922e+00 -6.19054e-02
1.92869e+01 1.70407e+00 -6.37534e-02
1.96873e+01 1.67814e+00 -6.57920e-02
2.00877e+01 1.65135e+00 -6.80568e-02
2.04882e+01 1.62360e+00 -7.05934e-02
2.08259e+01 1.59936e+00 -7.29854e-02
2.11636e+01 1.57427e+00 -7.56604e-02
2.15013e+01 1.54822e+00 -7.86769e-02
2.18391e+01 1.52108e+00 -8.21145e-02
2.21331e+01 1.49645e+00 -8.55317e-02
2.24271e+01 1.47074e+00 -8.94467e-02
2.27211e+01 1.44379e+00 -9.39905e-02
2.30151e+01 1.41539e+00 -9.93470e-02
2.33314e+01 1.38290e+00 -1.06337e-01
2.36006e+01 1.35333e+00 -1.13663e-01
2.38697e+01 1.32155e+00 -1.22797e-01
2.40884e+01 1.29372e+00 -1.32116e-01
2.43070e+01 1.26360e+00 -1.43923e-01
2.44886e+01 1.23638e+00 -1.56492e-01
2.46701e+01 1.20655e+00 -1.72836e-01
2.48240e+01 1.17860e+00 -1.91188e-01
2.49780e+01 1.14737e+00 -2.16043e-01
2.51129e+01 1.11627e+00 -2.46479e-01
2.52479e+01 1.08021e+00 -2.90693e-01
2.53829e+01 1.03667e+00 -3.60240e-01
2.54930e+01 9.92312e-01 -4.53739e-01
2.55710e+01 9.53067e-01 -5.59254e-01
2.56408e+01 9.09289e-01 -7.05689e-01
2.57155e+01 8.47800e-01 -9.67500e-01
2.57722e+01 7.83907e-01 -1.31273e+00
2.58017e+01 7.41393e-01 -1.58416e+00
2.58320e+01 6.88032e-01 -1.97106e+00
2.58577e+01 6.31601e-01 -2.43396e+00
2.58800e+01 5.71561e-01 -2.98350e+00
2.58995e+01 5.07399e-01 -3.63056e+00
2.59169e+01 4.38022e-01 -4.39264e+00
2.59342e+01 3.53410e-01 -5.39790e+00
2.59475e+01 2.75571e-01 -6.38351e+00
2.59615e+01 1.77257e-01 -7.69143e+00
2.59733e+01 7.87470e-02 -9.04839e+00
2.59851e+01 -3.73222e-02 -1.06711e+01
2.59969e+01 -1.74136e-01 -1.25609e+01
2.60087e+01 -3.34558e-01 -1.46537e+01
2.60214e+01 -5.35000e-01 -1.69145e+01
2.60311e+01 -7.07114e-01 -1.83827e+01
2.60414e+01 -9.01068e-01 -1.93257e+01
2.60516e+01 -1.10000e+00 -1.93033e+01
2.60584e+01 -1.22798e+00 -1.86572e+01
2.60648e+01 -1.34547e+00 -1.75684e+01
2.60716e+01 -1.45992e+00 -1.60068e+01
2.60784e+01 -1.56265e+00 -1.41487e+01
2.60852e+01 -1.65217e+00 -1.21520e+01
2.60920e+01 -1.72807e+00 -1.01674e+01
2.60997e+01 -1.79802e+00 -8.08873e+00
2.61061e+01 -1.84452e+00 -6.56868e+00
2.61124e+01 -1.88201e+00 -5.25923e+00
2.61188e+01 -1.91186e+00 -4.16142e+00
2.61252e+01 -1.93536e+00 -3.26072e+00
2.61315e+01 -1.95370e+00 -2.53420e+00
2.61379e+01 -1.96791e+00 -1.95596e+00
2.61442e+01 -1.97884e+00 -1.50045e+00
2.61506e+01 -1.98720e+00 -1.14451e+00
2.61572e+01 -1.99379e+00 -8.58238e-01
2.61641e+01 -1.99889e+00 -6.31130e-01
2.61714e+01 -2.00278e+00 -4.52929e-01
2.61790e+01 -2.00569e+00 -3.14903e-01
2.61871e+01 -2.00779e+00 -2.09595e-01
2.61958e+01 -2.00924e+00 -1.30642e-01
2.62050e+01 -2.01017e+00 -7.26377e-02
2.62151e+01 -2.01067e+00 -3.10209e-02
2.62259e+01 -2.01084e+00 -1.97988e-03
2.62379e+01 -2.01073e+00 1.77035e-02
2.62511e+01 -2.01041e+00 3.03794e-02
2.62658e+01 -2.00990e+00 3.82081e-02
2.62824e+01 -2.00922e+00 4.27855e-02
2.63015e+01 -2.00838e+00 4.52814e-02
2.63240e+01 -2.00734e+00 4.65294e-02
2.63511e+01 -2.00607e+00 4.70965e-02
2.63852e+01 -2.00446e+00 4.73422e-02
2.64303e+01 -2.00232e+00 4.74744e-02
2.64951e+01 -1.99924e+00 4.76038e-02
2.65981e+01 -1.99433e+00 4.77998e-02
2.67508e+01 -1.98701e+00 4.80949e-02
2.69270e+01 -1.97851e+00 4.84407e-02
2.72044e+01 -1.96499e+00 4.90038e-02
2.77034e+01 -1.94027e+00 5.00737e-02
2.82419e+01 -1.91298e+00 5.13168e-02
2.87804e+01 -1.88499e+00 5.26648e-02
2.92480e+01 -1.86007e+00 5.39320e-02
2.97157e+01 -1.83453e+00 5.53049e-02
3.01833e+01 -1.80833e+00 5.67976e-02
3.06510e+01 -1.78139e+00 5.84290e-02
3.11187e+01 -1.75365e+00 6.02223e-02
3.15191e+01 -1.72921e+00 6.19065e-02
3.19195e+01 -1.70405e+00 6.37545e-02
3.23200e+01 -1.67812e+00 6.57932e-02
3.27204e+01 -1.65133e+00 6.80581e-02
3.31208e+01 -1.62359e+00 7.05947e-02
3.34585e+01 -1.59935e+00 7.29868e-02
3.37962e+01 -1.57426e+00 7.56619e-02
3.41340e+01 -1.54821e+00 7.86787e-02
3.44717e+01 -1.52107e+00 8.21164e-02
3.47657e+01 -1.49644e+00 8.55338e-02
3.50597e+01 -1.47073e+00 8.94490e-02
3.53537e+01 -1.44378e+00 9.39931e-02
3.56477e+01 -1.41538e+00 9.93500e-02
3.59640e+01 -1.38289e+00 1.06340e-01
3.62331e+01 -1.35331e+00 1.13667e-01
3.65023e+01 -1.32154e+00 1.22801e-01
3.67209e+01 -1.29371e+00 1.32121e-01
3.69396e+01 -1.26359e+00 1.43929e-01
3.71211e+01 -1.23636e+00 1.56498e-01
3.73026e+01 -1.20654e+00 1.72844e-01
3.74566e+01 -1.17859e+00 1.91197e-01
3.76105e+01 -1.14735e+00 2.16055e-01
3.77454e+01 -1.11625e+00 2.46495e-01
3.78804e+01 -1.08020e+00 2.90717e-01
3.80154e+01 -1.03665e+00 3.60277e-01
3.81254e+01 -9.92301e-01 4.53767e-01
3.82035e+01 -9.53055e-01 5.59288e-01
3.82733e+01 -9.09276e-01 7.05739e-01
3.83479e+01 -8.47785e-01 9.67574e-01
3.84047e+01 -7.83904e-01 1.31275e+00
3.84342e+01 -7.41385e-01 1.58422e+00
3.84644e+01 -6.88023e-01 1.97112e+00
3.84902e+01 -6.31592e-01 2.43404e+00
3.85124e+01 -5.71551e-01 2.98359e+00
3.85319e+01 -5.07388e-01 3.63067e+00
3.85493e+01 -4.38011e-01 4.39276e+00
3.85667e+01 -3.53399e-01 5.39805e+00
3.85799e+01 -2.75558e-01 6.38368e+00
3.85939e+01 -1.77243e-01 7.69162e+00
3.86057e+01 -7.87309e-02 9.04861e+00
3.86175e+01 3.73403e-02 1.06713e+01
3.86293e+01 1.74157e-01 1.25611e+01
3.86411e+01 3.34580e-01 1.46540e+01
3.86538e+01 5.35034e-01 1.69149e+01
3.86636e+01 7.07146e-01 1.83830e+01
3.86738e+01 9.01098e-01 1.93258e+01
3.86841e+01 1.10003e+00 1.93032e+01
3.86908e+01 1.22800e+00 1.86570e+01
3.86973e+01 1.34549e+00 1.75682e+01
3.87041e+01 1.45994e+00 1.60066e+01
3.87109e+01 1.56266e+00 1.41484e+01
3.87177e+01 1.65218e+00 1.21518e+01
3.87245e+01 1.72807e+00 1.01672e+01
3.87322e+01 1.79802e+00 8.08855e+00
3.87385e+01 1.84452e+00 6.56852e+00
3.87449e+01 1.88201e+00 5.25909e+00
3.87512e+01 1.91186e+00 4.16131e+00
3.87576e+01 1.93536e+00 3.26062e+00
3.87640e+01 1.95370e+00 2.53413e+00
3.87703e+01 1.96791e+00 1.95590e+00
3.87767e+01 1.97884e+00 1.50041e+00
3.87830e+01 1.98720e+00 1.14447e+00
3.87897e+01 1.99379e+00 8.58209e-01
3.87966e+01 1.99889e+00 6.31107e-01
3.88038e+01 2.00278e+00 4.52911e-01
3.88114e+01 2.00569e+00 3.14889e-01
3.88196e+01 2.00779e+00 2.09584e-01
3.88282e+01 2.00924e+00 1.30634e-01
3.88375e+01 2.01017e+00 7.26320e-02
3.88475e+01 2.01067e+00 3.10168e-02
3.88584e+01 2.01084e+00 1.97712e-03
3.88704e+01 2.01073e+00 -1.77053e-02
3.88836e+01 2.01041e+00 -3.03806e-02
3.88983e+01 2.00990e+00 -3.82087e-02
3.89149e+01 2.00922e+00 -4.27859e-02
3.89340e+01 2.00838e+00 -4.52816e-02
3.89564e+01 2.00734e+00 -4.65295e-02
3.89836e+01 2.00607e+00 -4.70965e-02
3.90176e+01 2.00446e+00 -4.73422e-02
3.90628e+01 2.00232e+00 -4.74744e-02
3.91276e+01 1.99924e+00 -4.76038e-02
3.92306e+01 1.99433e+00 -4.77998e-02
3.93833e+01 1.98701e+00 -4.80949e-02
3.95594e+01 1.97850e+00 -4.84407e-02
3.98369e+01 1.96499e+00 -4.90039e-02
4.03359e+01 1.94027e+00 -5.00738e-02
4.08744e+01 1.91298e+00 -5.13169e-02
4.14128e+01 1.88499e+00 -5.26648e-02
4.18805e+01 1.86007e+00 -5.39320e-02
4.23481e+01 1.83453e+00 -5.53049e-02
4.28158e+01 1.80832e+00 -5.67977e-02
4.32835e+01 1.78139e+00 -5.84291e-02
4.37511e+01 1.75365e+00 -6.02223e-02
4.41515e+01 1.72921e+00 -6.19065e-02
4.45520e+01 1.70405e+00 -6.37545e-02
4.49524e+01 1.67812e+00 -6.57932e-02
4.53528e+01 1.65133e+00 -6.80581e-02
4.57533e+01 1.62358e+00 -7.05948e-02
4.60910e+01 1.59935e+00 -7.29869e-02
4.64287e+01 1.57426e+00 -7.56620e-02
4.67664e+01 1.54821e+00 -7.86787e-02
4.71041e+01 1.52107e+00 -8.21165e-02
4.73981e+01 1.49643e+00 -8.55339e-02
4.76921e+01 1.47073e+00 -8.94491e-02
4.79861e+01 1.44378e+00 -9.39932e-02
4.82801e+01 1.41538e+00 -9.93501e-02
4.85964e+01 1.38289e+00 -1.06340e-01
4.88656e+01 1.35331e+00 -1.13667e-01
4.91347e+01 1.32154e+00 -1.22801e-01
4.93534e+01 1.29371e+00 -1.32121e-01
4.95720e+01 1.26359e+00 -1.43929e-01
4.97535e+01 1.23636e+00 -1.56498e-01
4.99351e+01 1.20654e+00 -1.72845e-01
5.00890e+01 1.17859e+00 -1.91198e-01
5.02429e+01 1.14735e+00 -2.16055e-01
5.03779e+01 1.11625e+00 -2.46496e-01
5.05129e+01 1.08019e+00 -2.90718e-01
5.06479e+01 1.03665e+00 -3.60279e-01
5.07579e+01 9.92300e-01 -4.53768e-01
5.08359e+01 9.53055e-01 -5.59290e-01
5.09057e+01 9.09275e-01 -7.05742e-01
5.09804e+01 8.47784e-01 -9.67578e-01
5.10371e+01 7.83904e-01 -1.31275e+00
5.10666e+01 7.41384e-01 -1.58422e+00
5.10968e+01 6.88023e-01 -1.97113e+00
5.11226e+01 6.31591e-01 -2.43404e+00
5.11449e+01 5.71551e-01 -2.98360e+00
5.11644e+01 5.07388e-01 -3.63068e+00
5.11817e+01 4.38011e-01 -4.39277e+00
5.11991e+01 3.53398e-01 -5.39806e+00
5.12124e+01 2.75557e-01 -6.38369e+00
5.12264e+01 1.77242e-01 -7.69163e+00
5.12382e+01 7.87301e-02 -9.04862e+00
5.12500e+01 -3.73413e-02 -1.06714e+01
5.12618e+01 -1.74158e-01 -1.25612e+01
5.12736e+01 -3.34581e-01 -1.46540e+01
5.12863e+01 -5.35035e-01 -1.69149e+01
5.12960e+01 -7.07148e-01 -1.83830e+01
5.13063e+01 -9.01100e-01 -1.93258e+01
5.13165e+01 -1.10003e+00 -1.93032e+01
5.13232e+01 -1.22800e+00 -1.86570e+01
5.13297e+01 -1.34550e+00 -1.75682e+01
5.13365e+01 -1.45994e+00 -1.60066e+01
5.13433e+01 -1.56266e+00 -1.41484e+01
5.13501e+01 -1.65218e+00 -1.21518e+01
5.13569e+01 -1.72807e+00 -1.01672e+01
5.13646e+01 -1.79802e+00 -8.08854e+00
5.13710e+01 -1.84452e+00 -6.56851e+00
5.13773e+01 -1.88202e+00 -5.25908e+00
5.13837e+01 -1.91186e+00 -4.16130e+00
5.13900e+01 -1.93536e+00 -3.26062e+00
5.13964e+01 -1.95370e+00 -2.53413e+00
5.14028e+01 -1.96791e+00 -1.95589e+00
5.14091e+01 -1.97884e+00 -1.50040e+00
5.14155e+01 -1.98720e+00 -1.14447e+00
5.14221e+01 -1.99379e+00 -8.58207e-01
5.14290e+01 -1.99889e+00 -6.31106e-01
5.14362e+01 -2.00278e+00 -4.52910e-01
5.14439e+01 -2.00569e+00 -3.14888e-01
5.14520e+01 -2.00779e+00 -2.09583e-01
5.14606e+01 -2.00924e+00 -1.30633e-01
5.14699e+01 -2.01017e+00 -7.26317e-02
5.14799e+01 -2.01067e+00 -3.10166e-02
5.14908e+01 -2.01084e+00 -1.97697e-03
5.15028e+01 -2.01073e+00 1.77054e-02
5.15160e+01 -2.01041e+00 3.03806e-02
5.15307e+01 -2.00990e+00 3.82088e-02
5.15473e+01 -2.00922e+00 4.27859e-02
5.15664e+01 -2.00838e+00 4.52816e-02
5.15889e+01 -2.00734e+00 4.65295e-02
5.16160e+01 -2.00607e+00 4.70965e-02
5.16501e+01 -2.00446e+00 4.73422e-02
5.16952e+01 -2.00232e+00 4.74744e-02
5.17600e+01 -1.99924e+00 4.76038e-02
5.18630e+01 -1.99433e+00 4.77998e-02
5.20157e+01 -1.98701e+00 4.80949e-02
5.21919e+01 -1.97850e+00 4.84407e-02
5.24693e+01 -1.96499e+00 4.90039e-02
5.29683e+01 -1.94027e+00 5.00738e-02
5.35068e+01 -1.91298e+00 5.13169e-02
5.40453e+01 -1.88499e+00 5.26648e-02
5.45129e+01 -1.86007e+00 5.39320e-02
5.49806e+01 -1.83453e+00 5.53049e-02
5.54482e+01 -1.80832e+00 5.67977e-02
5.59159e+01 -1.78139e+00 5.84291e-02
5.63836e+01 -1.75365e+00 6.02223e-02
5.67840e+01 -1.72921e+00 6.19065e-02
5.71844e+01 -1.70405e+00 6.37545e-02
5.75848e+01 -1.67812e+00 6.57933e-02
5.79853e+01 -1.65133e+00 6.80581e-02
5.83857e+01 -1.62358e+00 7.05948e-02
5.87234e+01 -1.59935e+00 7.29869e-02
5.90611e+01 -1.57426e+00 7.56620e-02
5.93988e+01 -1.54821e+00 7.86787e-02
5.97366e+01 -1.52107e+00 8.21165e-02
6.00306e+01 -1.49643e+00 8.55339e-02
6.03246e+01 -1.47073e+00 8.94491e-02
6.06186e+01 -1.44378e+00 9.39933e-02
6.09126e+01 -1.41538e+00 9.93501e-02
6.12289e+01 -1.38289e+00 1.06340e-01
6.14980e+01 -1.35331e+00 1.13667e-01
6.17672e+01 -1.32154e+00 1.22801e-01
6.19858e+01 -1.29371e+00 1.32121e-01
6.22045e+01 -1.26359e+00 1.43929e-01
6.23860e+01 -1.23636e+00 1.56498e-01
6.25675e+01 -1.20654e+00 1.72845e-01
6.27214e+01 -1.17859e+00 1.91198e-01
6.28753e+01 -1.14735e+00 2.16056e-01
6.30103e+01 -1.11625e+00 2.46496e-01
6.31453e+01 -1.08019e+00 2.90718e-01
6.32803e+01 -1.03665e+00 3.60279e-01
6.33903e+01 -9.92300e-01 4.53768e-01
6.34684e+01 -9.53055e-01 5.59290e-01
6.35382e+01 -9.09275e-01 7.05742e-01
6.36128e+01 -8.47784e-01 9.67578e-01
6.36696e+01 -7.83904e-01 1.31275e+00
6.36991e+01 -7.41384e-01 1.58422e+00
6.37293e+01 -6.88023e-01 1.97113e+00
6.37550e+01 -6.31591e-01 2.43404e+00
6.37773e+01 -5.71550e-01 2.98360e+00
6.37968e+01 -5.07388e-01 3.63068e+00
6.38142e+01 -4.38011e-01 4.39277e+00
6.38316e+01 -3.53398e-01 5.39806e+00
6.38448e+01 -2.75557e-01 6.38369e+00
6.38588e+01 -1.77242e-01 7.69163e+00
6.38706e+01 -7.87300e-02 9.04862e+00
6.38824e+01 3.73414e-02 1.06714e+01
6.38942e+01 1.74158e-01 1.25612e+01
6.39060e+01 3.34581e-01 1.46540e+01
6.39187e+01 5.35035e-01 1.69149e+01
6.39284e+01 7.07148e-01 1.83830e+01
6.39387e+01 9.01100e-01 1.93258e+01
6.39489e+01 1.10003e+00 1.93032e+01
6.39557e+01 1.22800e+00 1.86570e+01
6.39621e+01 1.34550e+00 1.75682e+01
6.39690e+01 1.45994e+00 1.60066e+01
6.39758e+01 1.56266e+00 1.41484e+01
6.39826e+01 1.65218e+00 1.21518e+01
6.39894e+01 1.72807e+00 1.01672e+01
6.39970e+01 1.79802e+00 8.08854e+00
6.40034e+01 1.84452e+00 6.56851e+00
6.40098e+01 1.88202e+00 5.25908e+00
6.40161e+01 1.91186e+00 4.16130e+00
6.40225e+01 1.93536e+00 3.26062e+00
6.40288e+01 1.95370e+00 2.53413e+00
6.40352e+01 1.96791e+00 1.95589e+00
6.40416e+01 1.97884e+00 1.50040e+00
6.40479e+01 1.98720e+00 1.14447e+00
6.40545e+01 1.99379e+00 8.58207e-01
6.40614e+01 1.99889e+00 6.31106e-01
6.40687e+01 2.00278e+00 4.52910e-01
6.40763e+01 2.00569e+00 3.14888e-01
6.40844e+01 2.00779e+00 2.09583e-01
6.40931e+01 2.00924e+00 1.30633e-01
6.41024e+01 2.01017e+00 7.26316e-02
6.41124e+01 2.01067e+00 3.10166e-02
6.41233e+01 2.01084e+00 1.97697e-03
6.41353e+01 2.01073e+00 -1.77054e-02
6.41484e+01 2.01041e+00 -3.03806e-02
6.41631e+01 2.00990e+00 -3.82088e-02
6.41797e+01 2.00922e+00 -4.27859e-02
6.41988e+01 2.00838e+00 -4.52816e-02
6.42213e+01 2.00734e+00 -4.65295e-02
6.42485e+01 2.00607e+00 -4.70965e-02
6.42825e+01 2.00446e+00 -4.73422e-02
6.43277e+01 2.00232e+00 -4.74744e-02
6.43925e+01 1.99924e+00 -4.76038e-02
6.44955e+01 1.99433e+00 -4.77998e-02
6.46482e+01 1.98701e+00 -4.80949e-02
6.48243e+01 1.97850e+00 -4.84407e-02
6.51017e+01 1.96499e+00 -4.90039e-02
6.56007e+01 1.94027e+00 -5.00738e-02
6.61392e+01 1.91298e+00 -5.13169e-02
6.66777e+01 1.88499e+00 -5.26648e-02
6.71454e+01 1.86007e+00 -5.39320e-02
6.76130e+01 1.83453e+00 -5.53049e-02
6.80807e+01 1.80832e+00 -5.67977e-02
6.85483e+01 1.78139e+00 -5.84291e-02
6.90160e+01 1.75365e+00 -6.02223e-02
6.94164e+01 1.72921e+00 -6.19065e-02
6.98169e+01 1.70405e+00 -6.37545e-02
7.02173e+01 1.67812e+00 -6.57933e-02
7.06177e+01 1.65133e+00 -6.80581e-02
7.10181e+01 1.62358e+00 -7.05948e-02
7.13559e+01 1.59935e+00 -7.29869e-02
7.16936e+01 1.57426e+00 -7.56620e-02
7.20313e+01 1.54821e+00 -7.86787e-02
7.23690e+01 1.52107e+00 -8.21165e-02
7.26630e+01 1.49643e+00 -8.55339e-02
7.29570e+01 1.47073e+00 -8.94491e-02
7.32510e+01 1.44378e+00 -9.39933e-02
7.35450e+01 1.41538e+00 -9.93501e-02
7.38613e+01 1.38289e+00 -1.06340e-01
7.41305e+01 1.35331e+00 -1.13667e-01
7.43996e+01 1.32154e+00 -1.22801e-01
7.46183e+01 1.29371e+00 -1.32121e-01
7.48369e+01 1.26359e+00 -1.43929e-01
7.50184e+01 1.23636e+00 -1.56498e-01
7.52000e+01 1.20654e+00 -1.72845e-01
7.53539e+01 1.17859e+00 -1.91198e-01
7.55078e+01 1.14735e+00 -2.16056e-01
7.56428e+01 1.11625e+00 -2.46496e-01
7.57778e+01 1.08019e+00 -2.90718e-01
7.59127e+01 1.03665e+00 -3.60279e-01
7.60227e+01 9.92300e-01 -4.53769e-01
7.61008e+01 9.53055e-01 -5.59290e-01
7.61706e+01 9.09275e-01 -7.05742e-01
7.62452e+01 8.47784e-01 -9.67578e-01
7.63020e+01 7.83904e-01 -1.31275e+00
7.63315e+01 7.41384e-01 -1.58422e+00
7.63617e+01 6.88023e-01 -1.97113e+00
7.63875e+01 6.31591e-01 -2.43404e+00
7.64098e+01 5.71550e-01 -2.98360e+00
7.64293e+01 5.07388e-01 -3.63068e+00
7.64466e+01 4.38011e-01 -4.39277e+00
7.64640e+01 3.53398e-01 -5.39806e+00
7.64772e+01 2.75557e-01 -6.38369e+00
7.64913e+01 1.77242e-01 -7.69163e+00
7.65031e+01 7.87300e-02 -9.04862e+00
7.65149e+01 -3.73414e-02 -1.06714e+01
7.65267e+01 -1.74158e-01 -1.25612e+01
7.65385e+01 -3.34581e-01 -1.46540e+01
7.65512e+01 -5.35035e-01 -1.69149e+01
7.65609e+01 -7.07148e-01 -1.83830e+01
7.65711e+01 -9.01100e-01 -1.93258e+01
7.65814e+01 -1.10003e+00 -1.93032e+01
7.65881e+01 -1.22800e+00 -1.86570e+01
7.65946e+01 -1.34550e+00 -1.75682e+01
7.66014e+01 -1.45994e+00 -1.60066e+01
7.66082e+01 -1.56266e+00 -1.41484e+01
7.66150e+01 -1.65218e+00 -1.21518e+01
7.66218e+01 -1.72807e+00 -1.01672e+01
7.66295e+01 -1.79802e+00 -8.08854e+00
7.66358e+01 -1.84452e+00 -6.56851e+00
7.66422e+01 -1.88202e+00 -5.25908e+00
7.66486e+01 -1.91186e+00 -4.16130e+00
7.66549e+01 -1.93536e+00 -3.26062e+00
7.66613e+01 -1.95370e+00 -2.53413e+00
7.66676e+01 -1.96791e+00 -1.95589e+00
7.66740e+01 -1.97884e+00 -1.50040e+00
7.66804e+01 -1.98720e+00 -1.14447e+00
7.66870e+01 -1.99379e+00 -8.58207e-01
7.66939e+01 -1.99889e+00 -6.31106e-01
7.67011e+01 -2.00278e+00 -4.52910e-01
7.67088e+01 -2.00569e+00 -3.14888e-01
7.67169e+01 -2.00779e+00 -2.09583e-01
7.67255e+01 -2.00924e+00 -1.30633e-01
7.67348e+01 -2.01017e+00 -7.26316e-02
7.67448e+01 -2.01067e+00 -3.10166e-02
7.67557e+01 -2.01084e+00 -1.97697e-03
7.67677e+01 -2.01073e+00 1.77054e-02
7.67809e+01 -2.01041e+00 3.03806e-02
7.67956e+01 -2.00990e+00 3.82088e-02
7.68122e+01 -2.00922e+00 4.27859e-02
7.68313e+01 -2.00838e+00 4.52816e-02
7.68537e+01 -2.00734e+00 4.65295e-02
7.68809e+01 -2.00607e+00 4.70965e-02
7.69150e+01 -2.00446e+00 4.73422e-02
7.69601e+01 -2.00232e+00 4.74744e-02
7.70249e+01 -1.99924e+00 4.76038e-02
7.71279e+01 -1.99433e+00 4.77998e-02
7.72806e+01 -1.98701e+00 4.80949e-02
7.74568e+01 -1.97850e+00 4.84407e-02
7.77342e+01 -1.96499e+00 4.90039e-02
7.82332e+01 -1.94027e+00 5.00738e-02
7.87717e+01 -1.91298e+00 5.13169e-02
7.93101e+01 -1.88499e+00 5.26648e-02
7.97778e+01 -1.86007e+00 5.39320e-02
8.02455e+01 -1.83453e+00 5.53049e-02
8.07131e+01 -1.80832e+00 5.67977e-02
8.11808e+01 -1.78139e+00 5.84291e-02
8.16484e+01 -1.75365e+00 6.02223e-02
8.20489e+01 -1.72921e+00 6.19065e-02
8.24493e+01 -1.70405e+00 6.37545e-02
8.28497e+01 -1.67812e+00 6.57933e-02
8.32501e+01 -1.65133e+00 6.80581e-02
8.36506e+01 -1.62358e+00 7.05948e-02
8.39883e+01 -1.59935e+00 7.29869e-02
8.43260e+01 -1.57426e+00 7.56620e-02
8.46637e+01 -1.54821e+00 7.86787e-02
8.50014e+01 -1.52107e+00 8.21165e-02
8.52954e+01 -1.49643e+00 8.55339e-02
8.55894e+01 -1.47073e+00 8.94491e-02
8.58834e+01 -1.44378e+00 9.39933e-02
8.61774e+01 -1.41538e+00 9.93501e-02
8.64938e+01 -1.38289e+00 1.06340e-01
8.67629e+01 -1.35331e+00 1.13667e-01
8.70321e+01 -1.32154e+00 1.22801e-01
8.72507e+01 -1.29371e+00 1.32121e-01
8.74693e+01 -1.26359e+00 1.43929e-01
8.76509e+01 -1.23636e+00 1.56498e-01
8.78324e+01 -1.20654e+00 1.72845e-01
8.79863e+01 -1.17859e+00 1.91198e-01
8.81402e+01 -1.14735e+00 2.16056e-01
8.82752e+01 -1.11625e+00 2.46496e-01
8.84102e+01 -1.08019e+00 2.90718e-01
8.85452e+01 -1.03665e+00 3.60279e-01
8.86552e+01 -9.92300e-01 4.53769e-01
8.87332e+01 -9.53055e-01 5.59290e-01
8.88031e+01 -9.09275e-01 7.05742e-01
8.88777e+01 -8.47784e-01 9.67578e-01
8.89344e+01 -7.83904e-01 1.31275e+00
8.89639e+01 -7.41384e-01 1.58422e+00
8.89942e+01 -6.88023e-01 1.97113e+00
8.90199e+01 -6.31591e-01 2.43404e+00
8.90422e+01 -5.71550e-01 2.98360e+00
8.90617e+01 -5.07388e-01 3.63068e+00
8.90791e+01 -4.38011e-01 4.39277e+00
8.90964e+01 -3.53398e-01 5.39806e+00
8.91097e+01 -2.75557e-01 6.38369e+00
8.91237e+01 -1.77242e-01 7.69163e+00
8.91355e+01 -7.87300e-02 9.04862e+00
8.91473e+01 3.73414e-02 1.06714e+01
8.91591e+01 1.74158e-01 1.25612e+01
8.91709e+01 3.34581e-01 1.46540e+01
8.91836e+01 5.35035e-01 1.69149e+01
8.91933e+01 7.07148e-01 1.83830e+01
8.92036e+01 9.01100e-01 1.93258e+01
8.92138e+01 1.10003e+00 1.93032e+01
8.92206e+01 1.22800e+00 1.86570e+01
8.92270e+01 1.34550e+00 1.75682e+01
8.92338e+01 1.45994e+00 1.60066e+01
8.92406e+01 1.56266e+00 1.41484e+01
8.92474e+01 1.65218e+00 1.21518e+01
8.92542e+01 1.72807e+00 1.01672e+01
8.92619e+01 1.79802e+00 8.08854e+00
8.92683e+01 1.84452e+00 6.56851e+00
8.92746e+01 1.88202e+00 5.25908e+00
8.92810e+01 1.91186e+00 4.16130e+00
8.92874e+01 1.93536e+00 3.26062e+00
8.92937e+01 1.95370e+00 2.53413e+00
8.93001e+01 1.96791e+00 1.95589e+00
8.93064e+01 1.97884e+00 1.50040e+00
8.93128e+01 1.98720e+00 1.14447e+00
8.93194e+01 1.99379e+00 8.58207e-01
8.93263e+01 1.99889e+00 6.31106e-01
8.93336e+01 2.00278e+00 4.52910e-01
8.93412e+01 2.00569e+00 3.14888e-01
8.93493e+01 2.00779e+00 2.09583e-01
8.93580e+01 2.00924e+00 1.30633e-01
8.93672e+01 2.01017e+00 7.26316e-02
8.93772e+01 2.01067e+00 3.10166e-02
8.93881e+01 2.01084e+00 1.97697e-03
8.94001e+01 2.01073e+00 -1.77054e-02
8.94133e+01 2.01041e+00 -3.03806e-02
8.94280e+01 2.00990e+00 -3.82088e-02
8.94446e+01 2.00922e+00 -4.27859e-02
8.94637e+01 2.00838e+00 -4.52816e-02
8.94862e+01 2.00734e+00 -4.65295e-02
8.95133e+01 2.00607e+00 -4.70965e-02
8.95474e+01 2.00446e+00 -4.73422e-02
8.95925e+01 2.00232e+00 -4.74744e-02
8.96573e+01 1.99924e+00 -4.76038e-02
8.97604e+01 1.99433e+00 -4.77998e-02
8.99130e+01 1.98701e+00 -4.80949e-02
9.00892e+01 1.97850e+00 -4.84407e-02
9.03666e+01 1.96499e+00 -4.90039e-02
9.08656e+01 1.94027e+00 -5.00738e-02
9.14041e+01 1.91298e+00 -5.13169e-02
9.19426e+01 1.88499e+00 -5.26648e-02
9.24102e+01 1.86007e+00 -5.39320e-02
9.28779e+01 1.83453e+00 -5.53049e-02
9.33456e+01 1.80832e+00 -5.67977e-02
9.38132e+01 1.78139e+00 -5.84291e-02
9.42809e+01 1.75365e+00 -6.02223e-02
9.46813e+01 1.72921e+00 -6.19065e-02
9.50817e+01 1.70405e+00 -6.37545e-02
9.54822e+01 1.67812e+00 -6.57933e-02
9.58826e+01 1.65133e+00 -6.80581e-02
9.62830e+01 1.62358e+00 -7.05948e-02
9.66207e+01 1.59935e+00 -7.29869e-02
9.69584e+01 1.57426e+00 -7.56620e-02
9.72962e+01 1.54821e+00 -7.86787e-02
9.76339e+01 1.52107e+00 -8.21165e-02
9.79279e+01 1.49643e+00 -8.55339e-02
9.82219e+01 1.47073e+00 -8.94491e-02
9.85159e+01 1.44378e+00 -9.39933e-02
9.88099e+01 1.41538e+00 -9.93501e-02
9.91262e+01 1.38289e+00 -1.06340e-01
9.93954e+01 1.35331e+00 -1.13667e-01
9.96645e+01 1.32154e+00 -1.22801e-01
9.98831e+01 1.29371e+00 -1.32121e-01
1.00000e+02 1.27793e+00 -1.38059e-01
