1.00000e-06 1.00000e+00 -1.00000e-06
6.00000e-06 1.00000e+00 -6.00000e-06
3.10000e-05 1.00000e+00 -3.10000e-05
1.56000e-04 1.00000e+00 -1.56000e-04
7.81000e-04 1.00000e+00 -7.81000e-04
3.90600e-03 9.99992e-01 -3.90599e-03
1.95310e-02 9.99809e-01 -1.95302e-02
9.76560e-02 9.95230e-01 -9.77734e-02
2.26987e-01 9.73986e-01 -2.33079e-01
3.24098e-01 9.45741e-01 -3.53026e-01
4.10413e-01 9.09529e-01 -4.93751e-01
4.89218e-01 8.63753e-01 -6.81103e-01
5.68022e-01 7.99166e-01 -9.85751e-01
6.09198e-01 7.53756e-01 -1.23405e+00
6.46494e-01 7.02143e-01 -1.55226e+00
6.78838e-01 6.45996e-01 -1.94154e+00
7.06649e-01 5.85881e-01 -2.40618e+00
7.30827e-01 5.21388e-01 -2.95603e+00
7.52024e-01 4.52229e-01 -3.59928e+00
7.73220e-01 3.67303e-01 -4.45538e+00
7.89417e-01 2.88535e-01 -5.30380e+00
8.06568e-01 1.88195e-01 -6.44257e+00
8.20819e-01 8.82715e-02 -7.61973e+00
8.35069e-01 -3.01192e-02 -9.03800e+00
8.49319e-01 -1.70488e-01 -1.07013e+01
8.63569e-01 -3.36020e-01 -1.25522e+01
8.78850e-01 -5.43239e-01 -1.45426e+01
8.90535e-01 -7.20934e-01 -1.58100e+01
9.02819e-01 -9.20619e-01 -1.65740e+01
9.13662e-01 -1.10069e+00 -1.65109e+01
9.21877e-01 -1.23423e+00 -1.59173e+01
9.29596e-01 -1.35356e+00 -1.49402e+01
9.37721e-01 -1.46951e+00 -1.35463e+01
9.45847e-01 -1.57302e+00 -1.19004e+01
9.53973e-01 -1.66262e+00 -1.01475e+01
9.62099e-01 -1.73801e+00 -8.42248e+00
9.71837e-01 -1.81063e+00 -6.53286e+00
9.79407e-01 -1.85514e+00 -5.25860e+00
9.86976e-01 -1.89072e+00 -4.17362e+00
9.94546e-01 -1.91879e+00 -3.27377e+00
1.00212e+00 -1.94071e+00 -2.54280e+00
1.00969e+00 -1.95766e+00 -1.95859e+00
1.01726e+00 -1.97067e+00 -1.49751e+00
1.02483e+00 -1.98059e+00 -1.13714e+00
1.03240e+00 -1.98809e+00 -8.57578e-01
1.04051e+00 -1.99408e+00 -6.28423e-01
1.04901e+00 -1.99862e+00 -4.48772e-01
1.05797e+00 -2.00198e+00 -3.09711e-01
1.06746e+00 -2.00439e+00 -2.03648e-01
1.07758e+00 -2.00602e+00 -1.24136e-01
1.08843e+00 -2.00703e+00 -6.57134e-02
1.10014e+00 -2.00754e+00 -2.37814e-02
1.11288e+00 -2.00764e+00 5.49695e-03
1.12688e+00 -2.00741e+00 2.53294e-02
1.14224e+00 -2.00692e+00 3.81195e-02
1.15933e+00 -2.00619e+00 4.60444e-02
1.17865e+00 -2.00525e+00 5.07038e-02
1.20085e+00 -2.00409e+00 5.32678e-02
1.22693e+00 -2.00268e+00 5.45722e-02
1.25841e+00 -2.00096e+00 5.51877e-02
1.29785e+00 -1.99877e+00 5.54801e-02
1.34988e+00 -1.99588e+00 5.56655e-02
1.42375e+00 -1.99176e+00 5.58661e-02
1.53610e+00 -1.98547e+00 5.61628e-02
1.68708e+00 -1.97696e+00 5.65679e-02
1.99870e+00 -1.95920e+00 5.74360e-02
2.46845e+00 -1.93189e+00 5.88310e-02
2.93821e+00 -1.90391e+00 6.03404e-02
3.40796e+00 -1.87518e+00 6.19822e-02
3.87771e+00 -1.84565e+00 6.37777e-02
4.28979e+00 -1.81902e+00 6.54983e-02
4.70187e+00 -1.79165e+00 6.73796e-02
5.11395e+00 -1.76347e+00 6.94472e-02
5.52603e+00 -1.73439e+00 7.17343e-02
5.93811e+00 -1.70431e+00 7.42832e-02
6.28747e+00 -1.67795e+00 7.66877e-02
6.63683e+00 -1.65070e+00 7.93634e-02
6.98618e+00 -1.62246e+00 8.23636e-02
7.33554e+00 -1.59311e+00 8.57600e-02
7.64187e+00 -1.56633e+00 8.91377e-02
7.94820e+00 -1.53845e+00 9.29806e-02
8.25453e+00 -1.50931e+00 9.74038e-02
8.49919e+00 -1.48499e+00 1.01458e-01
8.77802e+00 -1.45598e+00 1.06801e-01
9.05686e+00 -1.42534e+00 1.13133e-01
9.34913e+00 -1.39114e+00 1.21211e-01
9.59897e+00 -1.35982e+00 1.29737e-01
9.84880e+00 -1.32613e+00 1.40391e-01
1.00548e+01 -1.29611e+00 1.51476e-01
1.02609e+01 -1.26350e+00 1.65611e-01
1.04345e+01 -1.23348e+00 1.81011e-01
1.06080e+01 -1.20039e+00 2.01276e-01
1.07575e+01 -1.16863e+00 2.24759e-01
1.09070e+01 -1.13275e+00 2.57235e-01
1.10565e+01 -1.09097e+00 3.05043e-01
1.12060e+01 -1.04012e+00 3.81755e-01
1.13137e+01 -9.94512e-01 4.72195e-01
1.13970e+01 -9.50987e-01 5.81231e-01
1.14706e+01 -9.03139e-01 7.30114e-01
1.15491e+01 -8.36404e-01 9.93283e-01
1.16154e+01 -7.58883e-01 1.38419e+00
1.16464e+01 -7.11686e-01 1.66713e+00
1.16785e+01 -6.52219e-01 2.07052e+00
1.17059e+01 -5.89231e-01 2.55194e+00
1.17297e+01 -5.22037e-01 3.12228e+00
1.17505e+01 -4.50364e-01 3.78883e+00
1.17713e+01 -3.62637e-01 4.67542e+00
1.17873e+01 -2.81342e-01 5.55444e+00
1.18042e+01 -1.78085e-01 6.73094e+00
1.18182e+01 -7.50894e-02 7.94779e+00
1.18323e+01 4.67175e-02 9.40760e+00
1.18464e+01 1.90786e-01 1.11074e+01
1.18604e+01 3.60104e-01 1.29764e+01
1.18741e+01 5.50109e-01 1.47711e+01
1.18859e+01 7.31684e-01 1.60415e+01
1.18976e+01 9.25218e-01 1.67530e+01
1.19082e+01 1.10226e+00 1.66780e+01
1.19164e+01 1.23623e+00 1.60758e+01
1.19240e+01 1.35581e+00 1.50889e+01
1.19321e+01 1.47197e+00 1.36833e+01
1.19401e+01 1.57568e+00 1.20246e+01
1.19482e+01 1.66549e+00 1.02580e+01
1.19563e+01 1.74110e+00 8.51899e+00
1.19659e+01 1.81384e+00 6.61658e+00
1.19734e+01 1.85865e+00 5.32715e+00
1.19809e+01 1.89448e+00 4.22884e+00
1.19885e+01 1.92276e+00 3.31768e+00
1.19960e+01 1.94484e+00 2.57734e+00
1.20035e+01 1.96192e+00 1.98553e+00
1.20110e+01 1.97503e+00 1.51840e+00
1.20186e+01 1.98502e+00 1.15326e+00
1.20261e+01 1.99259e+00 8.69978e-01
1.20341e+01 1.99861e+00 6.38280e-01
1.20426e+01 2.00319e+00 4.56521e-01
1.20514e+01 2.00658e+00 3.15728e-01
1.20608e+01 2.00902e+00 2.08257e-01
1.20709e+01 2.01067e+00 1.27616e-01
1.20816e+01 2.01171e+00 6.83013e-02
1.20932e+01 2.01223e+00 2.56771e-02
1.21058e+01 2.01236e+00 -4.12699e-03
1.21197e+01 2.01215e+00 -2.43590e-02
1.21349e+01 2.01167e+00 -3.74277e-02
1.21518e+01 2.01096e+00 -4.55422e-02
1.21708e+01 2.01004e+00 -5.03254e-02
1.21928e+01 2.00890e+00 -5.29658e-02
1.22185e+01 2.00752e+00 -5.43133e-02
1.22495e+01 2.00583e+00 -5.49498e-02
1.22882e+01 2.00369e+00 -5.52496e-02
1.23392e+01 2.00087e+00 -5.54343e-02
1.24113e+01 1.99686e+00 -5.56287e-02
1.25212e+01 1.99074e+00 -5.59149e-02
1.26710e+01 1.98233e+00 -5.63113e-02
1.29865e+01 1.96443e+00 -5.71771e-02
1.34592e+01 1.93708e+00 -5.85605e-02
1.39319e+01 1.90905e+00 -6.00568e-02
1.44047e+01 1.88028e+00 -6.16839e-02
1.48774e+01 1.85070e+00 -6.34625e-02
1.52917e+01 1.82407e+00 -6.51643e-02
1.57060e+01 1.79669e+00 -6.70242e-02
1.61202e+01 1.76851e+00 -6.90669e-02
1.65345e+01 1.73944e+00 -7.13251e-02
1.69488e+01 1.70938e+00 -7.38398e-02
1.73003e+01 1.68302e+00 -7.62121e-02
1.76518e+01 1.65577e+00 -7.88500e-02
1.80034e+01 1.62754e+00 -8.18052e-02
1.83549e+01 1.59821e+00 -8.51472e-02
1.86632e+01 1.57146e+00 -8.84683e-02
1.89716e+01 1.54361e+00 -9.22421e-02
1.92799e+01 1.51452e+00 -9.65798e-02
1.95883e+01 1.48398e+00 -1.01636e-01
1.98966e+01 1.45174e+00 -1.07629e-01
2.02174e+01 1.41604e+00 -1.15216e-01
2.04871e+01 1.38395e+00 -1.23064e-01
2.07567e+01 1.34950e+00 -1.32824e-01
2.09773e+01 1.31915e+00 -1.42825e-01
2.11978e+01 1.28631e+00 -1.55471e-01
2.13822e+01 1.25645e+00 -1.69005e-01
2.15666e+01 1.22374e+00 -1.86583e-01
2.17239e+01 1.19289e+00 -2.06431e-01
2.18813e+01 1.15841e+00 -2.33305e-01
2.20386e+01 1.11887e+00 -2.71794e-01
2.21742e+01 1.07890e+00 -3.21229e-01
2.23097e+01 1.03052e+00 -3.98956e-01
2.24137e+01 9.84404e-01 -4.95419e-01
2.24927e+01 9.41082e-01 -6.09458e-01
2.25650e+01 8.91678e-01 -7.70601e-01
2.26411e+01 8.23258e-01 -1.05307e+00
2.26959e+01 7.56872e-01 -1.39556e+00
2.27285e+01 7.06705e-01 -1.69894e+00
2.27601e+01 6.47046e-01 -2.10801e+00
2.27871e+01 5.83717e-01 -2.59660e+00
2.28107e+01 5.16140e-01 -3.17495e+00
2.28313e+01 4.44002e-01 -3.85065e+00
2.28519e+01 3.55767e-01 -4.74774e+00
2.28678e+01 2.73730e-01 -5.63913e+00
2.28845e+01 1.69744e-01 -6.82822e+00
2.28985e+01 6.56517e-02 -8.06056e+00
2.29125e+01 -5.74000e-02 -9.53538e+00
2.29266e+01 -2.02819e-01 -1.12460e+01
2.29406e+01 -3.73481e-01 -1.31149e+01
2.29538e+01 -5.57914e-01 -1.48357e+01
2.29656e+01 -7.40806e-01 -1.60912e+01
2.29774e+01 -9.35413e-01 -1.67689e+01
2.29875e+01 -1.10600e+00 -1.66679e+01
2.29957e+01 -1.24005e+00 -1.60511e+01
2.30034e+01 -1.35913e+00 -1.50550e+01
2.30114e+01 -1.47456e+00 -1.36466e+01
2.30194e+01 -1.57760e+00 -1.19902e+01
2.30274e+01 -1.66682e+00 -1.02296e+01
2.30355e+01 -1.74194e+00 -8.49829e+00
2.30452e+01 -1.81483e+00 -6.58899e+00
2.30527e+01 -1.85931e+00 -5.30744e+00
2.30602e+01 -1.89490e+00 -4.21576e+00
2.30676e+01 -1.92300e+00 -3.30980e+00
2.30751e+01 -1.94495e+00 -2.57329e+00
2.30826e+01 -1.96196e+00 -1.98413e+00
2.30901e+01 -1.97502e+00 -1.51873e+00
2.30976e+01 -1.98498e+00 -1.15464e+00
2.31051e+01 -1.99254e+00 -8.71903e-01
2.31132e+01 -1.99857e+00 -6.39801e-01
2.31216e+01 -2.00316e+00 -4.57707e-01
2.31305e+01 -2.00656e+00 -3.16640e-01
2.31399e+01 -2.00900e+00 -2.08947e-01
2.31499e+01 -2.01066e+00 -1.28129e-01
2.31606e+01 -2.01170e+00 -6.86742e-02
2.31722e+01 -2.01223e+00 -2.59414e-02
2.31848e+01 -2.01236e+00 3.94511e-03
2.31987e+01 -2.01215e+00 2.42397e-02
2.32139e+01 -2.01167e+00 3.73522e-02
2.32307e+01 -2.01097e+00 4.54965e-02
2.32498e+01 -2.01005e+00 5.02994e-02
2.32717e+01 -2.00891e+00 5.29520e-02
2.32974e+01 -2.00753e+00 5.43065e-02
2.33283e+01 -2.00584e+00 5.49467e-02
2.33670e+01 -2.00371e+00 5.52480e-02
2.34179e+01 -2.00089e+00 5.54330e-02
2.34898e+01 -1.99690e+00 5.56270e-02
2.35993e+01 -1.99079e+00 5.59123e-02
2.37490e+01 -1.98239e+00 5.63081e-02
2.40649e+01 -1.96447e+00 5.71751e-02
2.45377e+01 -1.93711e+00 5.85588e-02
2.50106e+01 -1.90908e+00 6.00552e-02
2.54834e+01 -1.88030e+00 6.16826e-02
2.59563e+01 -1.85072e+00 6.34616e-02
2.63706e+01 -1.82408e+00 6.51633e-02
2.67848e+01 -1.79671e+00 6.70231e-02
2.71991e+01 -1.76853e+00 6.90657e-02
2.76134e+01 -1.73946e+00 7.13237e-02
2.80277e+01 -1.70940e+00 7.38381e-02
2.83792e+01 -1.68303e+00 7.62103e-02
2.87307e+01 -1.65579e+00 7.88481e-02
2.90823e+01 -1.62756e+00 8.18032e-02
2.94338e+01 -1.59823e+00 8.51451e-02
2.97421e+01 -1.57148e+00 8.84659e-02
3.00505e+01 -1.54363e+00 9.22395e-02
3.03588e+01 -1.51454e+00 9.65769e-02
3.06672e+01 -1.48400e+00 1.01633e-01
3.09755e+01 -1.45176e+00 1.07625e-01
3.12964e+01 -1.41606e+00 1.15211e-01
3.15661e+01 -1.38397e+00 1.23060e-01
3.18357e+01 -1.34952e+00 1.32818e-01
3.20563e+01 -1.31916e+00 1.42819e-01
3.22768e+01 -1.28633e+00 1.55464e-01
3.24612e+01 -1.25647e+00 1.68997e-01
3.26456e+01 -1.22376e+00 1.86573e-01
3.28029e+01 -1.19291e+00 2.06419e-01
3.29603e+01 -1.15843e+00 2.33289e-01
3.31176e+01 -1.11889e+00 2.71772e-01
3.32532e+01 -1.07893e+00 3.21194e-01
3.33888e+01 -1.03055e+00 3.98897e-01
3.34928e+01 -9.84426e-01 4.95369e-01
3.35718e+01 -9.41104e-01 6.09394e-01
3.36440e+01 -8.91703e-01 7.70509e-01
3.37202e+01 -8.23287e-01 1.05294e+00
3.37750e+01 -7.56885e-01 1.39549e+00
3.38076e+01 -7.06726e-01 1.69880e+00
3.38392e+01 -6.47068e-01 2.10785e+00
3.38662e+01 -5.83740e-01 2.59641e+00
3.38898e+01 -5.16165e-01 3.17473e+00
3.39104e+01 -4.44029e-01 3.85038e+00
3.39310e+01 -3.55797e-01 4.74744e+00
3.39469e+01 -2.73762e-01 5.63877e+00
3.39636e+01 -1.69779e-01 6.82781e+00
3.39776e+01 -6.56918e-02 8.06009e+00
3.39917e+01 5.73546e-02 9.53484e+00
3.40057e+01 2.02768e-01 1.12454e+01
3.40197e+01 3.73424e-01 1.31143e+01
3.40329e+01 5.57889e-01 1.48355e+01
3.40447e+01 7.40776e-01 1.60911e+01
3.40565e+01 9.35380e-01 1.67689e+01
3.40666e+01 1.10598e+00 1.66680e+01
3.40748e+01 1.24003e+00 1.60512e+01
3.40825e+01 1.35912e+00 1.50551e+01
3.40905e+01 1.47455e+00 1.36467e+01
3.40985e+01 1.57759e+00 1.19903e+01
3.41065e+01 1.66681e+00 1.02297e+01
3.41146e+01 1.74193e+00 8.49836e+00
3.41243e+01 1.81483e+00 6.58908e+00
3.41318e+01 1.85931e+00 5.30750e+00
3.41393e+01 1.89489e+00 4.21581e+00
3.41468e+01 1.92300e+00 3.30982e+00
3.41543e+01 1.94495e+00 2.57330e+00
3.41618e+01 1.96195e+00 1.98414e+00
3.41693e+01 1.97502e+00 1.51873e+00
3.41768e+01 1.98498e+00 1.15463e+00
3.41843e+01 1.99254e+00 8.71896e-01
3.41923e+01 1.99857e+00 6.39796e-01
3.42007e+01 2.00316e+00 4.57703e-01
3.42096e+01 2.00656e+00 3.16637e-01
3.42190e+01 2.00900e+00 2.08945e-01
3.42290e+01 2.01066e+00 1.28127e-01
3.42398e+01 2.01170e+00 6.86730e-02
3.42513e+01 2.01223e+00 2.59405e-02
3.42639e+01 2.01236e+00 -3.94573e-03
3.42778e+01 2.01215e+00 -2.42401e-02
3.42930e+01 2.01167e+00 -3.73524e-02
3.43099e+01 2.01097e+00 -4.54967e-02
3.43289e+01 2.01005e+00 -5.02995e-02
3.43508e+01 2.00891e+00 -5.29521e-02
3.43765e+01 2.00753e+00 -5.43066e-02
3.44074e+01 2.00584e+00 -5.49468e-02
3.44461e+01 2.00371e+00 -5.52480e-02
3.44970e+01 2.00089e+00 -5.54330e-02
3.45689e+01 1.99690e+00 -5.56270e-02
3.46784e+01 1.99079e+00 -5.59123e-02
3.48281e+01 1.98239e+00 -5.63081e-02
3.51440e+01 1.96447e+00 -5.71751e-02
3.56168e+01 1.93711e+00 -5.85588e-02
3.60897e+01 1.90908e+00 -6.00553e-02
3.65626e+01 1.88030e+00 -6.16826e-02
3.70354e+01 1.85072e+00 -6.34616e-02
3.74497e+01 1.82408e+00 -6.51633e-02
3.78640e+01 1.79671e+00 -6.70231e-02
3.82782e+01 1.76853e+00 -6.90657e-02
3.86925e+01 1.73946e+00 -7.13237e-02
3.91068e+01 1.70940e+00 -7.38381e-02
3.94583e+01 1.68303e+00 -7.62104e-02
3.98098e+01 1.65579e+00 -7.88481e-02
4.01614e+01 1.62756e+00 -8.18032e-02
4.05129e+01 1.59823e+00 -8.51451e-02
4.08212e+01 1.57148e+00 -8.84659e-02
4.11296e+01 1.54363e+00 -9.22395e-02
4.14379e+01 1.51454e+00 -9.65769e-02
4.17463e+01 1.48400e+00 -1.01633e-01
4.20546e+01 1.45176e+00 -1.07625e-01
4.23755e+01 1.41606e+00 -1.15211e-01
4.26452e+01 1.38397e+00 -1.23060e-01
4.29148e+01 1.34952e+00 -1.32818e-01
4.31354e+01 1.31916e+00 -1.42819e-01
4.33559e+01 1.28633e+00 -1.55464e-01
4.35403e+01 1.25647e+00 -1.68997e-01
4.37247e+01 1.22376e+00 -1.86573e-01
4.38820e+01 1.19291e+00 -2.06419e-01
4.40394e+01 1.15843e+00 -2.33289e-01
4.41968e+01 1.11889e+00 -2.71772e-01
4.43323e+01 1.07893e+00 -3.21194e-01
4.44679e+01 1.03055e+00 -3.98897e-01
4.45719e+01 9.84426e-01 -4.95369e-01
4.46509e+01 9.41104e-01 -6.09395e-01
4.47231e+01 8.91703e-01 -7.70510e-01
4.47993e+01 8.23287e-01 -1.05294e+00
4.48541e+01 7.56885e-01 -1.39549e+00
4.48867e+01 7.06726e-01 -1.69880e+00
4.49183e+01 6.47068e-01 -2.10785e+00
4.49453e+01 5.83740e-01 -2.59641e+00
4.49689e+01 5.16165e-01 -3.17473e+00
4.49895e+01 4.44029e-01 -3.85038e+00
4.50101e+01 3.55796e-01 -4.74744e+00
4.50260e+01 2.73762e-01 -5.63877e+00
4.50427e+01 1.69779e-01 -6.82781e+00
4.50567e+01 6.56916e-02 -8.06009e+00
4.50708e+01 -5.73548e-02 -9.53484e+00
4.50848e+01 -2.02768e-01 -1.12454e+01
4.50988e+01 -3.73424e-01 -1.31143e+01
4.51120e+01 -5.57889e-01 -1.48355e+01
4.51238e+01 -7.40776e-01 -1.60911e+01
4.51356e+01 -9.35380e-01 -1.67689e+01
4.51458e+01 -1.10599e+00 -1.66680e+01
4.51539e+01 -1.24003e+00 -1.60512e+01
4.51616e+01 -1.35912e+00 -1.50551e+01
4.51696e+01 -1.47455e+00 -1.36467e+01
4.51776e+01 -1.57759e+00 -1.19903e+01
4.51857e+01 -1.66681e+00 -1.02297e+01
4.51937e+01 -1.74193e+00 -8.49836e+00
4.52034e+01 -1.81483e+00 -6.58908e+00
4.52109e+01 -1.85931e+00 -5.30750e+00
4.52184e+01 -1.89489e+00 -4.21581e+00
4.52259e+01 -1.92300e+00 -3.30982e+00
4.52334e+01 -1.94495e+00 -2.57330e+00
4.52409e+01 -1.96195e+00 -1.98414e+00
4.52484e+01 -1.97502e+00 -1.51873e+00
4.52559e+01 -1.98498e+00 -1.15463e+00
4.52634e+01 -1.99254e+00 -8.71896e-01
4.52714e+01 -1.99857e+00 -6.39796e-01
4.52798e+01 -2.00316e+00 -4.57703e-01
4.52887e+01 -2.00656e+00 -3.16637e-01
4.52981e+01 -2.00900e+00 -2.08945e-01
4.53081e+01 -2.01066e+00 -1.28127e-01
4.53189e+01 -2.01170e+00 -6.86730e-02
4.53305e+01 -2.01223e+00 -2.59406e-02
4.53430e+01 -2.01236e+00 3.94573e-03
4.53569e+01 -2.01215e+00 2.42401e-02
4.53721e+01 -2.01167e+00 3.73524e-02
4.53890e+01 -2.01097e+00 4.54967e-02
4.54080e+01 -2.01005e+00 5.02995e-02
4.54299e+01 -2.00891e+00 5.29521e-02
4.54556e+01 -2.00753e+00 5.43066e-02
4.54866e+01 -2.00584e+00 5.49468e-02
4.55252e+01 -2.00371e+00 5.52480e-02
4.55761e+01 -2.00089e+00 5.54330e-02
4.56480e+01 -1.99690e+00 5.56270e-02
4.57575e+01 -1.99079e+00 5.59123e-02
4.59072e+01 -1.98239e+00 5.63081e-02
4.62231e+01 -1.96447e+00 5.71751e-02
4.66959e+01 -1.93711e+00 5.85588e-02
4.71688e+01 -1.90908e+00 6.00553e-02
4.76417e+01 -1.88030e+00 6.16826e-02
4.81145e+01 -1.85072e+00 6.34616e-02
4.85288e+01 -1.82408e+00 6.51633e-02
4.89431e+01 -1.79671e+00 6.70231e-02
4.93573e+01 -1.76853e+00 6.90657e-02
4.97716e+01 -1.73946e+00 7.13237e-02
5.01859e+01 -1.70940e+00 7.38381e-02
5.05374e+01 -1.68303e+00 7.62104e-02
5.08889e+01 -1.65579e+00 7.88481e-02
5.12405e+01 -1.62756e+00 8.18032e-02
5.15920e+01 -1.59823e+00 8.51451e-02
5.19004e+01 -1.57148e+00 8.84659e-02
5.22087e+01 -1.54363e+00 9.22395e-02
5.25171e+01 -1.51454e+00 9.65769e-02
5.28254e+01 -1.48400e+00 1.01633e-01
5.31338e+01 -1.45176e+00 1.07625e-01
5.34546e+01 -1.41606e+00 1.15211e-01
5.37243e+01 -1.38397e+00 1.23060e-01
5.39939e+01 -1.34952e+00 1.32818e-01
5.42145e+01 -1.31916e+00 1.42819e-01
5.44350e+01 -1.28633e+00 1.55464e-01
5.46194e+01 -1.25647e+00 1.68997e-01
5.48038e+01 -1.22376e+00 1.86573e-01
5.49612e+01 -1.19291e+00 2.06419e-01
5.51185e+01 -1.15843e+00 2.33289e-01
5.52759e+01 -1.11889e+00 2.71772e-01
5.54114e+01 -1.07893e+00 3.21194e-01
5.55470e+01 -1.03055e+00 3.98897e-01
5.56510e+01 -9.84426e-01 4.95369e-01
5.57300e+01 -9.41104e-01 6.09395e-01
5.58023e+01 -8.91703e-01 7.70510e-01
5.58784e+01 -8.23287e-01 1.05294e+00
5.59333e+01 -7.56885e-01 1.39549e+00
5.59658e+01 -7.06726e-01 1.69880e+00
5.59974e+01 -6.47068e-01 2.10785e+00
5.60245e+01 -5.83740e-01 2.59641e+00
5.60480e+01 -5.16165e-01 3.17473e+00
5.60686e+01 -4.44029e-01 3.85038e+00
5.60892e+01 -3.55796e-01 4.74744e+00
5.61051e+01 -2.73762e-01 5.63877e+00
5.61218e+01 -1.69779e-01 6.82781e+00
5.61359e+01 -6.56916e-02 8.06009e+00
5.61499e+01 5.73548e-02 9.53484e+00
5.61639e+01 2.02768e-01 1.12454e+01
5.61779e+01 3.73424e-01 1.31143e+01
5.61911e+01 5.57889e-01 1.48355e+01
5.62029e+01 7.40776e-01 1.60911e+01
5.62147e+01 9.35380e-01 1.67689e+01
5.62249e+01 1.10599e+00 1.66680e+01
5.62330e+01 1.24003e+00 1.60512e+01
5.62407e+01 1.35912e+00 1.50551e+01
5.62487e+01 1.47455e+00 1.36467e+01
5.62567e+01 1.57759e+00 1.19903e+01
5.62648e+01 1.66681e+00 1.02297e+01
5.62728e+01 1.74193e+00 8.49836e+00
5.62825e+01 1.81483e+00 6.58908e+00
5.62900e+01 1.85931e+00 5.30750e+00
5.62975e+01 1.89489e+00 4.21581e+00
5.63050e+01 1.92300e+00 3.30982e+00
5.63125e+01 1.94495e+00 2.57330e+00
5.63200e+01 1.96195e+00 1.98414e+00
5.63275e+01 1.97502e+00 1.51873e+00
5.63350e+01 1.98498e+00 1.15463e+00
5.63425e+01 1.99254e+00 8.71896e-01
5.63505e+01 1.99857e+00 6.39796e-01
5.63589e+01 2.00316e+00 4.57703e-01
5.63678e+01 2.00656e+00 3.16637e-01
5.63772e+01 2.00900e+00 2.08945e-01
5.63872e+01 2.01066e+00 1.28127e-01
5.63980e+01 2.01170e+00 6.86730e-02
5.64096e+01 2.01223e+00 2.59406e-02
5.64222e+01 2.01236e+00 -3.94573e-03
5.64360e+01 2.01215e+00 -2.42401e-02
5.64512e+01 2.01167e+00 -3.73524e-02
5.64681e+01 2.01097e+00 -4.54967e-02
5.64871e+01 2.01005e+00 -5.02995e-02
5.65090e+01 2.00891e+00 -5.29521e-02
5.65347e+01 2.00753e+00 -5.43066e-02
5.65657e+01 2.00584e+00 -5.49468e-02
5.66043e+01 2.00371e+00 -5.52480e-02
5.66552e+01 2.00089e+00 -5.54330e-02
5.67271e+01 1.99690e+00 -5.56270e-02
5.68366e+01 1.99079e+00 -5.59123e-02
5.69863e+01 1.98239e+00 -5.63081e-02
5.73022e+01 1.96447e+00 -5.71751e-02
5.77751e+01 1.93711e+00 -5.85588e-02
5.82479e+01 1.90908e+00 -6.00553e-02
5.87208e+01 1.88030e+00 -6.16826e-02
5.91936e+01 1.85072e+00 -6.34616e-02
5.96079e+01 1.82408e+00 -6.51633e-02
6.00222e+01 1.79671e+00 -6.70231e-02
6.04365e+01 1.76853e+00 -6.90657e-02
6.08507e+01 1.73946e+00 -7.13237e-02
6.12650e+01 1.70940e+00 -7.38381e-02
6.16165e+01 1.68303e+00 -7.62104e-02
6.19681e+01 1.65579e+00 -7.88481e-02
6.23196e+01 1.62756e+00 -8.18032e-02
6.26711e+01 1.59823e+00 -8.51451e-02
6.29795e+01 1.57148e+00 -8.84659e-02
6.32878e+01 1.54363e+00 -9.22395e-02
6.35962e+01 1.51454e+00 -9.65769e-02
6.39045e+01 1.48400e+00 -1.01633e-01
6.42129e+01 1.45176e+00 -1.07625e-01
6.45337e+01 1.41606e+00 -1.15211e-01
6.48034e+01 1.38397e+00 -1.23060e-01
6.50731e+01 1.34952e+00 -1.32818e-01
6.52936e+01 1.31916e+00 -1.42819e-01
6.55141e+01 1.28633e+00 -1.55464e-01
6.56985e+01 1.25647e+00 -1.68997e-01
6.58829e+01 1.22376e+00 -1.86573e-01
6.60403e+01 1.19291e+00 -2.06419e-01
6.61976e+01 1.15843e+00 -2.33289e-01
6.63550e+01 1.11889e+00 -2.71772e-01
6.64905e+01 1.07893e+00 -3.21194e-01
6.66261e+01 1.03055e+00 -3.98897e-01
6.67301e+01 9.84426e-01 -4.95369e-01
6.68091e+01 9.41104e-01 -6.09395e-01
6.68814e+01 8.91703e-01 -7.70510e-01
6.69575e+01 8.23287e-01 -1.05294e+00
6.70124e+01 7.56885e-01 -1.39549e+00
6.70450e+01 7.06726e-01 -1.69880e+00
6.70765e+01 6.47068e-01 -2.10785e+00
6.71036e+01 5.83740e-01 -2.59641e+00
6.71271e+01 5.16165e-01 -3.17473e+00
6.71477e+01 4.44029e-01 -3.85038e+00
6.71684e+01 3.55796e-01 -4.74744e+00
6.71842e+01 2.73762e-01 -5.63877e+00
6.72009e+01 1.69779e-01 -6.82781e+00
6.72150e+01 6.56916e-02 -8.06009e+00
6.72290e+01 -5.73548e-02 -9.53484e+00
6.72430e+01 -2.02768e-01 -1.12454e+01
6.72570e+01 -3.73424e-01 -1.31143e+01
6.72702e+01 -5.57889e-01 -1.48355e+01
6.72820e+01 -7.40776e-01 -1.60911e+01
6.72938e+01 -9.35380e-01 -1.67689e+01
6.73040e+01 -1.10599e+00 -1.66680e+01
6.73122e+01 -1.24003e+00 -1.60512e+01
6.73198e+01 -1.35912e+00 -1.50551e+01
6.73278e+01 -1.47455e+00 -1.36467e+01
6.73359e+01 -1.57759e+00 -1.19903e+01
6.73439e+01 -1.66681e+00 -1.02297e+01
6.73519e+01 -1.74193e+00 -8.49836e+00
6.73616e+01 -1.81483e+00 -6.58908e+00
6.73691e+01 -1.85931e+00 -5.30750e+00
6.73766e+01 -1.89489e+00 -4.21581e+00
6.73841e+01 -1.92300e+00 -3.30982e+00
6.73916e+01 -1.94495e+00 -2.57330e+00
6.73991e+01 -1.96195e+00 -1.98414e+00
6.74066e+01 -1.97502e+00 -1.51873e+00
6.74141e+01 -1.98498e+00 -1.15463e+00
6.74216e+01 -1.99254e+00 -8.71896e-01
6.74296e+01 -1.99857e+00 -6.39796e-01
6.74381e+01 -2.00316e+00 -4.57703e-01
6.74469e+01 -2.00656e+00 -3.16637e-01
6.74563e+01 -2.00900e+00 -2.08945e-01
6.74663e+01 -2.01066e+00 -1.28127e-01
6.74771e+01 -2.01170e+00 -6.86730e-02
6.74887e+01 -2.01223e+00 -2.59406e-02
6.75013e+01 -2.01236e+00 3.94573e-03
6.75151e+01 -2.01215e+00 2.42401e-02
6.75303e+01 -2.01167e+00 3.73524e-02
6.75472e+01 -2.01097e+00 4.54967e-02
6.75663e+01 -2.01005e+00 5.02995e-02
6.75881e+01 -2.00891e+00 5.29521e-02
6.76138e+01 -2.00753e+00 5.43066e-02
6.76448e+01 -2.00584e+00 5.49468e-02
6.76835e+01 -2.00371e+00 5.52480e-02
6.77343e+01 -2.00089e+00 5.54330e-02
6.78063e+01 -1.99690e+00 5.56270e-02
6.79157e+01 -1.99079e+00 5.59123e-02
6.80654e+01 -1.98239e+00 5.63081e-02
6.83813e+01 -1.96447e+00 5.71751e-02
6.88542e+01 -1.93711e+00 5.85588e-02
6.93270e+01 -1.90908e+00 6.00553e-02
6.97999e+01 -1.88030e+00 6.16826e-02
7.02728e+01 -1.85072e+00 6.34616e-02
7.06870e+01 -1.82408e+00 6.51633e-02
7.11013e+01 -1.79671e+00 6.70231e-02
7.15156e+01 -1.76853e+00 6.90657e-02
7.19298e+01 -1.73946e+00 7.13237e-02
7.23441e+01 -1.70940e+00 7.38381e-02
7.26956e+01 -1.68303e+00 7.62104e-02
7.30472e+01 -1.65579e+00 7.88481e-02
7.33987e+01 -1.62756e+00 8.18032e-02
7.37502e+01 -1.59823e+00 8.51451e-02
7.40586e+01 -1.57148e+00 8.84659e-02
7.43669e+01 -1.54363e+00 9.22395e-02
7.46753e+01 -1.51454e+00 9.65769e-02
7.49836e+01 -1.48400e+00 1.01633e-01
7.52920e+01 -1.45176e+00 1.07625e-01
7.56128e+01 -1.41606e+00 1.15211e-01
7.58825e+01 -1.38397e+00 1.23060e-01
7.61522e+01 -1.34952e+00 1.32818e-01
7.63727e+01 -1.31916e+00 1.42819e-01
7.65932e+01 -1.28633e+00 1.55464e-01
7.67776e+01 -1.25647e+00 1.68997e-01
7.69620e+01 -1.22376e+00 1.86573e-01
7.71194e+01 -1.19291e+00 2.06419e-01
7.72767e+01 -1.15843e+00 2.33289e-01
7.74341e+01 -1.11889e+00 2.71772e-01
7.75697e+01 -1.07893e+00 3.21194e-01
7.77052e+01 -1.03055e+00 3.98897e-01
7.78092e+01 -9.84426e-01 4.95369e-01
7.78882e+01 -9.41104e-01 6.09395e-01
7.79605e+01 -8.91703e-01 7.70510e-01
7.80366e+01 -8.23287e-01 1.05294e+00
7.80915e+01 -7.56885e-01 1.39549e+00
7.81241e+01 -7.06726e-01 1.69880e+00
7.81556e+01 -6.47068e-01 2.10785e+00
7.81827e+01 -5.83740e-01 2.59641e+00
7.82062e+01 -5.16165e-01 3.17473e+00
7.82268e+01 -4.44029e-01 3.85038e+00
7.82475e+01 -3.55796e-01 4.74744e+00
7.82633e+01 -2.73762e-01 5.63877e+00
7.82801e+01 -1.69779e-01 6.82781e+00
7.82941e+01 -6.56916e-02 8.06009e+00
7.83081e+01 5.73548e-02 9.53484e+00
7.83221e+01 2.02768e-01 1.12454e+01
7.83361e+01 3.73424e-01 1.31143e+01
7.83493e+01 5.57889e-01 1.48355e+01
7.83611e+01 7.40776e-01 1.60911e+01
7.83729e+01 9.35380e-01 1.67689e+01
7.83831e+01 1.10599e+00 1.66680e+01
7.83913e+01 1.24003e+00 1.60512e+01
7.83989e+01 1.35912e+00 1.50551e+01
7.84069e+01 1.47455e+00 1.36467e+01
7.84150e+01 1.57759e+00 1.19903e+01
7.84230e+01 1.66681e+00 1.02297e+01
7.84310e+01 1.74193e+00 8.49836e+00
7.84407e+01 1.81483e+00 6.58908e+00
7.84482e+01 1.85931e+00 5.30750e+00
7.84557e+01 1.89489e+00 4.21581e+00
7.84632e+01 1.92300e+00 3.30982e+00
7.84707e+01 1.94495e+00 2.57330e+00
7.84782e+01 1.96195e+00 1.98414e+00
7.84857e+01 1.97502e+00 1.51873e+00
7.84932e+01 1.98498e+00 1.15463e+00
7.85007e+01 1.99254e+00 8.71896e-01
7.85087e+01 1.99857e+00 6.39796e-01
7.85172e+01 2.00316e+00 4.57703e-01
7.85260e+01 2.00656e+00 3.16637e-01
7.85354e+01 2.00900e+00 2.08945e-01
7.85455e+01 2.01066e+00 1.28127e-01
7.85562e+01 2.01170e+00 6.86730e-02
7.85678e+01 2.01223e+00 2.59406e-02
7.85804e+01 2.01236e+00 -3.94573e-03
7.85942e+01 2.01215e+00 -2.42401e-02
7.86094e+01 2.01167e+00 -3.73524e-02
7.86263e+01 2.01097e+00 -4.54967e-02
7.86454e+01 2.01005e+00 -5.02995e-02
7.86673e+01 2.00891e+00 -5.29521e-02
7.86929e+01 2.00753e+00 -5.43066e-02
7.87239e+01 2.00584e+00 -5.49468e-02
7.87626e+01 2.00371e+00 -5.52480e-02
7.88134e+01 2.00089e+00 -5.54330e-02
7.88854e+01 1.99690e+00 -5.56270e-02
7.89949e+01 1.99079e+00 -5.59123e-02
7.91445e+01 1.98239e+00 -5.63081e-02
7.94604e+01 1.96447e+00 -5.71751e-02
7.99333e+01 1.93711e+00 -5.85588e-02
8.04061e+01 1.90908e+00 -6.00553e-02
8.08790e+01 1.88030e+00 -6.16826e-02
8.13519e+01 1.85072e+00 -6.34616e-02
8.17661e+01 1.82408e+00 -6.51633e-02
8.21804e+01 1.79671e+00 -6.70231e-02
8.25947e+01 1.76853e+00 -6.90657e-02
8.30089e+01 1.73946e+00 -7.13237e-02
8.34232e+01 1.70940e+00 -7.38381e-02
8.37747e+01 1.68303e+00 -7.62104e-02
8.41263e+01 1.65579e+00 -7.88481e-02
8.44778e+01 1.62756e+00 -8.18032e-02
8.48293e+01 1.59823e+00 -8.51451e-02
8.51377e+01 1.57148e+00 -8.84659e-02
8.54460e+01 1.54363e+00 -9.22395e-02
8.57544e+01 1.51454e+00 -9.65769e-02
8.60627e+01 1.48400e+00 -1.01633e-01
8.63711e+01 1.45176e+00 -1.07625e-01
8.66919e+01 1.41606e+00 -1.15211e-01
8.69616e+01 1.38397e+00 -1.23060e-01
8.72313e+01 1.34952e+00 -1.32818e-01
8.74518e+01 1.31916e+00 -1.42819e-01
8.76723e+01 1.28633e+00 -1.55464e-01
8.78567e+01 1.25647e+00 -1.68997e-01
8.80411e+01 1.22376e+00 -1.86573e-01
8.81985e+01 1.19291e+00 -2.06419e-01
8.83558e+01 1.15843e+00 -2.33289e-01
8.85132e+01 1.11889e+00 -2.71772e-01
8.86488e+01 1.07893e+00 -3.21194e-01
8.87843e+01 1.03055e+00 -3.98897e-01
8.88884e+01 9.84426e-01 -4.95369e-01
8.89674e+01 9.41104e-01 -6.09395e-01
8.90396e+01 8.91703e-01 -7.70510e-01
8.91157e+01 8.23287e-01 -1.05294e+00
8.91706e+01 7.56885e-01 -1.39549e+00
8.92032e+01 7.06726e-01 -1.69880e+00
8.92347e+01 6.47068e-01 -2.10785e+00
8.92618e+01 5.83740e-01 -2.59641e+00
8.92853e+01 5.16165e-01 -3.17473e+00
8.93060e+01 4.44029e-01 -3.85038e+00
8.93266e+01 3.55796e-01 -4.74744e+00
8.93424e+01 2.73762e-01 -5.63877e+00
8.93592e+01 1.69779e-01 -6.82781e+00
8.93732e+01 6.56916e-02 -8.06009e+00
8.93872e+01 -5.73548e-02 -9.53484e+00
8.94012e+01 -2.02768e-01 -1.12454e+01
8.94153e+01 -3.73424e-01 -1.31143e+01
8.94284e+01 -5.57889e-01 -1.48355e+01
8.94402e+01 -7.40776e-01 -1.60911e+01
8.94520e+01 -9.35380e-01 -1.67689e+01
8.94622e+01 -1.10599e+00 -1.66680e+01
8.94704e+01 -1.24003e+00 -1.60512e+01
8.94780e+01 -1.35912e+00 -1.50551e+01
8.94861e+01 -1.47455e+00 -1.36467e+01
8.94941e+01 -1.57759e+00 -1.19903e+01
8.95021e+01 -1.66681e+00 -1.02297e+01
8.95101e+01 -1.74193e+00 -8.49836e+00
8.95198e+01 -1.81483e+00 -6.58908e+00
8.95273e+01 -1.85931e+00 -5.30750e+00
8.95348e+01 -1.89489e+00 -4.21581e+00
8.95423e+01 -1.92300e+00 -3.30982e+00
8.95498e+01 -1.94495e+00 -2.57330e+00
8.95573e+01 -1.96195e+00 -1.98414e+00
8.95648e+01 -1.97502e+00 -1.51873e+00
8.95723e+01 -1.98498e+00 -1.15463e+00
8.95798e+01 -1.99254e+00 -8.71896e-01
8.95879e+01 -1.99857e+00 -6.39796e-01
8.95963e+01 -2.00316e+00 -4.57703e-01
8.96052e+01 -2.00656e+00 -3.16637e-01
8.96146e+01 -2.00900e+00 -2.08945e-01
8.96246e+01 -2.01066e+00 -1.28127e-01
8.96353e+01 -2.01170e+00 -6.86730e-02
8.96469e+01 -2.01223e+00 -2.59406e-02
8.96595e+01 -2.01236e+00 3.94573e-03
8.96733e+01 -2.01215e+00 2.42401e-02
8.96885e+01 -2.01167e+00 3.73524e-02
8.97054e+01 -2.01097e+00 4.54967e-02
8.97245e+01 -2.01005e+00 5.02995e-02
8.97464e+01 -2.00891e+00 5.29521e-02
8.97721e+01 -2.00753e+00 5.43066e-02
8.98030e+01 -2.00584e+00 5.49468e-02
8.98417e+01 -2.00371e+00 5.52480e-02
8.98926e+01 -2.00089e+00 5.54330e-02
8.99645e+01 -1.99690e+00 5.56270e-02
9.00740e+01 -1.99079e+00 5.59123e-02
9.02237e+01 -1.98239e+00 5.63081e-02
9.05395e+01 -1.96447e+00 5.71751e-02
9.10124e+01 -1.93711e+00 5.85588e-02
9.14853e+01 -1.90908e+00 6.00553e-02
9.19581e+01 -1.88030e+00 6.16826e-02
9.24310e+01 -1.85072e+00 6.34616e-02
9.28453e+01 -1.82408e+00 6.51633e-02
9.32595e+01 -1.79671e+00 6.70231e-02
9.36738e+01 -1.76853e+00 6.90657e-02
9.40881e+01 -1.73946e+00 7.13237e-02
9.45023e+01 -1.70940e+00 7.38381e-02
9.48539e+01 -1.68303e+00 7.62104e-02
9.52054e+01 -1.65579e+00 7.88481e-02
9.55569e+01 -1.62756e+00 8.18032e-02
9.59085e+01 -1.59823e+00 8.51451e-02
9.62168e+01 -1.57148e+00 8.84659e-02
9.65252e+01 -1.54363e+00 9.22395e-02
9.68335e+01 -1.51454e+00 9.65769e-02
9.71419e+01 -1.48400e+00 1.01633e-01
9.74502e+01 -1.45176e+00 1.07625e-01
9.77711e+01 -1.41606e+00 1.15211e-01
9.80407e+01 -1.38397e+00 1.23060e-01
9.83104e+01 -1.34952e+00 1.32818e-01
9.85309e+01 -1.31916e+00 1.42819e-01
9.87515e+01 -1.28633e+00 1.55464e-01
9.89359e+01 -1.25647e+00 1.68997e-01
9.91203e+01 -1.22376e+00 1.86573e-01
9.92776e+01 -1.19291e+00 2.06419e-01
9.94350e+01 -1.15843e+00 2.33289e-01
9.95923e+01 -1.11889e+00 2.71772e-01
9.97279e+01 -1.07893e+00 3.21194e-01
9.98634e+01 -1.03055e+00 3.98897e-01
9.99675e+01 -9.84426e-01 4.95369e-01
1.00000e+02 -9.67660e-01 5.36639e-01
