1.00000e-06 1.00000e+00 -1.00000e-06
6.00000e-06 1.00000e+00 -6.00000e-06
3.10000e-05 1.00000e+00 -3.10000e-05
1.56000e-04 1.00000e+00 -1.56000e-04
7.81000e-04 1.00000e+00 -7.81000e-04
3.90600e-03 9.99992e-01 -3.90599e-03
1.95310e-02 9.99809e-01 -1.95302e-02
9.76560e-02 9.95231e-01 -9.77506e-02
2.29232e-01 9.73492e-01 -2.34878e-01
3.29839e-01 9.43902e-01 -3.57741e-01
4.19219e-01 9.05872e-01 -5.00936e-01
5.00873e-01 8.57757e-01 -6.90653e-01
5.82528e-01 7.89964e-01 -9.97374e-01
6.27276e-01 7.39794e-01 -1.26053e+00
6.65808e-01 6.85378e-01 -1.58251e+00
6.99476e-01 6.25811e-01 -1.97804e+00
7.28478e-01 5.61963e-01 -2.44968e+00
7.53752e-01 4.93348e-01 -3.00737e+00
7.75987e-01 4.19561e-01 -3.65973e+00
7.98221e-01 3.29042e-01 -4.52361e+00
8.15489e-01 2.43735e-01 -5.38943e+00
8.33654e-01 1.35824e-01 -6.53602e+00
8.49056e-01 2.62157e-02 -7.73386e+00
8.64458e-01 -1.03571e-01 -9.15681e+00
8.79860e-01 -2.56905e-01 -1.07826e+01
8.95262e-01 -4.36253e-01 -1.25079e+01
9.08759e-01 -6.14829e-01 -1.39174e+01
9.23483e-01 -8.28694e-01 -1.50248e+01
9.38208e-01 -1.05311e+00 -1.52838e+01
9.46878e-01 -1.18430e+00 -1.49091e+01
9.55678e-01 -1.31228e+00 -1.41103e+01
9.63877e-01 -1.42373e+00 -1.30294e+01
9.72076e-01 -1.52527e+00 -1.17050e+01
9.80275e-01 -1.61529e+00 -1.02400e+01
9.88857e-01 -1.69642e+00 -8.67071e+00
9.98247e-01 -1.77004e+00 -7.03112e+00
1.00639e+00 -1.82197e+00 -5.74516e+00
1.01569e+00 -1.86929e+00 -4.47527e+00
1.02367e+00 -1.90126e+00 -3.56197e+00
1.03198e+00 -1.92749e+00 -2.77715e+00
1.04029e+00 -1.94784e+00 -2.14433e+00
1.04860e+00 -1.96349e+00 -1.64178e+00
1.05691e+00 -1.97543e+00 -1.24736e+00
1.06522e+00 -1.98447e+00 -9.40585e-01
1.07398e+00 -1.99157e+00 -6.92494e-01
1.08313e+00 -1.99697e+00 -4.97480e-01
1.09274e+00 -2.00098e+00 -3.45973e-01
1.10289e+00 -2.00388e+00 -2.29886e-01
1.11370e+00 -2.00586e+00 -1.42376e-01
1.12526e+00 -2.00711e+00 -7.76485e-02
1.13771e+00 -2.00776e+00 -3.08241e-02
1.15121e+00 -2.00794e+00 2.17869e-03
1.16597e+00 -2.00773e+00 2.47356e-02
1.18215e+00 -2.00720e+00 3.95366e-02
1.20008e+00 -2.00639e+00 4.88536e-02
1.22022e+00 -2.00535e+00 5.44487e-02
1.24323e+00 -2.00405e+00 5.76142e-02
1.27005e+00 -2.00248e+00 5.92825e-02
1.30210e+00 -2.00057e+00 6.01025e-02
1.34168e+00 -1.99818e+00 6.05018e-02
1.39283e+00 -1.99508e+00 6.07427e-02
1.46324e+00 -1.99079e+00 6.09778e-02
1.56667e+00 -1.98447e+00 6.13044e-02
1.70826e+00 -1.97576e+00 6.17573e-02
2.03580e+00 -1.95535e+00 6.28492e-02
2.48764e+00 -1.92660e+00 6.44640e-02
2.93947e+00 -1.89708e+00 6.62194e-02
3.39131e+00 -1.86673e+00 6.81390e-02
3.84315e+00 -1.83548e+00 7.02505e-02
4.23227e+00 -1.80776e+00 7.22474e-02
4.62139e+00 -1.77923e+00 7.44413e-02
5.01050e+00 -1.74980e+00 7.68653e-02
5.39962e+00 -1.71937e+00 7.95630e-02
5.78874e+00 -1.68784e+00 8.25908e-02
6.11846e+00 -1.66014e+00 8.54671e-02
6.44819e+00 -1.63144e+00 8.86928e-02
6.77791e+00 -1.60161e+00 9.23430e-02
7.10764e+00 -1.57049e+00 9.65195e-02
7.39620e+00 -1.54204e+00 1.00714e-01
7.68477e+00 -1.51230e+00 1.05546e-01
7.92739e+00 -1.48614e+00 1.10230e-01
8.20271e+00 -1.45496e+00 1.16427e-01
8.49794e+00 -1.41945e+00 1.24454e-01
8.75512e+00 -1.38637e+00 1.33043e-01
9.01231e+00 -1.35083e+00 1.43740e-01
9.22477e+00 -1.31916e+00 1.54844e-01
9.43723e+00 -1.28482e+00 1.68943e-01
9.61638e+00 -1.25324e+00 1.84245e-01
9.79553e+00 -1.21853e+00 2.04268e-01
9.94986e+00 -1.18531e+00 2.27316e-01
1.01042e+01 -1.14793e+00 2.58928e-01
1.02585e+01 -1.10466e+00 3.04951e-01
1.04129e+01 -1.05245e+00 3.77654e-01
1.05299e+01 -1.00342e+00 4.67377e-01
1.06196e+01 -9.57016e-01 5.75262e-01
1.06964e+01 -9.07718e-01 7.17759e-01
1.07679e+01 -8.49519e-01 9.26474e-01
1.08394e+01 -7.71913e-01 1.27675e+00
1.08764e+01 -7.19771e-01 1.55874e+00
1.09112e+01 -6.59473e-01 1.93039e+00
1.09416e+01 -5.94293e-01 2.38444e+00
1.09679e+01 -5.24782e-01 2.92413e+00
1.09910e+01 -4.50269e-01 3.55986e+00
1.10141e+01 -3.58733e-01 4.41068e+00
1.10315e+01 -2.74738e-01 5.24694e+00
1.10501e+01 -1.67442e-01 6.37250e+00
1.10655e+01 -6.02103e-02 7.53742e+00
1.10810e+01 6.67949e-02 8.93256e+00
1.10965e+01 2.17116e-01 1.05475e+01
1.11119e+01 3.93630e-01 1.22984e+01
1.11260e+01 5.78279e-01 1.38372e+01
1.11392e+01 7.68290e-01 1.49648e+01
1.11523e+01 9.69503e-01 1.54882e+01
1.11622e+01 1.12141e+00 1.53193e+01
1.11718e+01 1.26528e+00 1.46340e+01
1.11801e+01 1.38277e+00 1.36483e+01
1.11887e+01 1.49542e+00 1.23074e+01
1.11974e+01 1.59548e+00 1.07649e+01
1.12060e+01 1.68178e+00 9.15052e+00
1.12150e+01 1.75671e+00 7.52264e+00
1.12246e+01 1.82078e+00 5.95511e+00
1.12330e+01 1.86555e+00 4.75898e+00
1.12413e+01 1.90107e+00 3.74804e+00
1.12497e+01 1.92887e+00 2.91616e+00
1.12581e+01 1.95040e+00 2.24582e+00
1.12665e+01 1.96691e+00 1.71439e+00
1.12749e+01 1.97946e+00 1.29833e+00
1.12832e+01 1.98893e+00 9.75703e-01
1.12916e+01 1.99602e+00 7.27345e-01
1.13006e+01 2.00162e+00 5.24855e-01
1.13101e+01 2.00580e+00 3.67196e-01
1.13201e+01 2.00884e+00 2.46109e-01
1.13307e+01 2.01093e+00 1.54578e-01
1.13421e+01 2.01228e+00 8.66620e-02
1.13543e+01 2.01302e+00 3.73485e-02
1.13675e+01 2.01326e+00 2.44036e-03
1.13820e+01 2.01311e+00 -2.15413e-02
1.13978e+01 2.01263e+00 -3.73908e-02
1.14153e+01 2.01188e+00 -4.74294e-02
1.14349e+01 2.01089e+00 -5.35058e-02
1.14573e+01 2.00965e+00 -5.69772e-02
1.14833e+01 2.00814e+00 -5.88265e-02
1.15142e+01 2.00630e+00 -5.97426e-02
1.15521e+01 2.00403e+00 -6.01837e-02
1.16008e+01 2.00109e+00 -6.04338e-02
1.16671e+01 1.99708e+00 -6.06582e-02
1.17639e+01 1.99119e+00 -6.09596e-02
1.19007e+01 1.98282e+00 -6.13894e-02
1.22513e+01 1.96110e+00 -6.25375e-02
1.27097e+01 1.93207e+00 -6.41501e-02
1.31682e+01 1.90226e+00 -6.59037e-02
1.36266e+01 1.87161e+00 -6.78220e-02
1.40851e+01 1.84005e+00 -6.99329e-02
1.44755e+01 1.81236e+00 -7.19067e-02
1.48659e+01 1.78388e+00 -7.40738e-02
1.52563e+01 1.75450e+00 -7.64664e-02
1.56468e+01 1.72414e+00 -7.91270e-02
1.60372e+01 1.69267e+00 -8.21100e-02
1.63689e+01 1.66497e+00 -8.49492e-02
1.67006e+01 1.63628e+00 -8.81306e-02
1.70324e+01 1.60646e+00 -9.17273e-02
1.73641e+01 1.57536e+00 -9.58382e-02
1.76544e+01 1.54696e+00 -9.99606e-02
1.79446e+01 1.51727e+00 -1.04704e-01
1.82349e+01 1.48610e+00 -1.10238e-01
1.85251e+01 1.45318e+00 -1.16804e-01
1.88255e+01 1.41690e+00 -1.25074e-01
1.90809e+01 1.38388e+00 -1.33738e-01
1.93363e+01 1.34840e+00 -1.44536e-01
1.95474e+01 1.31675e+00 -1.55757e-01
1.97585e+01 1.28244e+00 -1.70016e-01
1.99366e+01 1.25083e+00 -1.85520e-01
2.01147e+01 1.21607e+00 -2.05835e-01
2.02683e+01 1.18274e+00 -2.29283e-01
2.04219e+01 1.14519e+00 -2.61515e-01
2.05755e+01 1.10166e+00 -3.08576e-01
2.07290e+01 1.04902e+00 -3.83207e-01
2.08449e+01 9.99729e-01 -4.75100e-01
2.09327e+01 9.53525e-01 -5.84373e-01
2.10091e+01 9.03730e-01 -7.30628e-01
2.10805e+01 8.44490e-01 -9.46656e-01
2.11518e+01 7.65141e-01 -1.31127e+00
2.11862e+01 7.15648e-01 -1.58261e+00
2.12210e+01 6.54350e-01 -1.96415e+00
2.12510e+01 5.88858e-01 -2.42464e+00
2.12770e+01 5.18971e-01 -2.97166e+00
2.12998e+01 4.44464e-01 -3.61166e+00
2.13225e+01 3.53110e-01 -4.46515e+00
2.13399e+01 2.68243e-01 -5.31345e+00
2.13583e+01 1.60316e-01 -6.44897e+00
2.13738e+01 5.21231e-02 -7.62616e+00
2.13892e+01 -7.59730e-02 -9.03294e+00
2.14046e+01 -2.27471e-01 -1.06556e+01
2.14200e+01 -4.05141e-01 -1.24044e+01
2.14339e+01 -5.88062e-01 -1.39078e+01
2.14470e+01 -7.78472e-01 -1.50092e+01
2.14602e+01 -9.79629e-01 -1.54931e+01
2.14696e+01 -1.12558e+00 -1.53070e+01
2.14792e+01 -1.26998e+00 -1.46022e+01
2.14875e+01 -1.38687e+00 -1.36065e+01
2.14961e+01 -1.49867e+00 -1.22626e+01
2.15048e+01 -1.59794e+00 -1.07226e+01
2.15134e+01 -1.68354e+00 -9.11469e+00
2.15224e+01 -1.75835e+00 -7.48443e+00
2.15318e+01 -1.82137e+00 -5.93987e+00
2.15402e+01 -1.86603e+00 -4.74563e+00
2.15486e+01 -1.90146e+00 -3.73668e+00
2.15570e+01 -1.92918e+00 -2.90673e+00
2.15654e+01 -1.95064e+00 -2.23815e+00
2.15737e+01 -1.96710e+00 -1.70823e+00
2.15821e+01 -1.97961e+00 -1.29344e+00
2.15905e+01 -1.98904e+00 -9.71851e-01
2.15989e+01 -1.99611e+00 -7.24333e-01
2.16079e+01 -2.00169e+00 -5.22497e-01
2.16174e+01 -2.00585e+00 -3.65373e-01
2.16274e+01 -2.00887e+00 -2.44720e-01
2.16380e+01 -2.01096e+00 -1.53538e-01
2.16494e+01 -2.01229e+00 -8.58986e-02
2.16616e+01 -2.01302e+00 -3.68013e-02
2.16749e+01 -2.01326e+00 -2.05885e-03
2.16893e+01 -2.01311e+00 2.17987e-02
2.17052e+01 -2.01262e+00 3.75566e-02
2.17227e+01 -2.01187e+00 4.75321e-02
2.17424e+01 -2.01087e+00 5.35662e-02
2.17648e+01 -2.00963e+00 5.70104e-02
2.17908e+01 -2.00812e+00 5.88434e-02
2.18218e+01 -2.00628e+00 5.97507e-02
2.18599e+01 -2.00399e+00 6.01878e-02
2.19087e+01 -2.00105e+00 6.04366e-02
2.19753e+01 -1.99701e+00 6.06615e-02
2.20726e+01 -1.99109e+00 6.09645e-02
2.22099e+01 -1.98270e+00 6.13957e-02
2.25578e+01 -1.96114e+00 6.25355e-02
2.30158e+01 -1.93214e+00 6.41462e-02
2.34738e+01 -1.90236e+00 6.58975e-02
2.39318e+01 -1.87175e+00 6.78132e-02
2.43898e+01 -1.84022e+00 6.99209e-02
2.47803e+01 -1.81253e+00 7.18943e-02
2.51709e+01 -1.78404e+00 7.40610e-02
2.55614e+01 -1.75466e+00 7.64532e-02
2.59520e+01 -1.72429e+00 7.91132e-02
2.63426e+01 -1.69282e+00 8.20957e-02
2.66743e+01 -1.66512e+00 8.49335e-02
2.70061e+01 -1.63642e+00 8.81135e-02
2.73379e+01 -1.60661e+00 9.17083e-02
2.76697e+01 -1.57552e+00 9.58169e-02
2.79600e+01 -1.54711e+00 9.99371e-02
2.82503e+01 -1.51743e+00 1.04678e-01
2.85406e+01 -1.48626e+00 1.10208e-01
2.88309e+01 -1.45334e+00 1.16770e-01
2.91314e+01 -1.41706e+00 1.25036e-01
2.93869e+01 -1.38404e+00 1.33696e-01
2.96425e+01 -1.34855e+00 1.44488e-01
2.98536e+01 -1.31690e+00 1.55701e-01
3.00648e+01 -1.28258e+00 1.69950e-01
3.02429e+01 -1.25098e+00 1.85442e-01
3.04211e+01 -1.21622e+00 2.05739e-01
3.05747e+01 -1.18290e+00 2.29162e-01
3.07284e+01 -1.14536e+00 2.61356e-01
3.08820e+01 -1.10185e+00 3.08352e-01
3.10356e+01 -1.04923e+00 3.82864e-01
3.11516e+01 -9.99956e-01 4.74622e-01
3.12395e+01 -9.53740e-01 5.83807e-01
3.13159e+01 -9.03976e-01 7.29827e-01
3.13873e+01 -8.44803e-01 9.45390e-01
3.14587e+01 -7.65566e-01 1.30908e+00
3.14931e+01 -7.16103e-01 1.57996e+00
3.15279e+01 -6.54851e-01 1.96084e+00
3.15579e+01 -5.89391e-01 2.42068e+00
3.15840e+01 -5.19542e-01 2.96698e+00
3.16068e+01 -4.45080e-01 3.60615e+00
3.16295e+01 -3.53775e-01 4.45870e+00
3.16469e+01 -2.68982e-01 5.30588e+00
3.16654e+01 -1.61126e-01 6.44027e+00
3.16808e+01 -5.30428e-02 7.61607e+00
3.16962e+01 7.49288e-02 9.02152e+00
3.17116e+01 2.26293e-01 1.06433e+01
3.17271e+01 4.03831e-01 1.23924e+01
3.17410e+01 5.86934e-01 1.38998e+01
3.17542e+01 7.78364e-01 1.50088e+01
3.17674e+01 9.80663e-01 1.54935e+01
3.17768e+01 1.12602e+00 1.53056e+01
3.17864e+01 1.27034e+00 1.45998e+01
3.17947e+01 1.38718e+00 1.36033e+01
3.18033e+01 1.49892e+00 1.22591e+01
3.18119e+01 1.59813e+00 1.07193e+01
3.18206e+01 1.68367e+00 9.11193e+00
3.18296e+01 1.75848e+00 7.48148e+00
3.18390e+01 1.82141e+00 5.93869e+00
3.18474e+01 1.86607e+00 4.74459e+00
3.18558e+01 1.90149e+00 3.73581e+00
3.18641e+01 1.92921e+00 2.90600e+00
3.18725e+01 1.95066e+00 2.23755e+00
3.18809e+01 1.96711e+00 1.70775e+00
3.18893e+01 1.97962e+00 1.29306e+00
3.18977e+01 1.98905e+00 9.71555e-01
3.19061e+01 1.99611e+00 7.24103e-01
3.19151e+01 2.00169e+00 5.22317e-01
3.19245e+01 2.00585e+00 3.65233e-01
3.19346e+01 2.00887e+00 2.44614e-01
3.19452e+01 2.01096e+00 1.53458e-01
3.19565e+01 2.01229e+00 8.58401e-02
3.19688e+01 2.01302e+00 3.67594e-02
3.19820e+01 2.01326e+00 2.02963e-03
3.19965e+01 2.01311e+00 -2.18184e-02
3.20124e+01 2.01262e+00 -3.75693e-02
3.20299e+01 2.01187e+00 -4.75400e-02
3.20495e+01 2.01087e+00 -5.35708e-02
3.20720e+01 2.00963e+00 -5.70129e-02
3.20980e+01 2.00811e+00 -5.88447e-02
3.21290e+01 2.00627e+00 -5.97514e-02
3.21671e+01 2.00399e+00 -6.01881e-02
3.22159e+01 2.00104e+00 -6.04368e-02
3.22825e+01 1.99701e+00 -6.06618e-02
3.23799e+01 1.99109e+00 -6.09649e-02
3.25172e+01 1.98269e+00 -6.13962e-02
3.28649e+01 1.96114e+00 -6.25353e-02
3.33229e+01 1.93214e+00 -6.41459e-02
3.37808e+01 1.90237e+00 -6.58971e-02
3.42388e+01 1.87176e+00 -6.78125e-02
3.46968e+01 1.84023e+00 -6.99200e-02
3.50873e+01 1.81255e+00 -7.18934e-02
3.54779e+01 1.78405e+00 -7.40601e-02
3.58685e+01 1.75467e+00 -7.64522e-02
3.62590e+01 1.72430e+00 -7.91122e-02
3.66496e+01 1.69283e+00 -8.20947e-02
3.69814e+01 1.66513e+00 -8.49324e-02
3.73131e+01 1.63644e+00 -8.81122e-02
3.76449e+01 1.60662e+00 -9.17069e-02
3.79767e+01 1.57553e+00 -9.58154e-02
3.82670e+01 1.54713e+00 -9.99355e-02
3.85573e+01 1.51744e+00 -1.04676e-01
3.88477e+01 1.48627e+00 -1.10206e-01
3.91380e+01 1.45335e+00 -1.16767e-01
3.94385e+01 1.41707e+00 -1.25033e-01
3.96940e+01 1.38405e+00 -1.33693e-01
3.99496e+01 1.34856e+00 -1.44484e-01
4.01607e+01 1.31691e+00 -1.55697e-01
4.03719e+01 1.28259e+00 -1.69946e-01
4.05500e+01 1.25099e+00 -1.85436e-01
4.07282e+01 1.21623e+00 -2.05732e-01
4.08819e+01 1.18291e+00 -2.29153e-01
4.10355e+01 1.14537e+00 -2.61345e-01
4.11891e+01 1.10186e+00 -3.08336e-01
4.13428e+01 1.04925e+00 -3.82840e-01
4.14587e+01 9.99972e-01 -4.74588e-01
4.15467e+01 9.53755e-01 -5.83767e-01
4.16230e+01 9.03994e-01 -7.29771e-01
4.16944e+01 8.44825e-01 -9.45300e-01
4.17658e+01 7.65596e-01 -1.30893e+00
4.18002e+01 7.16135e-01 -1.57978e+00
4.18350e+01 6.54886e-01 -1.96060e+00
4.18651e+01 5.89429e-01 -2.42040e+00
4.18911e+01 5.19582e-01 -2.96664e+00
4.19139e+01 4.45123e-01 -3.60576e+00
4.19367e+01 3.53822e-01 -4.45824e+00
4.19541e+01 2.69034e-01 -5.30534e+00
4.19725e+01 1.61183e-01 -6.43965e+00
4.19879e+01 5.31080e-02 -7.61535e+00
4.20034e+01 -7.48548e-02 -9.02071e+00
4.20188e+01 -2.26209e-01 -1.06424e+01
4.20342e+01 -4.03738e-01 -1.23915e+01
4.20481e+01 -5.86854e-01 -1.38992e+01
4.20613e+01 -7.78271e-01 -1.50084e+01
4.20745e+01 -9.80560e-01 -1.54935e+01
4.20839e+01 -1.12599e+00 -1.53057e+01
4.20936e+01 -1.27031e+00 -1.46000e+01
4.21018e+01 -1.38716e+00 -1.36035e+01
4.21105e+01 -1.49890e+00 -1.22594e+01
4.21191e+01 -1.59812e+00 -1.07196e+01
4.21277e+01 -1.68366e+00 -9.11214e+00
4.21367e+01 -1.75847e+00 -7.48171e+00
4.21461e+01 -1.82141e+00 -5.93878e+00
4.21545e+01 -1.86606e+00 -4.74467e+00
4.21629e+01 -1.90148e+00 -3.73587e+00
4.21713e+01 -1.92920e+00 -2.90606e+00
4.21797e+01 -1.95066e+00 -2.23760e+00
4.21881e+01 -1.96711e+00 -1.70779e+00
4.21965e+01 -1.97962e+00 -1.29309e+00
4.22048e+01 -1.98905e+00 -9.71578e-01
4.22132e+01 -1.99611e+00 -7.24121e-01
4.22222e+01 -2.00169e+00 -5.22331e-01
4.22317e+01 -2.00585e+00 -3.65244e-01
4.22417e+01 -2.00887e+00 -2.44622e-01
4.22523e+01 -2.01096e+00 -1.53465e-01
4.22637e+01 -2.01229e+00 -8.58447e-02
4.22759e+01 -2.01302e+00 -3.67627e-02
4.22892e+01 -2.01326e+00 -2.03192e-03
4.23036e+01 -2.01311e+00 2.18168e-02
4.23195e+01 -2.01262e+00 3.75683e-02
4.23370e+01 -2.01187e+00 4.75393e-02
4.23567e+01 -2.01087e+00 5.35704e-02
4.23791e+01 -2.00963e+00 5.70127e-02
4.24051e+01 -2.00811e+00 5.88446e-02
4.24361e+01 -2.00627e+00 5.97513e-02
4.24742e+01 -2.00399e+00 6.01880e-02
4.25231e+01 -2.00104e+00 6.04368e-02
4.25897e+01 -1.99701e+00 6.06617e-02
4.26870e+01 -1.99109e+00 6.09648e-02
4.28243e+01 -1.98269e+00 6.13962e-02
4.31721e+01 -1.96114e+00 6.25353e-02
4.36301e+01 -1.93214e+00 6.41459e-02
4.40880e+01 -1.90237e+00 6.58972e-02
4.45460e+01 -1.87176e+00 6.78126e-02
4.50039e+01 -1.84023e+00 6.99201e-02
4.53945e+01 -1.81254e+00 7.18935e-02
4.57851e+01 -1.78405e+00 7.40602e-02
4.61756e+01 -1.75467e+00 7.64523e-02
4.65662e+01 -1.72430e+00 7.91123e-02
4.69567e+01 -1.69283e+00 8.20948e-02
4.72885e+01 -1.66513e+00 8.49325e-02
4.76203e+01 -1.63643e+00 8.81123e-02
4.79521e+01 -1.60662e+00 9.17071e-02
4.82839e+01 -1.57553e+00 9.58155e-02
4.85742e+01 -1.54712e+00 9.99356e-02
4.88645e+01 -1.51744e+00 1.04676e-01
4.91548e+01 -1.48627e+00 1.10207e-01
4.94451e+01 -1.45335e+00 1.16768e-01
4.97456e+01 -1.41707e+00 1.25033e-01
5.00012e+01 -1.38405e+00 1.33693e-01
5.02567e+01 -1.34856e+00 1.44485e-01
5.04679e+01 -1.31691e+00 1.55697e-01
5.06790e+01 -1.28259e+00 1.69946e-01
5.08572e+01 -1.25099e+00 1.85437e-01
5.10354e+01 -1.21623e+00 2.05733e-01
5.11890e+01 -1.18291e+00 2.29154e-01
5.13427e+01 -1.14537e+00 2.61345e-01
5.14963e+01 -1.10186e+00 3.08338e-01
5.16499e+01 -1.04925e+00 3.82842e-01
5.17658e+01 -9.99971e-01 4.74591e-01
5.18538e+01 -9.53754e-01 5.83770e-01
5.19302e+01 -9.03992e-01 7.29775e-01
5.20016e+01 -8.44823e-01 9.45307e-01
5.20729e+01 -7.65593e-01 1.30894e+00
5.21074e+01 -7.16133e-01 1.57979e+00
5.21422e+01 -6.54884e-01 1.96062e+00
5.21722e+01 -5.89426e-01 2.42042e+00
5.21983e+01 -5.19579e-01 2.96667e+00
5.22211e+01 -4.45120e-01 3.60579e+00
5.22438e+01 -3.53818e-01 4.45827e+00
5.22612e+01 -2.69030e-01 5.30538e+00
5.22797e+01 -1.61179e-01 6.43970e+00
5.22951e+01 -5.31029e-02 7.61541e+00
5.23105e+01 7.48605e-02 9.02078e+00
5.23259e+01 2.26216e-01 1.06425e+01
5.23414e+01 4.03745e-01 1.23916e+01
5.23553e+01 5.86860e-01 1.38992e+01
5.23685e+01 7.78279e-01 1.50084e+01
5.23817e+01 9.80568e-01 1.54935e+01
5.23911e+01 1.12599e+00 1.53057e+01
5.24007e+01 1.27031e+00 1.46000e+01
5.24090e+01 1.38716e+00 1.36035e+01
5.24176e+01 1.49891e+00 1.22594e+01
5.24263e+01 1.59812e+00 1.07196e+01
5.24349e+01 1.68366e+00 9.11213e+00
5.24439e+01 1.75847e+00 7.48170e+00
5.24533e+01 1.82141e+00 5.93877e+00
5.24617e+01 1.86606e+00 4.74467e+00
5.24701e+01 1.90148e+00 3.73587e+00
5.24785e+01 1.92920e+00 2.90606e+00
5.24868e+01 1.95066e+00 2.23760e+00
5.24952e+01 1.96711e+00 1.70779e+00
5.25036e+01 1.97962e+00 1.29309e+00
5.25120e+01 1.98905e+00 9.71577e-01
5.25204e+01 1.99611e+00 7.24119e-01
5.25294e+01 2.00169e+00 5.22330e-01
5.25389e+01 2.00585e+00 3.65243e-01
5.25489e+01 2.00887e+00 2.44621e-01
5.25595e+01 2.01096e+00 1.53464e-01
5.25709e+01 2.01229e+00 8.58443e-02
5.25831e+01 2.01302e+00 3.67624e-02
5.25963e+01 2.01326e+00 2.03174e-03
5.26108e+01 2.01311e+00 -2.18169e-02
5.26267e+01 2.01262e+00 -3.75684e-02
5.26442e+01 2.01187e+00 -4.75394e-02
5.26639e+01 2.01087e+00 -5.35704e-02
5.26863e+01 2.00963e+00 -5.70128e-02
5.27123e+01 2.00811e+00 -5.88446e-02
5.27433e+01 2.00627e+00 -5.97513e-02
5.27814e+01 2.00399e+00 -6.01881e-02
5.28302e+01 2.00104e+00 -6.04368e-02
5.28968e+01 1.99701e+00 -6.06617e-02
5.29942e+01 1.99109e+00 -6.09648e-02
5.31315e+01 1.98269e+00 -6.13962e-02
5.34793e+01 1.96114e+00 -6.25353e-02
5.39372e+01 1.93214e+00 -6.41459e-02
5.43952e+01 1.90237e+00 -6.58971e-02
5.48531e+01 1.87176e+00 -6.78126e-02
5.53111e+01 1.84023e+00 -6.99201e-02
5.57016e+01 1.81254e+00 -7.18935e-02
5.60922e+01 1.78405e+00 -7.40601e-02
5.64828e+01 1.75467e+00 -7.64523e-02
5.68733e+01 1.72430e+00 -7.91123e-02
5.72639e+01 1.69283e+00 -8.20947e-02
5.75957e+01 1.66513e+00 -8.49325e-02
5.79275e+01 1.63643e+00 -8.81123e-02
5.82592e+01 1.60662e+00 -9.17070e-02
5.85910e+01 1.57553e+00 -9.58155e-02
5.88813e+01 1.54712e+00 -9.99356e-02
5.91717e+01 1.51744e+00 -1.04676e-01
5.94620e+01 1.48627e+00 -1.10207e-01
5.97523e+01 1.45335e+00 -1.16768e-01
6.00528e+01 1.41707e+00 -1.25033e-01
6.03083e+01 1.38405e+00 -1.33693e-01
6.05639e+01 1.34856e+00 -1.44485e-01
6.07750e+01 1.31691e+00 -1.55697e-01
6.09862e+01 1.28259e+00 -1.69946e-01
6.11644e+01 1.25099e+00 -1.85437e-01
6.13425e+01 1.21623e+00 -2.05733e-01
6.14962e+01 1.18291e+00 -2.29154e-01
6.16498e+01 1.14537e+00 -2.61345e-01
6.18034e+01 1.10186e+00 -3.08337e-01
6.19571e+01 1.04925e+00 -3.82841e-01
6.20730e+01 9.99971e-01 -4.74591e-01
6.21610e+01 9.53754e-01 -5.83769e-01
6.22374e+01 9.03992e-01 -7.29775e-01
6.23087e+01 8.44823e-01 -9.45307e-01
6.23801e+01 7.65594e-01 -1.30894e+00
6.24145e+01 7.16133e-01 -1.57979e+00
6.24493e+01 6.54884e-01 -1.96062e+00
6.24794e+01 5.89427e-01 -2.42042e+00
6.25054e+01 5.19580e-01 -2.96667e+00
6.25282e+01 4.45120e-01 -3.60579e+00
6.25510e+01 3.53819e-01 -4.45827e+00
6.25684e+01 2.69030e-01 -5.30538e+00
6.25868e+01 1.61179e-01 -6.43969e+00
6.26023e+01 5.31033e-02 -7.61540e+00
6.26177e+01 -7.48601e-02 -9.02077e+00
6.26331e+01 -2.26215e-01 -1.06425e+01
6.26485e+01 -4.03744e-01 -1.23916e+01
6.26624e+01 -5.86860e-01 -1.38992e+01
6.26756e+01 -7.78278e-01 -1.50084e+01
6.26888e+01 -9.80567e-01 -1.54935e+01
6.26983e+01 -1.12599e+00 -1.53057e+01
6.27079e+01 -1.27031e+00 -1.46000e+01
6.27162e+01 -1.38716e+00 -1.36035e+01
6.27248e+01 -1.49891e+00 -1.22594e+01
6.27334e+01 -1.59812e+00 -1.07196e+01
6.27420e+01 -1.68366e+00 -9.11213e+00
6.27511e+01 -1.75847e+00 -7.48170e+00
6.27605e+01 -1.82141e+00 -5.93877e+00
6.27688e+01 -1.86606e+00 -4.74467e+00
6.27772e+01 -1.90148e+00 -3.73587e+00
6.27856e+01 -1.92920e+00 -2.90606e+00
6.27940e+01 -1.95066e+00 -2.23760e+00
6.28024e+01 -1.96711e+00 -1.70779e+00
6.28108e+01 -1.97962e+00 -1.29309e+00
6.28191e+01 -1.98905e+00 -9.71577e-01
6.28275e+01 -1.99611e+00 -7.24119e-01
6.28365e+01 -2.00169e+00 -5.22330e-01
6.28460e+01 -2.00585e+00 -3.65243e-01
6.28560e+01 -2.00887e+00 -2.44621e-01
6.28666e+01 -2.01096e+00 -1.53464e-01
6.28780e+01 -2.01229e+00 -8.58444e-02
6.28902e+01 -2.01302e+00 -3.67624e-02
6.29035e+01 -2.01326e+00 -2.03176e-03
6.29180e+01 -2.01311e+00 2.18169e-02
6.29338e+01 -2.01262e+00 3.75684e-02
6.29514e+01 -2.01187e+00 4.75394e-02
6.29710e+01 -2.01087e+00 5.35704e-02
6.29934e+01 -2.00963e+00 5.70128e-02
6.30195e+01 -2.00811e+00 5.88446e-02
6.30504e+01 -2.00627e+00 5.97513e-02
6.30885e+01 -2.00399e+00 6.01881e-02
6.31374e+01 -2.00104e+00 6.04368e-02
6.32040e+01 -1.99701e+00 6.06617e-02
6.33014e+01 -1.99109e+00 6.09648e-02
6.34387e+01 -1.98269e+00 6.13962e-02
6.37864e+01 -1.96114e+00 6.25353e-02
6.42444e+01 -1.93214e+00 6.41459e-02
6.47023e+01 -1.90237e+00 6.58971e-02
6.51603e+01 -1.87176e+00 6.78126e-02
6.56182e+01 -1.84023e+00 6.99201e-02
6.60088e+01 -1.81254e+00 7.18935e-02
6.63994e+01 -1.78405e+00 7.40601e-02
6.67899e+01 -1.75467e+00 7.64523e-02
6.71805e+01 -1.72430e+00 7.91123e-02
6.75711e+01 -1.69283e+00 8.20947e-02
6.79028e+01 -1.66513e+00 8.49325e-02
6.82346e+01 -1.63643e+00 8.81123e-02
6.85664e+01 -1.60662e+00 9.17070e-02
6.88982e+01 -1.57553e+00 9.58155e-02
6.91885e+01 -1.54712e+00 9.99356e-02
6.94788e+01 -1.51744e+00 1.04676e-01
6.97691e+01 -1.48627e+00 1.10207e-01
7.00595e+01 -1.45335e+00 1.16768e-01
7.03600e+01 -1.41707e+00 1.25033e-01
7.06155e+01 -1.38405e+00 1.33693e-01
7.08710e+01 -1.34856e+00 1.44485e-01
7.10822e+01 -1.31691e+00 1.55697e-01
7.12933e+01 -1.28259e+00 1.69946e-01
7.14715e+01 -1.25099e+00 1.85437e-01
7.16497e+01 -1.21623e+00 2.05733e-01
7.18033e+01 -1.18291e+00 2.29154e-01
7.19570e+01 -1.14537e+00 2.61345e-01
7.21106e+01 -1.10186e+00 3.08337e-01
7.22642e+01 -1.04925e+00 3.82841e-01
7.23801e+01 -9.99971e-01 4.74591e-01
7.24681e+01 -9.53754e-01 5.83769e-01
7.25445e+01 -9.03992e-01 7.29775e-01
7.26159e+01 -8.44823e-01 9.45307e-01
7.26873e+01 -7.65594e-01 1.30894e+00
7.27217e+01 -7.16133e-01 1.57979e+00
7.27565e+01 -6.54884e-01 1.96062e+00
7.27865e+01 -5.89427e-01 2.42042e+00
7.28126e+01 -5.19580e-01 2.96667e+00
7.28354e+01 -4.45120e-01 3.60579e+00
7.28581e+01 -3.53819e-01 4.45827e+00
7.28756e+01 -2.69030e-01 5.30538e+00
7.28940e+01 -1.61179e-01 6.43969e+00
7.29094e+01 -5.31033e-02 7.61540e+00
7.29248e+01 7.48601e-02 9.02077e+00
7.29402e+01 2.26215e-01 1.06425e+01
7.29557e+01 4.03744e-01 1.23916e+01
7.29696e+01 5.86860e-01 1.38992e+01
7.29828e+01 7.78278e-01 1.50084e+01
7.29960e+01 9.80567e-01 1.54935e+01
7.30054e+01 1.12599e+00 1.53057e+01
7.30150e+01 1.27031e+00 1.46000e+01
7.30233e+01 1.38716e+00 1.36035e+01
7.30319e+01 1.49891e+00 1.22594e+01
7.30406e+01 1.59812e+00 1.07196e+01
7.30492e+01 1.68366e+00 9.11213e+00
7.30582e+01 1.75847e+00 7.48170e+00
7.30676e+01 1.82141e+00 5.93877e+00
7.30760e+01 1.86606e+00 4.74467e+00
7.30844e+01 1.90148e+00 3.73587e+00
7.30928e+01 1.92920e+00 2.90606e+00
7.31012e+01 1.95066e+00 2.23760e+00
7.31095e+01 1.96711e+00 1.70779e+00
7.31179e+01 1.97962e+00 1.29309e+00
7.31263e+01 1.98905e+00 9.71577e-01
7.31347e+01 1.99611e+00 7.24119e-01
7.31437e+01 2.00169e+00 5.22330e-01
7.31532e+01 2.00585e+00 3.65243e-01
7.31632e+01 2.00887e+00 2.44621e-01
7.31738e+01 2.01096e+00 1.53464e-01
7.31852e+01 2.01229e+00 8.58444e-02
7.31974e+01 2.01302e+00 3.67624e-02
7.32106e+01 2.01326e+00 2.03176e-03
7.32251e+01 2.01311e+00 -2.18169e-02
7.32410e+01 2.01262e+00 -3.75684e-02
7.32585e+01 2.01187e+00 -4.75394e-02
7.32782e+01 2.01087e+00 -5.35704e-02
7.33006e+01 2.00963e+00 -5.70128e-02
7.33266e+01 2.00811e+00 -5.88446e-02
7.33576e+01 2.00627e+00 -5.97513e-02
7.33957e+01 2.00399e+00 -6.01881e-02
7.34445e+01 2.00104e+00 -6.04368e-02
7.35111e+01 1.99701e+00 -6.06617e-02
7.36085e+01 1.99109e+00 -6.09648e-02
7.37458e+01 1.98269e+00 -6.13962e-02
7.40936e+01 1.96114e+00 -6.25353e-02
7.45515e+01 1.93214e+00 -6.41459e-02
7.50095e+01 1.90237e+00 -6.58971e-02
7.54674e+01 1.87176e+00 -6.78126e-02
7.59254e+01 1.84023e+00 -6.99201e-02
7.63160e+01 1.81254e+00 -7.18935e-02
7.67065e+01 1.78405e+00 -7.40601e-02
7.70971e+01 1.75467e+00 -7.64523e-02
7.74877e+01 1.72430e+00 -7.91123e-02
7.78782e+01 1.69283e+00 -8.20947e-02
7.82100e+01 1.66513e+00 -8.49325e-02
7.85418e+01 1.63643e+00 -8.81123e-02
7.88736e+01 1.60662e+00 -9.17070e-02
7.92053e+01 1.57553e+00 -9.58155e-02
7.94957e+01 1.54712e+00 -9.99356e-02
7.97860e+01 1.51744e+00 -1.04676e-01
8.00763e+01 1.48627e+00 -1.10207e-01
8.03666e+01 1.45335e+00 -1.16768e-01
8.06671e+01 1.41707e+00 -1.25033e-01
8.09226e+01 1.38405e+00 -1.33693e-01
8.11782e+01 1.34856e+00 -1.44485e-01
8.13893e+01 1.31691e+00 -1.55697e-01
8.16005e+01 1.28259e+00 -1.69946e-01
8.17787e+01 1.25099e+00 -1.85437e-01
8.19568e+01 1.21623e+00 -2.05733e-01
8.21105e+01 1.18291e+00 -2.29154e-01
8.22641e+01 1.14537e+00 -2.61345e-01
8.24178e+01 1.10186e+00 -3.08337e-01
8.25714e+01 1.04925e+00 -3.82841e-01
8.26873e+01 9.99971e-01 -4.74591e-01
8.27753e+01 9.53754e-01 -5.83769e-01
8.28517e+01 9.03992e-01 -7.29775e-01
8.29230e+01 8.44823e-01 -9.45307e-01
8.29944e+01 7.65594e-01 -1.30894e+00
8.30288e+01 7.16133e-01 -1.57979e+00
8.30636e+01 6.54884e-01 -1.96062e+00
8.30937e+01 5.89427e-01 -2.42042e+00
8.31198e+01 5.19580e-01 -2.96667e+00
8.31425e+01 4.45120e-01 -3.60579e+00
8.31653e+01 3.53819e-01 -4.45827e+00
8.31827e+01 2.69030e-01 -5.30538e+00
8.32011e+01 1.61179e-01 -6.43969e+00
8.32166e+01 5.31033e-02 -7.61540e+00
8.32320e+01 -7.48601e-02 -9.02077e+00
8.32474e+01 -2.26215e-01 -1.06425e+01
8.32628e+01 -4.03744e-01 -1.23916e+01
8.32767e+01 -5.86860e-01 -1.38992e+01
8.32899e+01 -7.78278e-01 -1.50084e+01
8.33032e+01 -9.80567e-01 -1.54935e+01
8.33126e+01 -1.12599e+00 -1.53057e+01
8.33222e+01 -1.27031e+00 -1.46000e+01
8.33305e+01 -1.38716e+00 -1.36035e+01
8.33391e+01 -1.49891e+00 -1.22594e+01
8.33477e+01 -1.59812e+00 -1.07196e+01
8.33563e+01 -1.68366e+00 -9.11213e+00
8.33654e+01 -1.75847e+00 -7.48170e+00
8.33748e+01 -1.82141e+00 -5.93877e+00
8.33832e+01 -1.86606e+00 -4.74467e+00
8.33915e+01 -1.90148e+00 -3.73587e+00
8.33999e+01 -1.92920e+00 -2.90606e+00
8.34083e+01 -1.95066e+00 -2.23760e+00
8.34167e+01 -1.96711e+00 -1.70779e+00
8.34251e+01 -1.97962e+00 -1.29309e+00
8.34335e+01 -1.98905e+00 -9.71577e-01
8.34418e+01 -1.99611e+00 -7.24119e-01
8.34509e+01 -2.00169e+00 -5.22330e-01
8.34603e+01 -2.00585e+00 -3.65243e-01
8.34703e+01 -2.00887e+00 -2.44621e-01
8.34810e+01 -2.01096e+00 -1.53464e-01
8.34923e+01 -2.01229e+00 -8.58444e-02
8.35046e+01 -2.01302e+00 -3.67624e-02
8.35178e+01 -2.01326e+00 -2.03176e-03
8.35323e+01 -2.01311e+00 2.18169e-02
8.35481e+01 -2.01262e+00 3.75684e-02
8.35657e+01 -2.01187e+00 4.75394e-02
8.35853e+01 -2.01087e+00 5.35704e-02
8.36077e+01 -2.00963e+00 5.70128e-02
8.36338e+01 -2.00811e+00 5.88446e-02
8.36648e+01 -2.00627e+00 5.97513e-02
8.37028e+01 -2.00399e+00 6.01881e-02
8.37517e+01 -2.00104e+00 6.04368e-02
8.38183e+01 -1.99701e+00 6.06617e-02
8.39157e+01 -1.99109e+00 6.09648e-02
8.40530e+01 -1.98269e+00 6.13962e-02
8.44007e+01 -1.96114e+00 6.25353e-02
8.48587e+01 -1.93214e+00 6.41459e-02
8.53166e+01 -1.90237e+00 6.58971e-02
8.57746e+01 -1.87176e+00 6.78126e-02
8.62325e+01 -1.84023e+00 6.99201e-02
8.66231e+01 -1.81254e+00 7.18935e-02
8.70137e+01 -1.78405e+00 7.40601e-02
8.74042e+01 -1.75467e+00 7.64523e-02
8.77948e+01 -1.72430e+00 7.91123e-02
8.81854e+01 -1.69283e+00 8.20947e-02
8.85172e+01 -1.66513e+00 8.49325e-02
8.88489e+01 -1.63643e+00 8.81123e-02
8.91807e+01 -1.60662e+00 9.17070e-02
8.95125e+01 -1.57553e+00 9.58155e-02
8.98028e+01 -1.54712e+00 9.99356e-02
9.00931e+01 -1.51744e+00 1.04676e-01
9.03835e+01 -1.48627e+00 1.10207e-01
9.06738e+01 -1.45335e+00 1.16768e-01
9.09743e+01 -1.41707e+00 1.25033e-01
9.12298e+01 -1.38405e+00 1.33693e-01
9.14853e+01 -1.34856e+00 1.44485e-01
9.16965e+01 -1.31691e+00 1.55697e-01
9.19077e+01 -1.28259e+00 1.69946e-01
9.20858e+01 -1.25099e+00 1.85437e-01
9.22640e+01 -1.21623e+00 2.05733e-01
9.24176e+01 -1.18291e+00 2.29154e-01
9.25713e+01 -1.14537e+00 2.61345e-01
9.27249e+01 -1.10186e+00 3.08337e-01
9.28785e+01 -1.04925e+00 3.82841e-01
9.29945e+01 -9.99971e-01 4.74591e-01
9.30824e+01 -9.53754e-01 5.83769e-01
9.31588e+01 -9.03992e-01 7.29775e-01
9.32302e+01 -8.44823e-01 9.45307e-01
9.33016e+01 -7.65594e-01 1.30894e+00
9.33360e+01 -7.16133e-01 1.57979e+00
9.33708e+01 -6.54884e-01 1.96062e+00
9.34008e+01 -5.89427e-01 2.42042e+00
9.34269e+01 -5.19580e-01 2.96667e+00
9.34497e+01 -4.45120e-01 3.60579e+00
9.34724e+01 -3.53819e-01 4.45827e+00
9.34899e+01 -2.69030e-01 5.30538e+00
9.35083e+01 -1.61179e-01 6.43969e+00
9.35237e+01 -5.31033e-02 7.61540e+00
9.35391e+01 7.48601e-02 9.02077e+00
9.35546e+01 2.26215e-01 1.06425e+01
9.35700e+01 4.03744e-01 1.23916e+01
9.35839e+01 5.86860e-01 1.38992e+01
9.35971e+01 7.78278e-01 1.50084e+01
9.36103e+01 9.80567e-01 1.54935e+01
9.36197e+01 1.12599e+00 1.53057e+01
9.36293e+01 1.27031e+00 1.46000e+01
9.36376e+01 1.38716e+00 1.36035e+01
9.36462e+01 1.49891e+00 1.22594e+01
9.36549e+01 1.59812e+00 1.07196e+01
9.36635e+01 1.68366e+00 9.11213e+00
9.36725e+01 1.75847e+00 7.48170e+00
9.36819e+01 1.82141e+00 5.93877e+00
9.36903e+01 1.86606e+00 4.74467e+00
9.36987e+01 1.90148e+00 3.73587e+00
9.37071e+01 1.92920e+00 2.90606e+00
9.37155e+01 1.95066e+00 2.23760e+00
9.37238e+01 1.96711e+00 1.70779e+00
9.37322e+01 1.97962e+00 1.29309e+00
9.37406e+01 1.98905e+00 9.71577e-01
9.37490e+01 1.99611e+00 7.24119e-01
9.37580e+01 2.00169e+00 5.22330e-01
9.37675e+01 2.00585e+00 3.65243e-01
9.37775e+01 2.00887e+00 2.44621e-01
9.37881e+01 2.01096e+00 1.53464e-01
9.37995e+01 2.01229e+00 8.58444e-02
9.38117e+01 2.01302e+00 3.67624e-02
9.38250e+01 2.01326e+00 2.03176e-03
9.38394e+01 2.01311e+00 -2.18169e-02
9.38553e+01 2.01262e+00 -3.75684e-02
9.38728e+01 2.01187e+00 -4.75394e-02
9.38925e+01 2.01087e+00 -5.35704e-02
9.39149e+01 2.00963e+00 -5.70128e-02
9.39409e+01 2.00811e+00 -5.88446e-02
9.39719e+01 2.00627e+00 -5.97513e-02
9.40100e+01 2.00399e+00 -6.01881e-02
9.40588e+01 2.00104e+00 -6.04368e-02
9.41254e+01 1.99701e+00 -6.06617e-02
9.42228e+01 1.99109e+00 -6.09648e-02
9.43601e+01 1.98269e+00 -6.13962e-02
9.47079e+01 1.96114e+00 -6.25353e-02
9.51658e+01 1.93214e+00 -6.41459e-02
9.56238e+01 1.90237e+00 -6.58971e-02
9.60817e+01 1.87176e+00 -6.78126e-02
9.65397e+01 1.84023e+00 -6.99201e-02
9.69303e+01 1.81254e+00 -7.18935e-02
9.73208e+01 1.78405e+00 -7.40601e-02
9.77114e+01 1.75467e+00 -7.64523e-02
9.81020e+01 1.72430e+00 -7.91123e-02
9.84925e+01 1.69283e+00 -8.20947e-02
9.88243e+01 1.66513e+00 -8.49325e-02
9.91561e+01 1.63643e+00 -8.81123e-02
9.94879e+01 1.60662e+00 -9.17070e-02
9.98196e+01 1.57553e+00 -9.58155e-02
1.00000e+02 1.55802e+00 -9.83082e-02
