1.00000e-06 1.00000e+00 -1.00000e-06
6.00000e-06 1.00000e+00 -6.00000e-06
3.10000e-05 1.00000e+00 -3.10000e-05
1.56000e-04 1.00000e+00 -1.56000e-04
7.81000e-04 1.00000e+00 -7.81000e-04
3.90600e-03 9.99992e-01 -3.90599e-03
1.95310e-02 9.99809e-01 -1.95298e-02
9.76560e-02 9.95235e-01 -9.75462e-02
2.82694e-01 9.60130e-01 -2.82072e-01
4.67732e-01 8.90426e-01 -4.73829e-01
6.23645e-01 8.02735e-01 -6.55763e-01
7.79557e-01 6.83856e-01 -8.78221e-01
9.35470e-01 5.25107e-01 -1.17388e+00
1.05543e+00 3.66715e-01 -1.48088e+00
1.16043e+00 1.93685e-01 -1.82865e+00
1.26544e+00 -2.03089e-02 -2.26128e+00
1.35020e+00 -2.28669e-01 -2.65973e+00
1.43496e+00 -4.71105e-01 -3.05345e+00
1.51972e+00 -7.43382e-01 -3.34254e+00
1.59553e+00 -1.00043e+00 -3.39690e+00
1.66196e+00 -1.22138e+00 -3.21779e+00
1.72839e+00 -1.42318e+00 -2.82637e+00
1.79482e+00 -1.59366e+00 -2.29032e+00
1.86125e+00 -1.72656e+00 -1.71269e+00
1.92486e+00 -1.81893e+00 -1.20379e+00
1.98129e+00 -1.87581e+00 -8.24923e-01
2.03772e+00 -1.91348e+00 -5.22804e-01
2.09415e+00 -1.93615e+00 -2.91492e-01
2.15058e+00 -1.94749e+00 -1.19043e-01
2.20701e+00 -1.95045e+00 7.53522e-03
2.26783e+00 -1.94683e+00 1.05842e-01
2.33296e+00 -1.93738e+00 1.79959e-01
2.40370e+00 -1.92255e+00 2.35719e-01
2.48160e+00 -1.90245e+00 2.77849e-01
2.56859e+00 -1.87678e+00 3.10287e-01
2.66723e+00 -1.84482e+00 3.36429e-01
2.78110e+00 -1.80516e+00 3.59371e-01
2.91533e+00 -1.75535e+00 3.82278e-01
3.07789e+00 -1.69104e+00 4.09105e-01
3.25621e+00 -1.61528e+00 4.41341e-01
3.45676e+00 -1.52256e+00 4.84972e-01
3.65731e+00 -1.41994e+00 5.41010e-01
3.85786e+00 -1.30428e+00 6.16329e-01
4.07092e+00 -1.16160e+00 7.30531e-01
4.24324e+00 -1.02480e+00 8.65440e-01
4.38618e+00 -8.90352e-01 1.02452e+00
4.53704e+00 -7.18720e-01 1.26659e+00
4.66699e+00 -5.35609e-01 1.56966e+00
4.77049e+00 -3.56774e-01 1.90165e+00
4.86216e+00 -1.65737e-01 2.28069e+00
4.95693e+00 7.24239e-02 2.75851e+00
5.03410e+00 3.01710e-01 3.18480e+00
5.11127e+00 5.63064e-01 3.57363e+00
5.19208e+00 8.63032e-01 3.80655e+00
5.24304e+00 1.05718e+00 3.78675e+00
5.30241e+00 1.27628e+00 3.55737e+00
5.36441e+00 1.48354e+00 3.09539e+00
5.42641e+00 1.65709e+00 2.48815e+00
5.48841e+00 1.79146e+00 1.85036e+00
5.54455e+00 1.88026e+00 1.32609e+00
5.59597e+00 1.93776e+00 9.23705e-01
5.64740e+00 1.97667e+00 6.02706e-01
5.69882e+00 2.00103e+00 3.56350e-01
5.75025e+00 2.01438e+00 1.72126e-01
5.80167e+00 2.01957e+00 3.65564e-02
5.85661e+00 2.01854e+00 -6.80610e-02
5.91517e+00 2.01211e+00 -1.46750e-01
5.97843e+00 2.00085e+00 -2.05556e-01
6.04763e+00 1.98502e+00 -2.49346e-01
6.12427e+00 1.96457e+00 -2.82122e-01
6.21031e+00 1.93915e+00 -3.07226e-01
6.30838e+00 1.90797e+00 -3.27523e-01
6.42214e+00 1.86965e+00 -3.45605e-01
6.55697e+00 1.82179e+00 -3.64098e-01
6.72115e+00 1.76020e+00 -3.86250e-01
6.92968e+00 1.67648e+00 -4.17614e-01
7.13820e+00 1.58556e+00 -4.55840e-01
7.34673e+00 1.48564e+00 -5.04664e-01
7.55526e+00 1.37398e+00 -5.69592e-01
7.76378e+00 1.24634e+00 -6.59869e-01
7.97231e+00 1.09589e+00 -7.92196e-01
8.12360e+00 9.66070e-01 -9.31744e-01
8.26196e+00 8.25454e-01 -1.11108e+00
8.40032e+00 6.55103e-01 -1.36708e+00
8.52176e+00 4.70757e-01 -1.68665e+00
8.62092e+00 2.86838e-01 -2.03851e+00
8.70902e+00 9.04464e-02 -2.43293e+00
8.79712e+00 -1.43942e-01 -2.89717e+00
8.88522e+00 -4.20622e-01 -3.37835e+00
8.97332e+00 -7.35856e-01 -3.74209e+00
9.04791e+00 -1.01913e+00 -3.80319e+00
9.10736e+00 -1.24064e+00 -3.61159e+00
9.16013e+00 -1.42261e+00 -3.25883e+00
9.21616e+00 -1.59131e+00 -2.74465e+00
9.27220e+00 -1.72902e+00 -2.16737e+00
9.33278e+00 -1.84178e+00 -1.56543e+00
9.38365e+00 -1.90993e+00 -1.12655e+00
9.43791e+00 -1.96029e+00 -7.44985e-01
9.49217e+00 -1.99237e+00 -4.51233e-01
9.54643e+00 -2.01062e+00 -2.32836e-01
9.60069e+00 -2.01871e+00 -7.39849e-02
9.65495e+00 -2.01946e+00 4.01848e-02
9.71233e+00 -2.01455e+00 1.25834e-01
9.77409e+00 -2.00467e+00 1.89956e-01
9.84139e+00 -1.99018e+00 2.37728e-01
9.91565e+00 -1.97111e+00 2.73381e-01
9.99868e+00 -1.94722e+00 3.00433e-01
1.00929e+01 -1.91786e+00 3.21871e-01
1.02015e+01 -1.88184e+00 3.40342e-01
1.03294e+01 -1.83713e+00 3.58419e-01
1.04838e+01 -1.78020e+00 3.79071e-01
1.06769e+01 -1.70440e+00 4.06833e-01
1.08805e+01 -1.61813e+00 4.41540e-01
1.10921e+01 -1.52012e+00 4.86909e-01
1.13037e+01 -1.41110e+00 5.46665e-01
1.15152e+01 -1.28725e+00 6.28895e-01
1.17268e+01 -1.14243e+00 7.48025e-01
1.18919e+01 -1.00835e+00 8.83590e-01
1.20336e+01 -8.72184e-01 1.04820e+00
1.21818e+01 -6.99648e-01 1.29620e+00
1.23099e+01 -5.14853e-01 1.60668e+00
1.24117e+01 -3.35003e-01 1.94399e+00
1.25021e+01 -1.42369e-01 2.32798e+00
1.25926e+01 8.86710e-02 2.79041e+00
1.26706e+01 3.23061e-01 3.22134e+00
1.27486e+01 5.89898e-01 3.60525e+00
1.28303e+01 8.94820e-01 3.81377e+00
1.28870e+01 1.11060e+00 3.75280e+00
1.29555e+01 1.35741e+00 3.40761e+00
1.30085e+01 1.52674e+00 2.96469e+00
1.30640e+01 1.67607e+00 2.40789e+00
1.31195e+01 1.79376e+00 1.83806e+00
1.31748e+01 1.88082e+00 1.32255e+00
1.32262e+01 1.93818e+00 9.20666e-01
1.32777e+01 1.97696e+00 6.00222e-01
1.33291e+01 2.00122e+00 3.54386e-01
1.33806e+01 2.01448e+00 1.70609e-01
1.34320e+01 2.01960e+00 3.53995e-02
1.34870e+01 2.01852e+00 -6.89329e-02
1.35456e+01 2.01204e+00 -1.47403e-01
1.36089e+01 2.00074e+00 -2.06041e-01
1.36782e+01 1.98486e+00 -2.49706e-01
1.37549e+01 1.96436e+00 -2.82392e-01
1.38410e+01 1.93889e+00 -3.07436e-01
1.39392e+01 1.90766e+00 -3.27699e-01
1.40532e+01 1.86926e+00 -3.45772e-01
1.41882e+01 1.82129e+00 -3.64281e-01
1.43527e+01 1.75955e+00 -3.86488e-01
1.45618e+01 1.67554e+00 -4.17984e-01
1.47709e+01 1.58428e+00 -4.56415e-01
1.49800e+01 1.48395e+00 -5.05560e-01
1.51890e+01 1.37176e+00 -5.71008e-01
1.53981e+01 1.24341e+00 -6.62170e-01
1.56072e+01 1.09193e+00 -7.96095e-01
1.57572e+01 9.62579e-01 -9.35839e-01
1.58953e+01 8.21571e-01 -1.11645e+00
1.60334e+01 6.50670e-01 -1.37427e+00
1.61715e+01 4.36576e-01 -1.74996e+00
1.62621e+01 2.63452e-01 -2.08487e+00
1.63493e+01 6.47517e-02 -2.48482e+00
1.64366e+01 -1.71883e-01 -2.95015e+00
1.65238e+01 -4.50080e-01 -3.42233e+00
1.66110e+01 -7.65009e-01 -3.76173e+00
1.66804e+01 -1.02899e+00 -3.79957e+00
1.67402e+01 -1.25136e+00 -3.59604e+00
1.68027e+01 -1.46335e+00 -3.15232e+00
1.68652e+01 -1.64207e+00 -2.54980e+00
1.69277e+01 -1.78121e+00 -1.90516e+00
1.69863e+01 -1.87622e+00 -1.35230e+00
1.70449e+01 -1.94152e+00 -8.95018e-01
1.70945e+01 -1.97810e+00 -5.89740e-01
1.71442e+01 -2.00127e+00 -3.53702e-01
1.71939e+01 -2.01421e+00 -1.75509e-01
1.72462e+01 -2.01958e+00 -3.70384e-02
1.73011e+01 -2.01857e+00 6.76988e-02
1.73597e+01 -2.01216e+00 1.46478e-01
1.74229e+01 -2.00092e+00 2.05352e-01
1.74921e+01 -1.98510e+00 2.49193e-01
1.75687e+01 -1.96468e+00 2.82005e-01
1.76547e+01 -1.93928e+00 3.07133e-01
1.77527e+01 -1.90813e+00 3.27443e-01
1.78664e+01 -1.86984e+00 3.45529e-01
1.80011e+01 -1.82202e+00 3.64012e-01
1.81652e+01 -1.76051e+00 3.86140e-01
1.83735e+01 -1.67691e+00 4.17445e-01
1.85818e+01 -1.58614e+00 4.55581e-01
1.87900e+01 -1.48640e+00 5.04263e-01
1.89983e+01 -1.37496e+00 5.68964e-01
1.92066e+01 -1.24764e+00 6.58855e-01
1.94149e+01 -1.09763e+00 7.90486e-01
1.95668e+01 -9.67601e-01 9.29954e-01
1.97052e+01 -8.27156e-01 1.10873e+00
1.98437e+01 -6.57044e-01 1.36393e+00
1.99822e+01 -4.44056e-01 1.73601e+00
2.00734e+01 -2.71083e-01 2.06971e+00
2.01609e+01 -7.30440e-02 2.46809e+00
2.02485e+01 1.62988e-01 2.93336e+00
2.03360e+01 4.40863e-01 3.40875e+00
2.04235e+01 7.56086e-01 3.75601e+00
2.04942e+01 1.02485e+00 3.80114e+00
2.05541e+01 1.24742e+00 3.60183e+00
2.06174e+01 1.46263e+00 3.15429e+00
2.06725e+01 1.62214e+00 2.62870e+00
2.07275e+01 1.75115e+00 2.05940e+00
2.07912e+01 1.86225e+00 1.44072e+00
2.08427e+01 1.92517e+00 1.01766e+00
2.08942e+01 1.96841e+00 6.76094e-01
2.09456e+01 1.99610e+00 4.11799e-01
2.09971e+01 2.01193e+00 2.13122e-01
2.10486e+01 2.01893e+00 6.64847e-02
2.11028e+01 2.01933e+00 -4.54663e-02
2.11604e+01 2.01414e+00 -1.29801e-01
2.12224e+01 2.00401e+00 -1.92916e-01
2.12900e+01 1.98927e+00 -2.39931e-01
2.13647e+01 1.96995e+00 -2.75035e-01
2.14483e+01 1.94578e+00 -3.01710e-01
2.15432e+01 1.91610e+00 -3.22922e-01
2.16527e+01 1.87967e+00 -3.41306e-01
2.17818e+01 1.83440e+00 -3.59439e-01
2.19379e+01 1.77667e+00 -3.80336e-01
2.21336e+01 1.69953e+00 -4.08686e-01
2.23383e+01 1.61238e+00 -4.44015e-01
2.25500e+01 1.51373e+00 -4.90126e-01
2.27616e+01 1.40387e+00 -5.51023e-01
2.29733e+01 1.27886e+00 -6.35083e-01
2.31849e+01 1.13237e+00 -7.57317e-01
2.33464e+01 9.99737e-01 -8.93186e-01
2.34874e+01 8.62669e-01 -1.06074e+00
2.36343e+01 6.89576e-01 -1.31199e+00
2.37604e+01 5.05616e-01 -1.62326e+00
2.38618e+01 3.24597e-01 -1.96429e+00
2.39517e+01 1.31192e-01 -2.35056e+00
2.40417e+01 -1.00526e-01 -2.81351e+00
2.41197e+01 -3.36933e-01 -3.24465e+00
2.41977e+01 -6.05621e-01 -3.62286e+00
2.42800e+01 -9.13809e-01 -3.81619e+00
2.43382e+01 -1.13422e+00 -3.73344e+00
2.44056e+01 -1.37530e+00 -3.36939e+00
2.44588e+01 -1.54295e+00 -2.91227e+00
2.45142e+01 -1.68885e+00 -2.35205e+00
2.45718e+01 -1.80724e+00 -1.76414e+00
2.46249e+01 -1.88769e+00 -1.27760e+00
2.46823e+01 -1.94810e+00 -8.43726e-01
2.47322e+01 -1.98253e+00 -5.48495e-01
2.47821e+01 -2.00397e+00 -3.21482e-01
2.48320e+01 -2.01554e+00 -1.50812e-01
2.48846e+01 -2.01981e+00 -1.83336e-02
2.49401e+01 -2.01789e+00 8.18040e-02
2.49993e+01 -2.01069e+00 1.57044e-01
2.50634e+01 -1.99871e+00 2.13224e-01
2.51336e+01 -1.98217e+00 2.55061e-01
2.52116e+01 -1.96098e+00 2.86440e-01
2.52993e+01 -1.93473e+00 3.10619e-01
2.53995e+01 -1.90256e+00 3.30406e-01
2.55162e+01 -1.86294e+00 3.48372e-01
2.56549e+01 -1.81329e+00 3.67189e-01
2.58247e+01 -1.74900e+00 3.90302e-01
2.60426e+01 -1.66040e+00 4.24010e-01
2.62605e+01 -1.56362e+00 4.65893e-01
2.64784e+01 -1.45644e+00 5.20507e-01
2.66963e+01 -1.33535e+00 5.94975e-01
2.69142e+01 -1.19481e+00 7.01835e-01
2.70981e+01 -1.05439e+00 8.34146e-01
2.72472e+01 -9.19181e-01 9.88257e-01
2.73822e+01 -7.73224e-01 1.18517e+00
2.75172e+01 -5.95404e-01 1.46614e+00
2.76264e+01 -4.18884e-01 1.78315e+00
2.77228e+01 -2.29960e-01 2.15167e+00
2.78192e+01 -1.02663e-03 2.61292e+00
2.78970e+01 2.18582e-01 3.03693e+00
2.79748e+01 4.71377e-01 3.45302e+00
2.80526e+01 7.52944e-01 3.75393e+00
2.81229e+01 1.02017e+00 3.80283e+00
2.81828e+01 1.24335e+00 3.60772e+00
2.82354e+01 1.42453e+00 3.25405e+00
2.82913e+01 1.59261e+00 2.73991e+00
2.83472e+01 1.72979e+00 2.16366e+00
2.84079e+01 1.84249e+00 1.56116e+00
2.84588e+01 1.91047e+00 1.12273e+00
2.85130e+01 1.96061e+00 7.42331e-01
2.85672e+01 1.99253e+00 4.49496e-01
2.86214e+01 2.01069e+00 2.31756e-01
2.86756e+01 2.01873e+00 7.33458e-02
2.87298e+01 2.01945e+00 -4.05421e-02
2.87872e+01 2.01452e+00 -1.26103e-01
2.88490e+01 2.00463e+00 -1.90157e-01
2.89163e+01 1.99012e+00 -2.37877e-01
2.89906e+01 1.97104e+00 -2.73493e-01
2.90737e+01 1.94713e+00 -3.00519e-01
2.91679e+01 1.91774e+00 -3.21941e-01
2.92767e+01 1.88169e+00 -3.40407e-01
2.94046e+01 1.83695e+00 -3.58488e-01
2.95591e+01 1.77997e+00 -3.79155e-01
2.97524e+01 1.70408e+00 -4.06956e-01
2.99561e+01 1.61775e+00 -4.41704e-01
3.01677e+01 1.51970e+00 -4.87123e-01
3.03792e+01 1.41062e+00 -5.46954e-01
3.05908e+01 1.28669e+00 -6.29306e-01
3.08024e+01 1.14176e+00 -7.48642e-01
3.09673e+01 1.00778e+00 -8.84221e-01
3.11089e+01 8.71555e-01 -1.04903e+00
3.12570e+01 6.98984e-01 -1.29724e+00
3.13850e+01 5.14246e-01 -1.60777e+00
3.14867e+01 3.34319e-01 -1.94532e+00
3.15771e+01 1.41634e-01 -2.32946e+00
3.16676e+01 -8.94493e-02 -2.79193e+00
3.17456e+01 -3.23970e-01 -3.22288e+00
3.18236e+01 -5.90927e-01 -3.60642e+00
3.19053e+01 -8.96056e-01 -3.81397e+00
3.19622e+01 -1.11224e+00 -3.75154e+00
3.20306e+01 -1.35865e+00 -3.40502e+00
3.20836e+01 -1.52787e+00 -2.96111e+00
3.21390e+01 -1.67695e+00 -2.40406e+00
3.21945e+01 -1.79442e+00 -1.83451e+00
3.22497e+01 -1.88114e+00 -1.32051e+00
3.23012e+01 -1.93839e+00 -9.19001e-01
3.23526e+01 -1.97710e+00 -5.98923e-01
3.24041e+01 -2.00130e+00 -3.53405e-01
3.24555e+01 -2.01452e+00 -1.69882e-01
3.25069e+01 -2.01961e+00 -3.48678e-02
3.25619e+01 -2.01850e+00 6.93340e-02
3.26205e+01 -2.01200e+00 1.47703e-01
3.26839e+01 -2.00068e+00 2.06265e-01
3.27532e+01 -1.98478e+00 2.49873e-01
3.28299e+01 -1.96426e+00 2.82518e-01
3.29161e+01 -1.93877e+00 3.07535e-01
3.30144e+01 -1.90750e+00 3.27782e-01
3.31284e+01 -1.86907e+00 3.45851e-01
3.32636e+01 -1.82105e+00 3.64369e-01
3.34282e+01 -1.75923e+00 3.86601e-01
3.36376e+01 -1.67509e+00 4.18161e-01
3.38469e+01 -1.58368e+00 4.56689e-01
3.40562e+01 -1.48315e+00 5.05986e-01
3.42656e+01 -1.37070e+00 5.71681e-01
3.44749e+01 -1.24202e+00 6.63264e-01
3.46842e+01 -1.09005e+00 7.97950e-01
3.48337e+01 -9.60916e-01 9.37795e-01
3.49717e+01 -8.19721e-01 1.11901e+00
3.51097e+01 -6.48558e-01 1.37771e+00
3.52476e+01 -4.34094e-01 1.75460e+00
3.53380e+01 -2.60918e-01 2.08990e+00
3.54251e+01 -6.19954e-02 2.49038e+00
3.55122e+01 1.74841e-01 2.95571e+00
3.55993e+01 4.53148e-01 3.42681e+00
3.56864e+01 7.67979e-01 3.76357e+00
3.57554e+01 1.03038e+00 3.79903e+00
3.58153e+01 1.25268e+00 3.59410e+00
3.58777e+01 1.46441e+00 3.14940e+00
3.59402e+01 1.64286e+00 2.54661e+00
3.60027e+01 1.78175e+00 1.90232e+00
3.60611e+01 1.87640e+00 1.35113e+00
3.61195e+01 1.94151e+00 8.95106e-01
3.61693e+01 1.97811e+00 5.89662e-01
3.62190e+01 2.00129e+00 3.53530e-01
3.62687e+01 2.01422e+00 1.75297e-01
3.63210e+01 2.01958e+00 3.68772e-02
3.63759e+01 2.01857e+00 -6.78205e-02
3.64345e+01 2.01215e+00 -1.46569e-01
3.64977e+01 2.00090e+00 -2.05420e-01
3.65669e+01 1.98508e+00 -2.49243e-01
3.66435e+01 1.96465e+00 -2.82043e-01
3.67295e+01 1.93924e+00 -3.07163e-01
3.68276e+01 1.90808e+00 -3.27468e-01
3.69413e+01 1.86978e+00 -3.45553e-01
3.70760e+01 1.82195e+00 -3.64039e-01
3.72401e+01 1.76042e+00 -3.86174e-01
3.74485e+01 1.67678e+00 -4.17498e-01
3.76568e+01 1.58595e+00 -4.55662e-01
3.78652e+01 1.48616e+00 -5.04390e-01
3.80736e+01 1.37465e+00 -5.69163e-01
3.82819e+01 1.24723e+00 -6.59178e-01
3.84903e+01 1.09707e+00 -7.91033e-01
3.86420e+01 9.67112e-01 -9.30525e-01
3.87804e+01 8.26612e-01 -1.10948e+00
3.89189e+01 6.56425e-01 -1.36494e+00
3.90573e+01 4.43329e-01 -1.73736e+00
3.91485e+01 2.70342e-01 -2.07118e+00
3.92360e+01 7.22393e-02 -2.46971e+00
3.93235e+01 -1.63851e-01 -2.93500e+00
3.94110e+01 -4.41757e-01 -3.41008e+00
3.94985e+01 -7.56951e-01 -3.75658e+00
3.95690e+01 -1.02525e+00 -3.80099e+00
3.96288e+01 -1.24780e+00 -3.60128e+00
3.96922e+01 -1.46293e+00 -3.15347e+00
3.97472e+01 -1.62241e+00 -2.62763e+00
3.98023e+01 -1.75138e+00 -2.05824e+00
3.98661e+01 -1.86246e+00 -1.43937e+00
3.99175e+01 -1.92530e+00 -1.01670e+00
3.99690e+01 -1.96848e+00 -6.75473e-01
4.00204e+01 -1.99613e+00 -4.11426e-01
4.00718e+01 -2.01194e+00 -2.12918e-01
4.01233e+01 -2.01893e+00 -6.63897e-02
4.01775e+01 -2.01933e+00 4.55380e-02
4.02351e+01 -2.01413e+00 1.29854e-01
4.02971e+01 -2.00400e+00 1.92956e-01
4.03648e+01 -1.98925e+00 2.39961e-01
4.04395e+01 -1.96993e+00 2.75057e-01
4.05230e+01 -1.94576e+00 3.01728e-01
4.06179e+01 -1.91607e+00 3.22937e-01
4.07275e+01 -1.87964e+00 3.41319e-01
4.08566e+01 -1.83437e+00 3.59453e-01
4.10128e+01 -1.77662e+00 3.80353e-01
4.12085e+01 -1.69946e+00 4.08712e-01
4.14132e+01 -1.61230e+00 4.44049e-01
4.16249e+01 -1.51364e+00 4.90171e-01
4.18365e+01 -1.40377e+00 5.51084e-01
4.20482e+01 -1.27874e+00 6.35169e-01
4.22598e+01 -1.13224e+00 7.57446e-01
4.24213e+01 -9.99618e-01 8.93320e-01
4.25622e+01 -8.62537e-01 1.06092e+00
4.27091e+01 -6.89435e-01 1.31222e+00
4.28352e+01 -5.05487e-01 1.62350e+00
4.29366e+01 -3.24452e-01 1.96458e+00
4.30265e+01 -1.31035e-01 2.35088e+00
4.31164e+01 1.00692e-01 2.81383e+00
4.31945e+01 3.37128e-01 3.24498e+00
4.32725e+01 6.05842e-01 3.62310e+00
4.33548e+01 9.14077e-01 3.81621e+00
4.34129e+01 1.13453e+00 3.73316e+00
4.34804e+01 1.37553e+00 3.36886e+00
4.35336e+01 1.54316e+00 2.91157e+00
4.35889e+01 1.68902e+00 2.35130e+00
4.36466e+01 1.80739e+00 1.76334e+00
4.36996e+01 1.88776e+00 1.27711e+00
4.37570e+01 1.94813e+00 8.43432e-01
4.38069e+01 1.98255e+00 5.48251e-01
4.38568e+01 2.00399e+00 3.21286e-01
4.39067e+01 2.01555e+00 1.50658e-01
4.39594e+01 2.01981e+00 1.82165e-02
4.40148e+01 2.01789e+00 -8.18922e-02
4.40740e+01 2.01068e+00 -1.57111e-01
4.41381e+01 1.99869e+00 -2.13274e-01
4.42084e+01 1.98215e+00 -2.55098e-01
4.42864e+01 1.96096e+00 -2.86468e-01
4.43741e+01 1.93470e+00 -3.10641e-01
4.44743e+01 1.90252e+00 -3.30424e-01
4.45910e+01 1.86290e+00 -3.48391e-01
4.47297e+01 1.81324e+00 -3.67210e-01
4.48996e+01 1.74893e+00 -3.90329e-01
4.51175e+01 1.66029e+00 -4.24054e-01
4.53355e+01 1.56347e+00 -4.65963e-01
4.55535e+01 1.45623e+00 -5.20620e-01
4.57715e+01 1.33508e+00 -5.95158e-01
4.59894e+01 1.19445e+00 -7.02144e-01
4.61732e+01 1.05399e+00 -8.34560e-01
4.63223e+01 9.18787e-01 -9.88746e-01
4.64572e+01 7.72779e-01 -1.18582e+00
4.65922e+01 5.94888e-01 -1.46702e+00
4.67013e+01 4.18363e-01 -1.78414e+00
4.67977e+01 2.29399e-01 -2.15279e+00
4.68941e+01 4.28060e-04 -2.61412e+00
4.69719e+01 -2.19265e-01 -3.03818e+00
4.70497e+01 -4.72138e-01 -3.45410e+00
4.71275e+01 -7.53755e-01 -3.75447e+00
4.71977e+01 -1.02053e+00 -3.80270e+00
4.72576e+01 -1.24370e+00 -3.60722e+00
4.73102e+01 -1.42478e+00 -3.25342e+00
4.73661e+01 -1.59278e+00 -2.73929e+00
4.74220e+01 -1.72989e+00 -2.16318e+00
4.74827e+01 -1.84258e+00 -1.56060e+00
4.75336e+01 -1.91054e+00 -1.12223e+00
4.75878e+01 -1.96065e+00 -7.41984e-01
4.76420e+01 -1.99256e+00 -4.49268e-01
4.76962e+01 -2.01070e+00 -2.31614e-01
4.77504e+01 -2.01873e+00 -7.32618e-02
4.78046e+01 -2.01945e+00 4.05892e-02
4.78620e+01 -2.01452e+00 1.26138e-01
4.79237e+01 -2.00462e+00 1.90183e-01
4.79911e+01 -1.99011e+00 2.37897e-01
4.80654e+01 -1.97103e+00 2.73507e-01
4.81484e+01 -1.94711e+00 3.00530e-01
4.82427e+01 -1.91773e+00 3.21951e-01
4.83514e+01 -1.88167e+00 3.40416e-01
4.84794e+01 -1.83692e+00 3.58497e-01
4.86339e+01 -1.77994e+00 3.79166e-01
4.88272e+01 -1.70403e+00 4.06972e-01
4.90309e+01 -1.61770e+00 4.41726e-01
4.92425e+01 -1.51964e+00 4.87151e-01
4.94540e+01 -1.41056e+00 5.46992e-01
4.96656e+01 -1.28661e+00 6.29360e-01
4.98772e+01 -1.14167e+00 7.48723e-01
5.00420e+01 -1.00771e+00 8.84304e-01
5.01837e+01 -8.71471e-01 1.04914e+00
5.03318e+01 -6.98896e-01 1.29738e+00
5.04597e+01 -5.14166e-01 1.60791e+00
5.05614e+01 -3.34229e-01 1.94550e+00
5.06519e+01 -1.41537e-01 2.32966e+00
5.07423e+01 8.95521e-02 2.79213e+00
5.08203e+01 3.24090e-01 3.22308e+00
5.08983e+01 5.91063e-01 3.60658e+00
5.09800e+01 8.96219e-01 3.81399e+00
5.10369e+01 1.11246e+00 3.75137e+00
5.11053e+01 1.35882e+00 3.40468e+00
5.11583e+01 1.52802e+00 2.96064e+00
5.12138e+01 1.67707e+00 2.40356e+00
5.12693e+01 1.79451e+00 1.83405e+00
5.13244e+01 1.88118e+00 1.32024e+00
5.13759e+01 1.93842e+00 9.18781e-01
5.14273e+01 1.97712e+00 5.98752e-01
5.14788e+01 2.00131e+00 3.53276e-01
5.15302e+01 2.01453e+00 1.69786e-01
5.15817e+01 2.01961e+00 3.47978e-02
5.16366e+01 2.01850e+00 -6.93868e-02
5.16953e+01 2.01200e+00 -1.47743e-01
5.17586e+01 2.00067e+00 -2.06294e-01
5.18279e+01 1.98477e+00 -2.49895e-01
5.19047e+01 1.96425e+00 -2.82535e-01
5.19909e+01 1.93875e+00 -3.07548e-01
5.20891e+01 1.90748e+00 -3.27793e-01
5.22032e+01 1.86904e+00 -3.45862e-01
5.23383e+01 1.82102e+00 -3.64380e-01
5.25030e+01 1.75919e+00 -3.86616e-01
5.27124e+01 1.67503e+00 -4.18184e-01
5.29218e+01 1.58360e+00 -4.56725e-01
5.31311e+01 1.48304e+00 -5.06042e-01
5.33405e+01 1.37057e+00 -5.71770e-01
5.35499e+01 1.24183e+00 -6.63409e-01
5.37592e+01 1.08980e+00 -7.98196e-01
5.39086e+01 9.60697e-01 -9.38054e-01
5.40466e+01 8.19476e-01 -1.11935e+00
5.41845e+01 6.48278e-01 -1.37817e+00
5.43225e+01 4.33766e-01 -1.75521e+00
5.44129e+01 2.60582e-01 -2.09057e+00
5.45000e+01 6.16303e-02 -2.49112e+00
5.45871e+01 -1.75233e-01 -2.95645e+00
5.46742e+01 -4.53554e-01 -3.42740e+00
5.47612e+01 -7.68373e-01 -3.76382e+00
5.48302e+01 -1.03056e+00 -3.79896e+00
5.48900e+01 -1.25285e+00 -3.59384e+00
5.49525e+01 -1.46455e+00 -3.14901e+00
5.50149e+01 -1.64297e+00 -2.54618e+00
5.50774e+01 -1.78182e+00 -1.90194e+00
5.51358e+01 -1.87643e+00 -1.35098e+00
5.51942e+01 -1.94151e+00 -8.95117e-01
5.52439e+01 -1.97811e+00 -5.89651e-01
5.52937e+01 -2.00129e+00 -3.53507e-01
5.53434e+01 -2.01422e+00 -1.75268e-01
5.53957e+01 -2.01958e+00 -3.68557e-02
5.54506e+01 -2.01857e+00 6.78367e-02
5.55092e+01 -2.01215e+00 1.46581e-01
5.55724e+01 -2.00090e+00 2.05429e-01
5.56416e+01 -1.98508e+00 2.49250e-01
5.57182e+01 -1.96464e+00 2.82048e-01
5.58042e+01 -1.93923e+00 3.07167e-01
5.59023e+01 -1.90808e+00 3.27471e-01
5.60160e+01 -1.86977e+00 3.45556e-01
5.61507e+01 -1.82194e+00 3.64042e-01
5.63148e+01 -1.76040e+00 3.86178e-01
5.65232e+01 -1.67676e+00 4.17505e-01
5.67316e+01 -1.58593e+00 4.55673e-01
5.69400e+01 -1.48612e+00 5.04407e-01
5.71483e+01 -1.37461e+00 5.69190e-01
5.73567e+01 -1.24717e+00 6.59221e-01
5.75651e+01 -1.09700e+00 7.91106e-01
5.77167e+01 -9.67047e-01 9.30601e-01
5.78552e+01 -8.26540e-01 1.10958e+00
5.79936e+01 -6.56342e-01 1.36507e+00
5.81320e+01 -4.43232e-01 1.73755e+00
5.82232e+01 -2.70243e-01 2.07138e+00
5.83107e+01 -7.21316e-02 2.46993e+00
5.83982e+01 1.63966e-01 2.93521e+00
5.84857e+01 4.41877e-01 3.41026e+00
5.85732e+01 7.57067e-01 3.75665e+00
5.86437e+01 1.02531e+00 3.80097e+00
5.87036e+01 1.24785e+00 3.60120e+00
5.87669e+01 1.46297e+00 3.15336e+00
5.88219e+01 1.62245e+00 2.62749e+00
5.88770e+01 1.75141e+00 2.05809e+00
5.89408e+01 1.86249e+00 1.43919e+00
5.89922e+01 1.92532e+00 1.01657e+00
5.90437e+01 1.96849e+00 6.75390e-01
5.90951e+01 1.99613e+00 4.11376e-01
5.91465e+01 2.01194e+00 2.12891e-01
5.91980e+01 2.01893e+00 6.63769e-02
5.92522e+01 2.01933e+00 -4.55476e-02
5.93098e+01 2.01413e+00 -1.29862e-01
5.93718e+01 2.00400e+00 -1.92961e-01
5.94395e+01 1.98925e+00 -2.39965e-01
5.95142e+01 1.96993e+00 -2.75060e-01
5.95977e+01 1.94576e+00 -3.01730e-01
5.96926e+01 1.91607e+00 -3.22939e-01
5.98022e+01 1.87963e+00 -3.41321e-01
5.99313e+01 1.83436e+00 -3.59455e-01
6.00875e+01 1.77661e+00 -3.80356e-01
6.02832e+01 1.69945e+00 -4.08715e-01
6.04879e+01 1.61229e+00 -4.44054e-01
6.06996e+01 1.51363e+00 -4.90177e-01
6.09112e+01 1.40376e+00 -5.51092e-01
6.11229e+01 1.27873e+00 -6.35180e-01
6.13345e+01 1.13222e+00 -7.57463e-01
6.14960e+01 9.99601e-01 -8.93338e-01
6.16370e+01 8.62519e-01 -1.06094e+00
6.17838e+01 6.89416e-01 -1.31225e+00
6.19099e+01 5.05469e-01 -1.62353e+00
6.20113e+01 3.24432e-01 -1.96462e+00
6.21012e+01 1.31014e-01 -2.35092e+00
6.21911e+01 -1.00714e-01 -2.81388e+00
6.22692e+01 -3.37154e-01 -3.24502e+00
6.23472e+01 -6.05871e-01 -3.62313e+00
6.24295e+01 -9.14114e-01 -3.81621e+00
6.24876e+01 -1.13457e+00 -3.73313e+00
6.25551e+01 -1.37557e+00 -3.36879e+00
6.26083e+01 -1.54319e+00 -2.91147e+00
6.26636e+01 -1.68904e+00 -2.35120e+00
6.27213e+01 -1.80741e+00 -1.76323e+00
6.27743e+01 -1.88777e+00 -1.27704e+00
6.28317e+01 -1.94814e+00 -8.43393e-01
6.28816e+01 -1.98255e+00 -5.48219e-01
6.29315e+01 -2.00399e+00 -3.21259e-01
6.29814e+01 -2.01555e+00 -1.50637e-01
6.30341e+01 -2.01981e+00 -1.82007e-02
6.30895e+01 -2.01789e+00 8.19041e-02
6.31487e+01 -2.01068e+00 1.57119e-01
6.32128e+01 -1.99869e+00 2.13280e-01
6.32831e+01 -1.98214e+00 2.55103e-01
6.33611e+01 -1.96095e+00 2.86472e-01
6.34488e+01 -1.93470e+00 3.10644e-01
6.35490e+01 -1.90252e+00 3.30427e-01
6.36657e+01 -1.86289e+00 3.48393e-01
6.38044e+01 -1.81323e+00 3.67213e-01
6.39743e+01 -1.74892e+00 3.90333e-01
6.41923e+01 -1.66027e+00 4.24060e-01
6.44102e+01 -1.56345e+00 4.65973e-01
6.46282e+01 -1.45621e+00 5.20635e-01
6.48462e+01 -1.33504e+00 5.95183e-01
6.50642e+01 -1.19440e+00 7.02186e-01
6.52480e+01 -1.05394e+00 8.34616e-01
6.53970e+01 -9.18734e-01 9.88812e-01
6.55320e+01 -7.72719e-01 1.18590e+00
6.56670e+01 -5.94818e-01 1.46714e+00
6.57761e+01 -4.18293e-01 1.78427e+00
6.58724e+01 -2.29324e-01 2.15294e+00
6.59688e+01 -3.47387e-04 2.61428e+00
6.60466e+01 2.19357e-01 3.03835e+00
6.61244e+01 4.72240e-01 3.45425e+00
6.62022e+01 7.53864e-01 3.75455e+00
6.62724e+01 1.02058e+00 3.80268e+00
6.63323e+01 1.24375e+00 3.60715e+00
6.63849e+01 1.42482e+00 3.25334e+00
6.64408e+01 1.59280e+00 2.73920e+00
6.64967e+01 1.72991e+00 2.16311e+00
6.65574e+01 1.84260e+00 1.56053e+00
6.66083e+01 1.91055e+00 1.12216e+00
6.66625e+01 1.96065e+00 7.41937e-01
6.67167e+01 1.99256e+00 4.49238e-01
6.67709e+01 2.01070e+00 2.31595e-01
6.68251e+01 2.01873e+00 7.32504e-02
6.68793e+01 2.01945e+00 -4.05956e-02
6.69367e+01 2.01452e+00 -1.26143e-01
6.69984e+01 2.00462e+00 -1.90187e-01
6.70658e+01 1.99011e+00 -2.37899e-01
6.71401e+01 1.97103e+00 -2.73509e-01
6.72231e+01 1.94711e+00 -3.00532e-01
6.73174e+01 1.91772e+00 -3.21952e-01
6.74261e+01 1.88167e+00 -3.40417e-01
6.75541e+01 1.83692e+00 -3.58498e-01
6.77086e+01 1.77993e+00 -3.79168e-01
6.79019e+01 1.70403e+00 -4.06974e-01
6.81056e+01 1.61769e+00 -4.41729e-01
6.83172e+01 1.51963e+00 -4.87155e-01
6.85287e+01 1.41055e+00 -5.46998e-01
6.87403e+01 1.28660e+00 -6.29367e-01
6.89519e+01 1.14166e+00 -7.48734e-01
6.91167e+01 1.00770e+00 -8.84315e-01
6.92584e+01 8.71460e-01 -1.04915e+00
6.94065e+01 6.98884e-01 -1.29740e+00
6.95344e+01 5.14155e-01 -1.60793e+00
6.96361e+01 3.34217e-01 -1.94552e+00
6.97266e+01 1.41524e-01 -2.32968e+00
6.98170e+01 -8.95660e-02 -2.79216e+00
6.98950e+01 -3.24107e-01 -3.22311e+00
6.99730e+01 -5.91082e-01 -3.60660e+00
7.00547e+01 -8.96241e-01 -3.81400e+00
7.01116e+01 -1.11248e+00 -3.75135e+00
7.01800e+01 -1.35884e+00 -3.40463e+00
7.02330e+01 -1.52804e+00 -2.96057e+00
7.02885e+01 -1.67708e+00 -2.40349e+00
7.03440e+01 -1.79452e+00 -1.83398e+00
7.03991e+01 -1.88118e+00 -1.32021e+00
7.04506e+01 -1.93843e+00 -9.18751e-01
7.05020e+01 -1.97712e+00 -5.98729e-01
7.05535e+01 -2.00131e+00 -3.53258e-01
7.06049e+01 -2.01453e+00 -1.69773e-01
7.06564e+01 -2.01961e+00 -3.47884e-02
7.07113e+01 -2.01850e+00 6.93939e-02
7.07700e+01 -2.01200e+00 1.47748e-01
7.08333e+01 -2.00067e+00 2.06298e-01
7.09026e+01 -1.98476e+00 2.49898e-01
7.09794e+01 -1.96425e+00 2.82537e-01
7.10656e+01 -1.93875e+00 3.07549e-01
7.11638e+01 -1.90748e+00 3.27795e-01
7.12779e+01 -1.86904e+00 3.45863e-01
7.14130e+01 -1.82101e+00 3.64382e-01
7.15777e+01 -1.75918e+00 3.86618e-01
7.17871e+01 -1.67503e+00 4.18187e-01
7.19965e+01 -1.58359e+00 4.56730e-01
7.22058e+01 -1.48303e+00 5.06050e-01
7.24152e+01 -1.37055e+00 5.71782e-01
7.26246e+01 -1.24181e+00 6.63428e-01
7.28340e+01 -1.08977e+00 7.98229e-01
7.29833e+01 -9.60667e-01 9.38089e-01
7.31213e+01 -8.19443e-01 1.11940e+00
7.32593e+01 -6.48240e-01 1.37823e+00
7.33972e+01 -4.33721e-01 1.75530e+00
7.34876e+01 -2.60537e-01 2.09066e+00
7.35747e+01 -6.15810e-02 2.49122e+00
7.36618e+01 1.75286e-01 2.95655e+00
7.37489e+01 4.53609e-01 3.42748e+00
7.38359e+01 7.68426e-01 3.76385e+00
7.39049e+01 1.03059e+00 3.79895e+00
7.39647e+01 1.25287e+00 3.59380e+00
7.40272e+01 1.46457e+00 3.14896e+00
7.40896e+01 1.64298e+00 2.54613e+00
7.41521e+01 1.78183e+00 1.90189e+00
7.42105e+01 1.87643e+00 1.35095e+00
7.42689e+01 1.94151e+00 8.95119e-01
7.43186e+01 1.97811e+00 5.89650e-01
7.43684e+01 2.00129e+00 3.53504e-01
7.44181e+01 2.01422e+00 1.75264e-01
7.44704e+01 2.01958e+00 3.68527e-02
7.45253e+01 2.01857e+00 -6.78389e-02
7.45839e+01 2.01215e+00 -1.46583e-01
7.46471e+01 2.00090e+00 -2.05430e-01
7.47163e+01 1.98508e+00 -2.49251e-01
7.47929e+01 1.96464e+00 -2.82049e-01
7.48789e+01 1.93923e+00 -3.07167e-01
7.49770e+01 1.90807e+00 -3.27472e-01
7.50907e+01 1.86977e+00 -3.45556e-01
7.52254e+01 1.82194e+00 -3.64043e-01
7.53895e+01 1.76040e+00 -3.86179e-01
7.55979e+01 1.67676e+00 -4.17506e-01
7.58063e+01 1.58593e+00 -4.55675e-01
7.60147e+01 1.48612e+00 -5.04409e-01
7.62230e+01 1.37460e+00 -5.69194e-01
7.64314e+01 1.24716e+00 -6.59227e-01
7.66398e+01 1.09699e+00 -7.91116e-01
7.67914e+01 9.67038e-01 -9.30612e-01
7.69299e+01 8.26530e-01 -1.10959e+00
7.70683e+01 6.56331e-01 -1.36509e+00
7.72067e+01 4.43218e-01 -1.73757e+00
7.72979e+01 2.70230e-01 -2.07141e+00
7.73854e+01 7.21170e-02 -2.46996e+00
7.74729e+01 -1.63982e-01 -2.93524e+00
7.75604e+01 -4.41893e-01 -3.41028e+00
7.76479e+01 -7.57083e-01 -3.75666e+00
7.77184e+01 -1.02532e+00 -3.80097e+00
7.77782e+01 -1.24786e+00 -3.60119e+00
7.78416e+01 -1.46297e+00 -3.15334e+00
7.78966e+01 -1.62245e+00 -2.62747e+00
7.79517e+01 -1.75141e+00 -2.05807e+00
7.80155e+01 -1.86250e+00 -1.43916e+00
7.80669e+01 -1.92532e+00 -1.01656e+00
7.81183e+01 -1.96849e+00 -6.75378e-01
7.81698e+01 -1.99614e+00 -4.11369e-01
7.82212e+01 -2.01194e+00 -2.12887e-01
7.82727e+01 -2.01893e+00 -6.63752e-02
7.83269e+01 -2.01933e+00 4.55489e-02
7.83845e+01 -2.01413e+00 1.29862e-01
7.84465e+01 -2.00400e+00 1.92962e-01
7.85142e+01 -1.98925e+00 2.39966e-01
7.85889e+01 -1.96993e+00 2.75060e-01
7.86724e+01 -1.94576e+00 3.01730e-01
7.87673e+01 -1.91607e+00 3.22939e-01
7.88769e+01 -1.87963e+00 3.41321e-01
7.90060e+01 -1.83436e+00 3.59456e-01
7.91622e+01 -1.77661e+00 3.80356e-01
7.93579e+01 -1.69945e+00 4.08716e-01
7.95626e+01 -1.61228e+00 4.44054e-01
7.97673e+01 -1.51702e+00 4.88468e-01
7.99721e+01 -1.41136e+00 5.46514e-01
8.01768e+01 -1.29182e+00 6.25554e-01
8.03886e+01 -1.14772e+00 7.43194e-01
8.05557e+01 -1.01289e+00 8.78582e-01
8.06977e+01 -8.77191e-01 1.04166e+00
8.08466e+01 -7.04923e-01 1.28799e+00
8.09758e+01 -5.19659e-01 1.59809e+00
8.10777e+01 -3.40431e-01 1.93343e+00
8.11685e+01 -1.48191e-01 2.31621e+00
8.12593e+01 8.25039e-02 2.77836e+00
8.13372e+01 3.15862e-01 3.20913e+00
8.14152e+01 5.81749e-01 3.59587e+00
8.14966e+01 8.85071e-01 3.81199e+00
8.15522e+01 1.09676e+00 3.76289e+00
8.16108e+01 1.31058e+00 3.49872e+00
8.16653e+01 1.49038e+00 3.07564e+00
8.17198e+01 1.64379e+00 2.54286e+00
8.17743e+01 1.76697e+00 1.97933e+00
8.18415e+01 1.87799e+00 1.34092e+00
8.18914e+01 1.93471e+00 9.46902e-01
8.19434e+01 1.97502e+00 6.17788e-01
8.19954e+01 2.00026e+00 3.65467e-01
8.20473e+01 2.01411e+00 1.77189e-01
8.20993e+01 2.01954e+00 3.90292e-02
8.21542e+01 2.01863e+00 -6.61959e-02
8.22126e+01 2.01231e+00 -1.45351e-01
8.22758e+01 2.00115e+00 -2.04512e-01
8.23448e+01 1.98540e+00 -2.48567e-01
8.24213e+01 1.96505e+00 -2.81533e-01
8.25071e+01 1.93974e+00 -3.06764e-01
8.26049e+01 1.90870e+00 -3.27132e-01
8.27183e+01 1.87054e+00 -3.45234e-01
8.28526e+01 1.82291e+00 -3.63687e-01
8.30161e+01 1.76167e+00 -3.85720e-01
8.32235e+01 1.67856e+00 -4.16798e-01
8.34308e+01 1.58836e+00 -4.54580e-01
8.36382e+01 1.48933e+00 -5.02713e-01
8.38455e+01 1.37881e+00 -5.66527e-01
8.40529e+01 1.25271e+00 -6.54916e-01
8.42602e+01 1.10444e+00 -7.83850e-01
8.44143e+01 9.73532e-01 -9.23053e-01
8.45532e+01 8.33743e-01 -1.09969e+00
8.46921e+01 6.64554e-01 -1.35182e+00
8.48310e+01 4.52860e-01 -1.71966e+00
8.49241e+01 2.77872e-01 -2.05625e+00
8.50119e+01 8.04735e-02 -2.45308e+00
8.50997e+01 -1.54949e-01 -2.91813e+00
8.51875e+01 -4.32438e-01 -3.39620e+00
8.52753e+01 -7.47812e-01 -3.75048e+00
8.53472e+01 -1.02105e+00 -3.80252e+00
8.54070e+01 -1.24377e+00 -3.60712e+00
8.54596e+01 -1.42484e+00 -3.25328e+00
8.55155e+01 -1.59282e+00 -2.73914e+00
8.55714e+01 -1.72992e+00 -2.16306e+00
8.56321e+01 -1.84261e+00 -1.56047e+00
8.56830e+01 -1.91056e+00 -1.12211e+00
8.57372e+01 -1.96066e+00 -7.41902e-01
8.57914e+01 -1.99256e+00 -4.49215e-01
8.58456e+01 -2.01071e+00 -2.31581e-01
8.58998e+01 -2.01873e+00 -7.32422e-02
8.59539e+01 -2.01945e+00 4.06002e-02
8.60113e+01 -2.01452e+00 1.26146e-01
8.60731e+01 -2.00462e+00 1.90189e-01
8.61404e+01 -1.99011e+00 2.37901e-01
8.62147e+01 -1.97102e+00 2.73511e-01
8.62978e+01 -1.94711e+00 3.00533e-01
8.63921e+01 -1.91772e+00 3.21953e-01
8.65008e+01 -1.88167e+00 3.40418e-01
8.66288e+01 -1.83692e+00 3.58499e-01
8.67833e+01 -1.77993e+00 3.79169e-01
8.69766e+01 -1.70402e+00 4.06976e-01
8.71803e+01 -1.61769e+00 4.41731e-01
8.73919e+01 -1.51963e+00 4.87157e-01
8.76034e+01 -1.41054e+00 5.47001e-01
8.78150e+01 -1.28660e+00 6.29372e-01
8.80266e+01 -1.14165e+00 7.48742e-01
8.81914e+01 -1.00769e+00 8.84323e-01
8.83331e+01 -8.71452e-01 1.04916e+00
8.84812e+01 -6.98876e-01 1.29741e+00
8.86091e+01 -5.14147e-01 1.60794e+00
8.87108e+01 -3.34208e-01 1.94554e+00
8.88013e+01 -1.41515e-01 2.32970e+00
8.88917e+01 8.95758e-02 2.79218e+00
8.89697e+01 3.24118e-01 3.22313e+00
8.90477e+01 5.91095e-01 3.60661e+00
8.91294e+01 8.96257e-01 3.81400e+00
8.91863e+01 1.11250e+00 3.75133e+00
8.92547e+01 1.35885e+00 3.40460e+00
8.93077e+01 1.52805e+00 2.96053e+00
8.93632e+01 1.67710e+00 2.40344e+00
8.94187e+01 1.79453e+00 1.83394e+00
8.94738e+01 1.88119e+00 1.32018e+00
8.95253e+01 1.93843e+00 9.18730e-01
8.95767e+01 1.97712e+00 5.98712e-01
8.96282e+01 2.00131e+00 3.53246e-01
8.96796e+01 2.01453e+00 1.69764e-01
8.97311e+01 2.01961e+00 3.47817e-02
8.97860e+01 2.01850e+00 -6.93990e-02
8.98447e+01 2.01200e+00 -1.47752e-01
8.99080e+01 2.00067e+00 -2.06301e-01
8.99773e+01 1.98476e+00 -2.49900e-01
9.00541e+01 1.96425e+00 -2.82539e-01
9.01403e+01 1.93875e+00 -3.07551e-01
9.02385e+01 1.90748e+00 -3.27796e-01
9.03526e+01 1.86903e+00 -3.45864e-01
9.04877e+01 1.82101e+00 -3.64383e-01
9.06524e+01 1.75918e+00 -3.86620e-01
9.08618e+01 1.67502e+00 -4.18189e-01
9.10712e+01 1.58358e+00 -4.56733e-01
9.12806e+01 1.48302e+00 -5.06055e-01
9.14899e+01 1.37053e+00 -5.71790e-01
9.16993e+01 1.24179e+00 -6.63442e-01
9.19087e+01 1.08974e+00 -7.98252e-01
9.20580e+01 9.60646e-01 -9.38113e-01
9.21960e+01 8.19420e-01 -1.11943e+00
9.23340e+01 6.48213e-01 -1.37828e+00
9.24719e+01 4.33690e-01 -1.75536e+00
9.25623e+01 2.60505e-01 -2.09073e+00
9.26494e+01 6.15461e-02 -2.49129e+00
9.27365e+01 -1.75323e-01 -2.95662e+00
9.28236e+01 -4.53648e-01 -3.42754e+00
9.29106e+01 -7.68463e-01 -3.76387e+00
9.29796e+01 -1.03060e+00 -3.79894e+00
9.30394e+01 -1.25289e+00 -3.59378e+00
9.31019e+01 -1.46458e+00 -3.14892e+00
9.31643e+01 -1.64299e+00 -2.54609e+00
9.32268e+01 -1.78184e+00 -1.90185e+00
9.32852e+01 -1.87643e+00 -1.35094e+00
9.33436e+01 -1.94151e+00 -8.95120e-01
9.33933e+01 -1.97811e+00 -5.89649e-01
9.34430e+01 -2.00129e+00 -3.53502e-01
9.34928e+01 -2.01422e+00 -1.75262e-01
9.35451e+01 -2.01958e+00 -3.68507e-02
9.36000e+01 -2.01857e+00 6.78405e-02
9.36586e+01 -2.01215e+00 1.46584e-01
9.37218e+01 -2.00090e+00 2.05431e-01
9.37910e+01 -1.98508e+00 2.49252e-01
9.38676e+01 -1.96464e+00 2.82049e-01
9.39536e+01 -1.93923e+00 3.07167e-01
9.40516e+01 -1.90807e+00 3.27472e-01
9.41654e+01 -1.86977e+00 3.45556e-01
9.43001e+01 -1.82194e+00 3.64043e-01
9.44642e+01 -1.76040e+00 3.86180e-01
9.46726e+01 -1.67675e+00 4.17507e-01
9.48810e+01 -1.58593e+00 4.55676e-01
9.50894e+01 -1.48612e+00 5.04411e-01
9.52977e+01 -1.37460e+00 5.69196e-01
9.55061e+01 -1.24716e+00 6.59231e-01
9.57145e+01 -1.09698e+00 7.91123e-01
9.58661e+01 -9.67032e-01 9.30619e-01
9.60046e+01 -8.26523e-01 1.10960e+00
9.61430e+01 -6.56323e-01 1.36510e+00
9.62814e+01 -4.43209e-01 1.73759e+00
9.63726e+01 -2.70220e-01 2.07143e+00
9.64601e+01 -7.21067e-02 2.46998e+00
9.65476e+01 1.63993e-01 2.93527e+00
9.66351e+01 4.41904e-01 3.41030e+00
9.67226e+01 7.57094e-01 3.75667e+00
9.67931e+01 1.02532e+00 3.80097e+00
9.68529e+01 1.24787e+00 3.60118e+00
9.69163e+01 1.46298e+00 3.15333e+00
9.69713e+01 1.62246e+00 2.62746e+00
9.70264e+01 1.75142e+00 2.05805e+00
9.70902e+01 1.86250e+00 1.43914e+00
9.71416e+01 1.92532e+00 1.01654e+00
9.71930e+01 1.96849e+00 6.75371e-01
9.72445e+01 1.99614e+00 4.11364e-01
9.72959e+01 2.01194e+00 2.12885e-01
9.73474e+01 2.01893e+00 6.63740e-02
9.74016e+01 2.01932e+00 -4.55498e-02
9.74592e+01 2.01413e+00 -1.29863e-01
9.75212e+01 2.00400e+00 -1.92963e-01
9.75888e+01 1.98925e+00 -2.39966e-01
9.76635e+01 1.96993e+00 -2.75061e-01
9.77471e+01 1.94576e+00 -3.01731e-01
9.78420e+01 1.91607e+00 -3.22939e-01
9.79516e+01 1.87963e+00 -3.41321e-01
9.80807e+01 1.83436e+00 -3.59456e-01
9.82369e+01 1.77661e+00 -3.80356e-01
9.84326e+01 1.69945e+00 -4.08716e-01
9.86373e+01 1.61228e+00 -4.44055e-01
9.88420e+01 1.51701e+00 -4.88469e-01
9.90468e+01 1.41135e+00 -5.46515e-01
9.92515e+01 1.29182e+00 -6.25555e-01
9.94633e+01 1.14772e+00 -7.43195e-01
9.96304e+01 1.01288e+00 -8.78584e-01
9.97724e+01 8.77189e-01 -1.04166e+00
9.99213e+01 7.04921e-01 -1.28799e+00
1.00000e+02 5.96876e-01 -1.46365e+00
