1.00000e-06 1.00000e+00 -1.00000e-06
6.00000e-06 1.00000e+00 -6.00000e-06
3.10000e-05 1.00000e+00 -3.10000e-05
1.56000e-04 1.00000e+00 -1.56000e-04
7.81000e-04 1.00000e+00 -7.81000e-04
3.90600e-03 9.99992e-01 -3.90599e-03
1.95310e-02 9.99809e-01 -1.95304e-02
9.64114e-02 9.95348e-01 -9.66725e-02
2.14533e-01 9.76639e-01 -2.23164e-01
2.94549e-01 9.54744e-01 -3.28530e-01
3.68162e-01 9.25982e-01 -4.61012e-01
4.45680e-01 8.82461e-01 -6.81896e-01
5.02455e-01 8.36577e-01 -9.58356e-01
5.31590e-01 8.05685e-01 -1.17344e+00
5.61485e-01 7.66254e-01 -1.48324e+00
5.86853e-01 7.24151e-01 -1.85777e+00
6.08534e-01 6.79281e-01 -2.30560e+00
6.27257e-01 6.31398e-01 -2.83677e+00
6.43605e-01 5.80153e-01 -3.46282e+00
6.57966e-01 5.25419e-01 -4.19268e+00
6.70911e-01 4.65824e-01 -5.05294e+00
6.82274e-01 4.03110e-01 -6.02415e+00
6.93637e-01 3.27894e-01 -7.26582e+00
7.02968e-01 2.54323e-01 -8.54731e+00
7.12300e-01 1.67456e-01 -1.01253e+01
7.21631e-01 6.42479e-02 -1.20593e+01
7.29515e-01 -3.83085e-02 -1.40060e+01
7.37399e-01 -1.57369e-01 -1.62430e+01
7.45284e-01 -2.95070e-01 -1.87195e+01
7.53783e-01 -4.65949e-01 -2.14850e+01
7.60476e-01 -6.16672e-01 -2.35006e+01
7.68162e-01 -8.04540e-01 -2.52517e+01
7.75847e-01 -1.00203e+00 -2.59233e+01
7.80474e-01 -1.12151e+00 -2.56265e+01
7.85437e-01 -1.24659e+00 -2.46623e+01
7.89970e-01 -1.35529e+00 -2.32242e+01
7.94676e-01 -1.46013e+00 -2.12604e+01
7.99382e-01 -1.55487e+00 -1.89612e+01
8.04088e-01 -1.63834e+00 -1.64961e+01
8.08794e-01 -1.71013e+00 -1.40280e+01
8.13995e-01 -1.77630e+00 -1.14553e+01
8.18392e-01 -1.82228e+00 -9.49281e+00
8.23190e-01 -1.86321e+00 -7.62036e+00
8.27988e-01 -1.89587e+00 -6.03982e+00
8.32786e-01 -1.92162e+00 -4.73743e+00
8.37584e-01 -1.94173e+00 -3.68442e+00
8.42383e-01 -1.95732e+00 -2.84560e+00
8.47181e-01 -1.96932e+00 -2.18507e+00
8.51979e-01 -1.97852e+00 -1.66954e+00
8.56777e-01 -1.98553e+00 -1.26994e+00
8.61575e-01 -1.99085e+00 -9.61815e-01
8.66576e-01 -1.99502e+00 -7.16488e-01
8.71826e-01 -1.99825e+00 -5.22815e-01
8.77365e-01 -2.00071e+00 -3.71855e-01
8.83237e-01 -2.00253e+00 -2.55902e-01
8.89493e-01 -2.00384e+00 -1.68329e-01
8.96197e-01 -2.00474e+00 -1.03464e-01
9.03422e-01 -2.00530e+00 -5.64908e-02
9.11260e-01 -2.00561e+00 -2.33608e-02
9.19827e-01 -2.00570e+00 -7.10931e-04
9.29297e-01 -2.00563e+00 1.42370e-02
9.39804e-01 -2.00543e+00 2.36099e-02
9.51626e-01 -2.00511e+00 2.91893e-02
9.65143e-01 -2.00469e+00 3.22950e-02
9.80906e-01 -2.00417e+00 3.38804e-02
9.99759e-01 -2.00352e+00 3.46048e-02
1.02309e+00 -2.00271e+00 3.48955e-02
1.05338e+00 -2.00165e+00 3.50047e-02
1.09566e+00 -2.00017e+00 3.50632e-02
1.16188e+00 -1.99785e+00 3.51327e-02
1.28238e+00 -1.99361e+00 3.52577e-02
1.46097e+00 -1.98729e+00 3.54460e-02
1.66602e+00 -1.98000e+00 3.56661e-02
1.88694e+00 -1.97210e+00 3.59054e-02
2.16389e+00 -1.96211e+00 3.62153e-02
2.70949e+00 -1.94218e+00 3.68533e-02
3.36017e+00 -1.91794e+00 3.76643e-02
4.01085e+00 -1.89316e+00 3.85348e-02
4.58107e+00 -1.87095e+00 3.93522e-02
5.15130e+00 -1.84827e+00 4.02298e-02
5.72152e+00 -1.82506e+00 4.11743e-02
6.29174e+00 -1.80130e+00 4.21947e-02
6.86196e+00 -1.77693e+00 4.33019e-02
7.35183e+00 -1.75547e+00 4.43307e-02
7.84169e+00 -1.73349e+00 4.54448e-02
8.33155e+00 -1.71093e+00 4.66550e-02
8.82141e+00 -1.68776e+00 4.79762e-02
9.31128e+00 -1.66391e+00 4.94267e-02
9.72860e+00 -1.64301e+00 5.07796e-02
1.01459e+01 -1.62151e+00 5.22616e-02
1.05633e+01 -1.59937e+00 5.38932e-02
1.09806e+01 -1.57651e+00 5.57013e-02
1.13466e+01 -1.55581e+00 5.74580e-02
1.17125e+01 -1.53443e+00 5.94078e-02
1.20785e+01 -1.51230e+00 6.15873e-02
1.24445e+01 -1.48932e+00 6.40457e-02
1.27600e+01 -1.46874e+00 6.64369e-02
1.30755e+01 -1.44736e+00 6.91398e-02
1.33910e+01 -1.42507e+00 7.22268e-02
1.37065e+01 -1.40174e+00 7.57978e-02
1.39431e+01 -1.38345e+00 7.88734e-02
1.42123e+01 -1.36169e+00 8.29046e-02
1.44815e+01 -1.33875e+00 8.76564e-02
1.47781e+01 -1.31184e+00 9.40240e-02
1.50321e+01 -1.28713e+00 1.00783e-01
1.52860e+01 -1.26050e+00 1.09280e-01
1.54905e+01 -1.23730e+00 1.17946e-01
1.56950e+01 -1.21210e+00 1.29027e-01
1.58633e+01 -1.18943e+00 1.40836e-01
1.60317e+01 -1.16448e+00 1.56355e-01
1.61734e+01 -1.14114e+00 1.73859e-01
1.63151e+01 -1.11490e+00 1.97887e-01
1.64390e+01 -1.08864e+00 2.27709e-01
1.65629e+01 -1.05787e+00 2.71950e-01
1.66869e+01 -1.02012e+00 3.43679e-01
1.67747e+01 -9.86546e-01 4.27520e-01
1.68425e+01 -9.54370e-01 5.28891e-01
1.69050e+01 -9.17086e-01 6.75481e-01
1.69715e+01 -8.64161e-01 9.42529e-01
1.70131e+01 -8.19594e-01 1.22402e+00
1.70411e+01 -7.81554e-01 1.50592e+00
1.70671e+01 -7.37834e-01 1.87684e+00
1.70893e+01 -6.91585e-01 2.32240e+00
1.71083e+01 -6.42535e-01 2.85221e+00
1.71249e+01 -5.90328e-01 3.47722e+00
1.71395e+01 -5.34532e-01 4.20995e+00
1.71525e+01 -4.74246e-01 5.07022e+00
1.71639e+01 -4.11080e-01 6.03987e+00
1.71754e+01 -3.35369e-01 7.28157e+00
1.71847e+01 -2.61552e-01 8.56133e+00
1.71944e+01 -1.71135e-01 1.01998e+01
1.72026e+01 -7.98077e-02 1.19075e+01
1.72109e+01 2.69598e-02 1.39330e+01
1.72192e+01 1.51856e-01 1.62832e+01
1.72275e+01 2.97400e-01 1.89023e+01
1.72358e+01 4.65201e-01 2.16164e+01
1.72424e+01 6.16360e-01 2.36394e+01
1.72501e+01 8.04698e-01 2.53953e+01
1.72578e+01 1.00265e+00 2.60657e+01
1.72624e+01 1.12176e+00 2.57679e+01
1.72673e+01 1.24712e+00 2.47993e+01
1.72718e+01 1.35601e+00 2.33554e+01
1.72765e+01 1.46104e+00 2.13834e+01
1.72812e+01 1.55597e+00 1.90742e+01
1.72859e+01 1.63962e+00 1.65978e+01
1.72906e+01 1.71158e+00 1.41176e+01
1.72957e+01 1.77783e+00 1.15352e+01
1.73001e+01 1.82386e+00 9.56560e+00
1.73043e+01 1.86073e+00 7.88049e+00
1.73091e+01 1.89397e+00 6.27748e+00
1.73138e+01 1.92031e+00 4.94878e+00
1.73185e+01 1.94098e+00 3.86825e+00
1.73232e+01 1.95709e+00 3.00263e+00
1.73279e+01 1.96955e+00 2.31726e+00
1.73326e+01 1.97915e+00 1.77951e+00
1.73373e+01 1.98650e+00 1.36053e+00
1.73420e+01 1.99212e+00 1.03585e+00
1.73470e+01 1.99655e+00 7.75384e-01
1.73521e+01 1.99999e+00 5.69119e-01
1.73576e+01 2.00263e+00 4.07775e-01
1.73633e+01 2.00460e+00 2.83341e-01
1.73695e+01 2.00603e+00 1.88923e-01
1.73760e+01 2.00702e+00 1.18611e-01
1.73831e+01 2.00767e+00 6.73738e-02
1.73907e+01 2.00803e+00 3.09704e-02
1.73990e+01 2.00818e+00 5.86545e-03
1.74082e+01 2.00815e+00 -1.08956e-02
1.74184e+01 2.00798e+00 -2.15269e-02
1.74298e+01 2.00769e+00 -2.79500e-02
1.74428e+01 2.00730e+00 -3.15943e-02
1.74579e+01 2.00681e+00 -3.35010e-02
1.74758e+01 2.00620e+00 -3.43997e-02
1.74977e+01 2.00544e+00 -3.47727e-02
1.75257e+01 2.00446e+00 -3.49123e-02
1.75640e+01 2.00313e+00 -3.49758e-02
1.76219e+01 2.00110e+00 -3.50377e-02
1.77240e+01 1.99752e+00 -3.51425e-02
1.78918e+01 1.99161e+00 -3.53175e-02
1.80920e+01 1.98451e+00 -3.55299e-02
1.83101e+01 1.97674e+00 -3.57657e-02
1.85387e+01 1.96854e+00 -3.60152e-02
1.88120e+01 1.95865e+00 -3.63241e-02
1.93430e+01 1.93920e+00 -3.69506e-02
1.99880e+01 1.91511e+00 -3.77613e-02
2.06330e+01 1.89048e+00 -3.86314e-02
2.12780e+01 1.86526e+00 -3.95696e-02
2.18271e+01 1.84330e+00 -4.04276e-02
2.23762e+01 1.82085e+00 -4.13506e-02
2.29254e+01 1.79788e+00 -4.23458e-02
2.34745e+01 1.77434e+00 -4.34231e-02
2.40237e+01 1.75017e+00 -4.45946e-02
2.44961e+01 1.72885e+00 -4.56874e-02
2.49685e+01 1.70699e+00 -4.68736e-02
2.54410e+01 1.68455e+00 -4.81657e-02
2.59134e+01 1.66146e+00 -4.95806e-02
2.63859e+01 1.63768e+00 -5.11393e-02
2.67869e+01 1.61688e+00 -5.25931e-02
2.71879e+01 1.59548e+00 -5.41912e-02
2.75890e+01 1.57340e+00 -5.59572e-02
2.79900e+01 1.55057e+00 -5.79230e-02
2.83408e+01 1.52992e+00 -5.98370e-02
2.86916e+01 1.50857e+00 -6.19716e-02
2.90424e+01 1.48642e+00 -6.43710e-02
2.93932e+01 1.46337e+00 -6.70950e-02
2.96943e+01 1.44277e+00 -6.97513e-02
2.99954e+01 1.42133e+00 -7.27752e-02
3.02965e+01 1.39890e+00 -7.62577e-02
3.05976e+01 1.37534e+00 -8.03266e-02
3.08988e+01 1.35045e+00 -8.51621e-02
3.12205e+01 1.32207e+00 -9.14916e-02
3.14866e+01 1.29689e+00 -9.79980e-02
3.17528e+01 1.26976e+00 -1.06165e-01
3.19653e+01 1.24635e+00 -1.14409e-01
3.21779e+01 1.22096e+00 -1.24910e-01
3.23521e+01 1.19827e+00 -1.35998e-01
3.25264e+01 1.17338e+00 -1.50480e-01
3.26724e+01 1.15028e+00 -1.66622e-01
3.28185e+01 1.12443e+00 -1.88564e-01
3.29448e+01 1.09902e+00 -2.15141e-01
3.30712e+01 1.06956e+00 -2.53816e-01
3.31975e+01 1.03395e+00 -3.14878e-01
3.33031e+01 9.96610e-01 -4.00180e-01
3.33771e+01 9.63671e-01 -4.97308e-01
3.34410e+01 9.27962e-01 -6.29309e-01
3.35013e+01 8.84482e-01 -8.31507e-01
3.35615e+01 8.24742e-01 -1.18882e+00
3.35854e+01 7.93816e-01 -1.41087e+00
3.36127e+01 7.50718e-01 -1.76238e+00
3.36359e+01 7.05244e-01 -2.18524e+00
3.36558e+01 6.57035e-01 -2.68964e+00
3.36730e+01 6.05784e-01 -3.28587e+00
3.36882e+01 5.51074e-01 -3.98607e+00
3.37015e+01 4.92695e-01 -4.79983e+00
3.37148e+01 4.21838e-01 -5.87016e+00
3.37250e+01 3.57055e-01 -6.91789e+00
3.37358e+01 2.75204e-01 -8.32020e+00
3.37446e+01 1.95697e-01 -9.74836e+00
3.37534e+01 1.02270e-01 -1.14841e+01
3.37623e+01 -8.00217e-03 -1.35729e+01
3.37711e+01 -1.38345e-01 -1.60321e+01
3.37799e+01 -2.91858e-01 -1.88063e+01
3.37887e+01 -4.70580e-01 -2.16961e+01
3.37954e+01 -6.21534e-01 -2.36999e+01
3.38030e+01 -8.09209e-01 -2.54250e+01
3.38106e+01 -1.00620e+00 -2.60650e+01
3.38152e+01 -1.12418e+00 -2.57558e+01
3.38201e+01 -1.24933e+00 -2.47757e+01
3.38246e+01 -1.35796e+00 -2.33241e+01
3.38293e+01 -1.46261e+00 -2.13494e+01
3.38340e+01 -1.55718e+00 -1.90414e+01
3.38386e+01 -1.64050e+00 -1.65692e+01
3.38433e+01 -1.71220e+00 -1.40949e+01
3.38485e+01 -1.77846e+00 -1.15092e+01
3.38529e+01 -1.82450e+00 -9.53716e+00
3.38577e+01 -1.86544e+00 -7.65822e+00
3.38624e+01 -1.89811e+00 -6.07188e+00
3.38672e+01 -1.92388e+00 -4.76435e+00
3.38720e+01 -1.94402e+00 -3.70684e+00
3.38768e+01 -1.95963e+00 -2.86412e+00
3.38815e+01 -1.97166e+00 -2.20025e+00
3.38863e+01 -1.98087e+00 -1.68192e+00
3.38911e+01 -1.98790e+00 -1.27997e+00
3.38959e+01 -1.99324e+00 -9.69905e-01
3.39008e+01 -1.99743e+00 -7.22941e-01
3.39061e+01 -2.00067e+00 -5.27901e-01
3.39116e+01 -2.00314e+00 -3.75812e-01
3.39174e+01 -2.00497e+00 -2.58937e-01
3.39236e+01 -2.00630e+00 -1.70618e-01
3.39303e+01 -2.00720e+00 -1.05161e-01
3.39375e+01 -2.00777e+00 -5.77247e-02
3.39453e+01 -2.00808e+00 -2.42399e-02
3.39538e+01 -2.00818e+00 -1.32468e-03
3.39632e+01 -2.00812e+00 1.38183e-02
3.39737e+01 -2.00792e+00 2.33262e-02
3.39854e+01 -2.00761e+00 2.89956e-02
3.39988e+01 -2.00720e+00 3.21582e-02
3.40145e+01 -2.00668e+00 3.37771e-02
3.40331e+01 -2.00604e+00 3.45193e-02
3.40562e+01 -2.00524e+00 3.48181e-02
3.40862e+01 -2.00419e+00 3.49300e-02
3.41279e+01 -2.00274e+00 3.49885e-02
3.41929e+01 -2.00046e+00 3.50563e-02
3.43110e+01 -1.99631e+00 3.51780e-02
3.44886e+01 -1.99005e+00 3.53639e-02
3.46934e+01 -1.98278e+00 3.55820e-02
3.49144e+01 -1.97489e+00 3.58196e-02
3.51919e+01 -1.96491e+00 3.61279e-02
3.57389e+01 -1.94498e+00 3.67624e-02
3.63917e+01 -1.92072e+00 3.75695e-02
3.70445e+01 -1.89592e+00 3.84357e-02
3.76167e+01 -1.87370e+00 3.92490e-02
3.81889e+01 -1.85099e+00 4.01220e-02
3.87611e+01 -1.82777e+00 4.10615e-02
3.93332e+01 -1.80399e+00 4.20763e-02
3.99054e+01 -1.77961e+00 4.31770e-02
4.03970e+01 -1.75814e+00 4.41998e-02
4.08887e+01 -1.73614e+00 4.53071e-02
4.13803e+01 -1.71357e+00 4.65097e-02
4.18719e+01 -1.69039e+00 4.78221e-02
4.23636e+01 -1.66653e+00 4.92625e-02
4.27825e+01 -1.64562e+00 5.06059e-02
4.32015e+01 -1.62411e+00 5.20772e-02
4.36205e+01 -1.60196e+00 5.36963e-02
4.40394e+01 -1.57910e+00 5.54898e-02
4.44069e+01 -1.55839e+00 5.72320e-02
4.47744e+01 -1.53701e+00 5.91648e-02
4.51420e+01 -1.51488e+00 6.13242e-02
4.55095e+01 -1.49190e+00 6.37585e-02
4.58264e+01 -1.47133e+00 6.61255e-02
4.61434e+01 -1.44995e+00 6.87996e-02
4.64603e+01 -1.42768e+00 7.18512e-02
4.67773e+01 -1.40436e+00 7.53780e-02
4.70150e+01 -1.38608e+00 7.84140e-02
4.72852e+01 -1.36437e+00 8.23835e-02
4.75554e+01 -1.34151e+00 8.70556e-02
4.78548e+01 -1.31453e+00 9.33450e-02
4.81117e+01 -1.28972e+00 1.00029e-01
4.83686e+01 -1.26299e+00 1.08425e-01
4.85752e+01 -1.23974e+00 1.16974e-01
4.87818e+01 -1.21449e+00 1.27892e-01
4.89517e+01 -1.19182e+00 1.39499e-01
4.91216e+01 -1.16689e+00 1.54726e-01
4.92645e+01 -1.14362e+00 1.71845e-01
4.94073e+01 -1.11749e+00 1.95279e-01
4.95319e+01 -1.09148e+00 2.24159e-01
4.96564e+01 -1.06110e+00 2.66766e-01
4.97809e+01 -1.02399e+00 3.35318e-01
4.98736e+01 -9.89319e-01 4.19788e-01
4.99426e+01 -9.57165e-01 5.19196e-01
5.00055e+01 -9.20367e-01 6.61249e-01
5.00728e+01 -8.67994e-01 9.20763e-01
5.01167e+01 -8.21813e-01 1.20876e+00
5.01443e+01 -7.84817e-01 1.48024e+00
5.01707e+01 -7.41265e-01 1.84594e+00
5.01931e+01 -6.95222e-01 2.28544e+00
5.02124e+01 -6.46397e-01 2.80843e+00
5.02291e+01 -5.94447e-01 3.42573e+00
5.02439e+01 -5.38941e-01 4.14974e+00
5.02569e+01 -4.79645e-01 4.99046e+00
5.02699e+01 -4.07786e-01 6.09218e+00
5.02799e+01 -3.41679e-01 7.17514e+00
5.02905e+01 -2.58497e-01 8.61554e+00
5.02992e+01 -1.77176e-01 1.00884e+01
5.03079e+01 -8.16956e-02 1.18719e+01
5.03166e+01 3.08427e-02 1.40067e+01
5.03253e+01 1.63571e-01 1.65002e+01
5.03341e+01 3.19382e-01 1.92799e+01
5.03428e+01 4.99933e-01 2.21218e+01
5.03495e+01 6.55973e-01 2.40863e+01
5.03569e+01 8.40104e-01 2.56118e+01
5.03643e+01 1.03174e+00 2.60454e+01
5.03688e+01 1.14751e+00 2.56261e+01
5.03736e+01 1.26973e+00 2.45474e+01
5.03781e+01 1.37595e+00 2.30261e+01
5.03826e+01 1.47442e+00 2.10890e+01
5.03870e+01 1.56357e+00 1.88668e+01
5.03915e+01 1.64244e+00 1.65065e+01
5.03962e+01 1.71521e+00 1.39838e+01
5.04015e+01 1.78136e+00 1.13894e+01
5.04059e+01 1.82732e+00 9.41148e+00
5.04106e+01 1.86744e+00 7.56329e+00
5.04154e+01 1.89949e+00 6.00329e+00
5.04201e+01 1.92480e+00 4.71696e+00
5.04249e+01 1.94460e+00 3.67568e+00
5.04296e+01 1.95998e+00 2.84488e+00
5.04343e+01 1.97185e+00 2.18943e+00
5.04391e+01 1.98096e+00 1.67682e+00
5.04438e+01 1.98793e+00 1.27860e+00
5.04486e+01 1.99323e+00 9.70832e-01
5.04535e+01 1.99742e+00 7.23681e-01
5.04588e+01 2.00066e+00 5.28482e-01
5.04643e+01 2.00313e+00 3.76262e-01
5.04701e+01 2.00497e+00 2.59280e-01
5.04763e+01 2.00629e+00 1.70875e-01
5.04830e+01 2.00720e+00 1.05349e-01
5.04902e+01 2.00777e+00 5.78592e-02
5.04980e+01 2.00808e+00 2.43334e-02
5.05065e+01 2.00818e+00 1.38748e-03
5.05159e+01 2.00812e+00 -1.37780e-02
5.05263e+01 2.00792e+00 -2.33016e-02
5.05381e+01 2.00761e+00 -2.89814e-02
5.05515e+01 2.00720e+00 -3.21506e-02
5.05671e+01 2.00668e+00 -3.37734e-02
5.05858e+01 2.00604e+00 -3.45178e-02
5.06089e+01 2.00524e+00 -3.48176e-02
5.06388e+01 2.00420e+00 -3.49298e-02
5.06804e+01 2.00274e+00 -3.49883e-02
5.07453e+01 2.00047e+00 -3.50561e-02
5.08632e+01 1.99633e+00 -3.51774e-02
5.10406e+01 1.99007e+00 -3.53632e-02
5.12454e+01 1.98281e+00 -3.55812e-02
5.14663e+01 1.97492e+00 -3.58188e-02
5.17439e+01 1.96494e+00 -3.61270e-02
5.22909e+01 1.94500e+00 -3.67616e-02
5.29438e+01 1.92074e+00 -3.75686e-02
5.35966e+01 1.89594e+00 -3.84348e-02
5.41688e+01 1.87372e+00 -3.92481e-02
5.47410e+01 1.85102e+00 -4.01211e-02
5.53132e+01 1.82780e+00 -4.10606e-02
5.58854e+01 1.80402e+00 -4.20753e-02
5.64576e+01 1.77963e+00 -4.31760e-02
5.69492e+01 1.75816e+00 -4.41987e-02
5.74409e+01 1.73616e+00 -4.53059e-02
5.79325e+01 1.71360e+00 -4.65084e-02
5.84242e+01 1.69041e+00 -4.78208e-02
5.89158e+01 1.66656e+00 -4.92611e-02
5.93348e+01 1.64564e+00 -5.06045e-02
5.97538e+01 1.62413e+00 -5.20757e-02
6.01728e+01 1.60198e+00 -5.36946e-02
6.05917e+01 1.57912e+00 -5.54880e-02
6.09593e+01 1.55841e+00 -5.72301e-02
6.13268e+01 1.53703e+00 -5.91627e-02
6.16943e+01 1.51490e+00 -6.13220e-02
6.20618e+01 1.49192e+00 -6.37561e-02
6.23788e+01 1.47135e+00 -6.61229e-02
6.26958e+01 1.44997e+00 -6.87967e-02
6.30127e+01 1.42770e+00 -7.18480e-02
6.33297e+01 1.40438e+00 -7.53744e-02
6.35675e+01 1.38610e+00 -7.84102e-02
6.38376e+01 1.36440e+00 -8.23791e-02
6.41078e+01 1.34153e+00 -8.70505e-02
6.44073e+01 1.31455e+00 -9.33393e-02
6.46642e+01 1.28974e+00 -1.00022e-01
6.49211e+01 1.26301e+00 -1.08418e-01
6.51278e+01 1.23976e+00 -1.16966e-01
6.53344e+01 1.21451e+00 -1.27883e-01
6.55043e+01 1.19184e+00 -1.39488e-01
6.56742e+01 1.16691e+00 -1.54713e-01
6.58171e+01 1.14364e+00 -1.71828e-01
6.59599e+01 1.11751e+00 -1.95257e-01
6.60845e+01 1.09150e+00 -2.24130e-01
6.62090e+01 1.06113e+00 -2.66723e-01
6.63335e+01 1.02402e+00 -3.35249e-01
6.64262e+01 9.89341e-01 -4.19727e-01
6.64952e+01 9.57188e-01 -5.19120e-01
6.65582e+01 9.20393e-01 -6.61138e-01
6.66255e+01 8.68024e-01 -9.20593e-01
6.66694e+01 8.21829e-01 -1.20865e+00
6.66970e+01 7.84842e-01 -1.48004e+00
6.67234e+01 7.41292e-01 -1.84571e+00
6.67458e+01 6.95250e-01 -2.28515e+00
6.67651e+01 6.46427e-01 -2.80810e+00
6.67818e+01 5.94478e-01 -3.42534e+00
6.67966e+01 5.38975e-01 -4.14928e+00
6.68096e+01 4.79681e-01 -4.98993e+00
6.68226e+01 4.07825e-01 -6.09155e+00
6.68326e+01 3.41722e-01 -7.17441e+00
6.68432e+01 2.58544e-01 -8.61470e+00
6.68519e+01 1.77228e-01 -1.00874e+01
6.68606e+01 8.17533e-02 -1.18708e+01
6.68693e+01 -3.07785e-02 -1.40055e+01
6.68781e+01 -1.63500e-01 -1.64989e+01
6.68868e+01 -3.19304e-01 -1.92786e+01
6.68955e+01 -4.99851e-01 -2.21206e+01
6.69022e+01 -6.55872e-01 -2.40852e+01
6.69096e+01 -8.40011e-01 -2.56113e+01
6.69170e+01 -1.03166e+00 -2.60455e+01
6.69215e+01 -1.14743e+00 -2.56266e+01
6.69263e+01 -1.26967e+00 -2.45481e+01
6.69308e+01 -1.37590e+00 -2.30270e+01
6.69353e+01 -1.47437e+00 -2.10901e+01
6.69397e+01 -1.56353e+00 -1.88679e+01
6.69442e+01 -1.64241e+00 -1.65076e+01
6.69490e+01 -1.71518e+00 -1.39849e+01
6.69542e+01 -1.78133e+00 -1.13906e+01
6.69586e+01 -1.82729e+00 -9.41274e+00
6.69633e+01 -1.86742e+00 -7.56425e+00
6.69681e+01 -1.89948e+00 -6.00399e+00
6.69728e+01 -1.92479e+00 -4.71744e+00
6.69776e+01 -1.94459e+00 -3.67599e+00
6.69823e+01 -1.95998e+00 -2.84507e+00
6.69871e+01 -1.97185e+00 -2.18955e+00
6.69918e+01 -1.98096e+00 -1.67688e+00
6.69965e+01 -1.98793e+00 -1.27862e+00
6.70013e+01 -1.99323e+00 -9.70826e-01
6.70062e+01 -1.99742e+00 -7.23676e-01
6.70115e+01 -2.00066e+00 -5.28478e-01
6.70170e+01 -2.00313e+00 -3.76259e-01
6.70228e+01 -2.00497e+00 -2.59277e-01
6.70290e+01 -2.00629e+00 -1.70873e-01
6.70357e+01 -2.00720e+00 -1.05347e-01
6.70429e+01 -2.00777e+00 -5.78582e-02
6.70507e+01 -2.00808e+00 -2.43328e-02
6.70592e+01 -2.00818e+00 -1.38704e-03
6.70686e+01 -2.00812e+00 1.37783e-02
6.70790e+01 -2.00792e+00 2.33017e-02
6.70908e+01 -2.00761e+00 2.89815e-02
6.71042e+01 -2.00720e+00 3.21507e-02
6.71198e+01 -2.00668e+00 3.37735e-02
6.71385e+01 -2.00604e+00 3.45178e-02
6.71616e+01 -2.00524e+00 3.48176e-02
6.71915e+01 -2.00420e+00 3.49298e-02
6.72331e+01 -2.00274e+00 3.49883e-02
6.72980e+01 -2.00047e+00 3.50561e-02
6.74159e+01 -1.99633e+00 3.51774e-02
6.75933e+01 -1.99007e+00 3.53632e-02
6.77981e+01 -1.98281e+00 3.55813e-02
6.80191e+01 -1.97492e+00 3.58188e-02
6.82966e+01 -1.96494e+00 3.61270e-02
6.88437e+01 -1.94500e+00 3.67616e-02
6.94965e+01 -1.92074e+00 3.75686e-02
7.01493e+01 -1.89594e+00 3.84348e-02
7.07215e+01 -1.87372e+00 3.92481e-02
7.12937e+01 -1.85102e+00 4.01211e-02
7.18659e+01 -1.82780e+00 4.10606e-02
7.24381e+01 -1.80402e+00 4.20753e-02
7.30103e+01 -1.77963e+00 4.31760e-02
7.35020e+01 -1.75816e+00 4.41987e-02
7.39936e+01 -1.73616e+00 4.53059e-02
7.44852e+01 -1.71360e+00 4.65084e-02
7.49769e+01 -1.69041e+00 4.78208e-02
7.54685e+01 -1.66655e+00 4.92611e-02
7.58875e+01 -1.64564e+00 5.06045e-02
7.63065e+01 -1.62413e+00 5.20757e-02
7.67255e+01 -1.60198e+00 5.36946e-02
7.71445e+01 -1.57912e+00 5.54880e-02
7.75120e+01 -1.55841e+00 5.72301e-02
7.78795e+01 -1.53703e+00 5.91627e-02
7.82470e+01 -1.51490e+00 6.13220e-02
7.86145e+01 -1.49192e+00 6.37561e-02
7.89315e+01 -1.47135e+00 6.61229e-02
7.92485e+01 -1.44997e+00 6.87967e-02
7.95654e+01 -1.42770e+00 7.18480e-02
7.98824e+01 -1.40438e+00 7.53744e-02
8.01202e+01 -1.38610e+00 7.84102e-02
8.03904e+01 -1.36440e+00 8.23792e-02
8.06605e+01 -1.34153e+00 8.70506e-02
8.09600e+01 -1.31455e+00 9.33393e-02
8.12169e+01 -1.28974e+00 1.00022e-01
8.14738e+01 -1.26301e+00 1.08418e-01
8.16805e+01 -1.23976e+00 1.16966e-01
8.18871e+01 -1.21451e+00 1.27883e-01
8.20570e+01 -1.19184e+00 1.39488e-01
8.22269e+01 -1.16691e+00 1.54713e-01
8.23698e+01 -1.14364e+00 1.71828e-01
8.25126e+01 -1.11751e+00 1.95257e-01
8.26372e+01 -1.09150e+00 2.24130e-01
8.27617e+01 -1.06113e+00 2.66723e-01
8.28862e+01 -1.02402e+00 3.35250e-01
8.29789e+01 -9.89341e-01 4.19728e-01
8.30480e+01 -9.57187e-01 5.19120e-01
8.31109e+01 -9.20392e-01 6.61138e-01
8.31782e+01 -8.68024e-01 9.20594e-01
8.32221e+01 -8.21829e-01 1.20865e+00
8.32497e+01 -7.84842e-01 1.48004e+00
8.32761e+01 -7.41291e-01 1.84571e+00
8.32985e+01 -6.95250e-01 2.28515e+00
8.33178e+01 -6.46426e-01 2.80810e+00
8.33345e+01 -5.94478e-01 3.42534e+00
8.33493e+01 -5.38975e-01 4.14928e+00
8.33623e+01 -4.79681e-01 4.98993e+00
8.33753e+01 -4.07825e-01 6.09156e+00
8.33853e+01 -3.41722e-01 7.17442e+00
8.33959e+01 -2.58544e-01 8.61471e+00
8.34046e+01 -1.77228e-01 1.00874e+01
8.34133e+01 -8.17529e-02 1.18708e+01
8.34220e+01 3.07790e-02 1.40055e+01
8.34308e+01 1.63501e-01 1.64989e+01
8.34395e+01 3.19305e-01 1.92786e+01
8.34482e+01 4.99851e-01 2.21206e+01
8.34549e+01 6.55873e-01 2.40852e+01
8.34623e+01 8.40012e-01 2.56113e+01
8.34697e+01 1.03166e+00 2.60455e+01
8.34742e+01 1.14744e+00 2.56266e+01
8.34791e+01 1.26967e+00 2.45481e+01
8.34835e+01 1.37590e+00 2.30270e+01
8.34880e+01 1.47438e+00 2.10901e+01
8.34924e+01 1.56353e+00 1.88679e+01
8.34969e+01 1.64241e+00 1.65076e+01
8.35017e+01 1.71518e+00 1.39849e+01
8.35069e+01 1.78133e+00 1.13906e+01
8.35113e+01 1.82729e+00 9.41273e+00
8.35161e+01 1.86742e+00 7.56424e+00
8.35208e+01 1.89948e+00 6.00398e+00
8.35255e+01 1.92479e+00 4.71743e+00
8.35303e+01 1.94459e+00 3.67599e+00
8.35350e+01 1.95998e+00 2.84507e+00
8.35398e+01 1.97185e+00 2.18954e+00
8.35445e+01 1.98096e+00 1.67688e+00
8.35492e+01 1.98793e+00 1.27862e+00
8.35540e+01 1.99323e+00 9.70826e-01
8.35590e+01 1.99742e+00 7.23676e-01
8.35642e+01 2.00066e+00 5.28478e-01
8.35697e+01 2.00313e+00 3.76259e-01
8.35755e+01 2.00497e+00 2.59277e-01
8.35818e+01 2.00629e+00 1.70873e-01
8.35884e+01 2.00720e+00 1.05347e-01
8.35956e+01 2.00777e+00 5.78582e-02
8.36034e+01 2.00808e+00 2.43328e-02
8.36119e+01 2.00818e+00 1.38705e-03
8.36213e+01 2.00812e+00 -1.37783e-02
8.36318e+01 2.00792e+00 -2.33017e-02
8.36435e+01 2.00761e+00 -2.89815e-02
8.36569e+01 2.00720e+00 -3.21507e-02
8.36725e+01 2.00668e+00 -3.37735e-02
8.36912e+01 2.00604e+00 -3.45178e-02
8.37143e+01 2.00524e+00 -3.48176e-02
8.37442e+01 2.00420e+00 -3.49298e-02
8.37858e+01 2.00274e+00 -3.49883e-02
8.38507e+01 2.00047e+00 -3.50561e-02
8.39686e+01 1.99633e+00 -3.51774e-02
8.41460e+01 1.99007e+00 -3.53632e-02
8.43508e+01 1.98281e+00 -3.55813e-02
8.45718e+01 1.97492e+00 -3.58188e-02
8.48493e+01 1.96494e+00 -3.61270e-02
8.53964e+01 1.94500e+00 -3.67616e-02
8.60492e+01 1.92074e+00 -3.75686e-02
8.67021e+01 1.89594e+00 -3.84348e-02
8.72742e+01 1.87372e+00 -3.92481e-02
8.78464e+01 1.85102e+00 -4.01211e-02
8.84186e+01 1.82780e+00 -4.10606e-02
8.89908e+01 1.80402e+00 -4.20753e-02
8.95630e+01 1.77963e+00 -4.31760e-02
9.00547e+01 1.75816e+00 -4.41987e-02
9.05463e+01 1.73616e+00 -4.53059e-02
9.10380e+01 1.71360e+00 -4.65084e-02
9.15296e+01 1.69041e+00 -4.78208e-02
9.20213e+01 1.66655e+00 -4.92611e-02
9.24402e+01 1.64564e+00 -5.06045e-02
9.28592e+01 1.62413e+00 -5.20757e-02
9.32782e+01 1.60198e+00 -5.36946e-02
9.36972e+01 1.57912e+00 -5.54880e-02
9.40647e+01 1.55841e+00 -5.72301e-02
9.44322e+01 1.53703e+00 -5.91627e-02
9.47997e+01 1.51490e+00 -6.13220e-02
9.51673e+01 1.49192e+00 -6.37561e-02
9.54842e+01 1.47135e+00 -6.61229e-02
9.58012e+01 1.44997e+00 -6.87967e-02
9.61181e+01 1.42770e+00 -7.18480e-02
9.64351e+01 1.40438e+00 -7.53744e-02
9.66729e+01 1.38610e+00 -7.84102e-02
9.69431e+01 1.36440e+00 -8.23792e-02
9.72132e+01 1.34153e+00 -8.70506e-02
9.75127e+01 1.31455e+00 -9.33393e-02
9.77696e+01 1.28974e+00 -1.00022e-01
9.80265e+01 1.26301e+00 -1.08418e-01
9.82332e+01 1.23976e+00 -1.16966e-01
9.84398e+01 1.21451e+00 -1.27883e-01
9.86097e+01 1.19184e+00 -1.39488e-01
9.87796e+01 1.16691e+00 -1.54713e-01
9.89225e+01 1.14364e+00 -1.71828e-01
9.90654e+01 1.11751e+00 -1.95257e-01
9.91899e+01 1.09150e+00 -2.24130e-01
9.93144e+01 1.06113e+00 -2.66723e-01
9.94389e+01 1.02402e+00 -3.35250e-01
9.95316e+01 9.89341e-01 -4.19728e-01
9.96007e+01 9.57187e-01 -5.19120e-01
9.96636e+01 9.20392e-01 -6.61138e-01
9.97309e+01 8.68024e-01 -9.20594e-01
9.97748e+01 8.21829e-01 -1.20865e+00
9.98024e+01 7.84842e-01 -1.48004e+00
9.98288e+01 7.41291e-01 -1.84571e+00
9.98512e+01 6.95250e-01 -2.28515e+00
9.98705e+01 6.46426e-01 -2.80810e+00
9.98873e+01 5.94478e-01 -3.42534e+00
9.99020e+01 5.38975e-01 -4.14928e+00
9.99150e+01 4.79681e-01 -4.98993e+00
9.99280e+01 4.07825e-01 -6.09156e+00
9.99380e+01 3.41722e-01 -7.17442e+00
9.99486e+01 2.58544e-01 -8.61471e+00
9.99573e+01 1.77228e-01 -1.00874e+01
9.99660e+01 8.17529e-02 -1.18708e+01
9.99748e+01 -3.07790e-02 -1.40055e+01
9.99835e+01 -1.63501e-01 -1.64989e+01
9.99922e+01 -3.19305e-01 -1.92786e+01
1.00000e+02 -4.79813e-01 -2.18317e+01
