1.00000e-06 1.00000e+00 -1.00000e-06
6.00000e-06 1.00000e+00 -6.00000e-06
3.10000e-05 1.00000e+00 -3.10000e-05
1.56000e-04 1.00000e+00 -1.56000e-04
7.81000e-04 1.00000e+00 -7.81000e-04
3.90600e-03 9.99992e-01 -3.90599e-03
1.95310e-02 9.99809e-01 -1.95299e-02
9.76560e-02 9.95234e-01 -9.75916e-02
2.58613e-01 9.66516e-01 -2.60164e-01
4.19570e-01 9.10689e-01 -4.38143e-01
5.38973e-01 8.49140e-01 -5.98900e-01
6.66651e-01 7.58836e-01 -8.29345e-01
7.75280e-01 6.54215e-01 -1.11558e+00
8.83909e-01 5.10921e-01 -1.55696e+00
9.46228e-01 4.02929e-01 -1.92692e+00
1.00491e+00 2.76840e-01 -2.39242e+00
1.05852e+00 1.34290e-01 -2.94872e+00
1.11213e+00 -4.19991e-02 -3.65319e+00
1.16575e+00 -2.59903e-01 -4.49360e+00
1.21198e+00 -4.85298e-01 -5.24911e+00
1.25822e+00 -7.43092e-01 -5.85729e+00
1.30446e+00 -1.02062e+00 -6.05623e+00
1.33322e+00 -1.19276e+00 -5.86791e+00
1.36127e+00 -1.35181e+00 -5.43727e+00
1.39066e+00 -1.50229e+00 -4.77023e+00
1.42006e+00 -1.63102e+00 -3.97454e+00
1.44946e+00 -1.73577e+00 -3.15623e+00
1.48162e+00 -1.82378e+00 -2.33563e+00
1.50801e+00 -1.87765e+00 -1.76413e+00
1.53533e+00 -1.91899e+00 -1.28163e+00
1.56264e+00 -1.94862e+00 -9.04116e-01
1.58996e+00 -1.96921e+00 -6.16937e-01
1.61727e+00 -1.98299e+00 -4.02823e-01
1.64459e+00 -1.99173e+00 -2.45402e-01
1.67283e+00 -1.99690e+00 -1.27444e-01
1.70269e+00 -1.99931e+00 -3.89745e-02
1.73456e+00 -1.99944e+00 2.63577e-02
1.76887e+00 -1.99767e+00 7.37112e-02
1.80615e+00 -1.99425e+00 1.07305e-01
1.84705e+00 -1.98935e+00 1.30583e-01
1.89238e+00 -1.98304e+00 1.46329e-01
1.94321e+00 -1.97531e+00 1.56770e-01
2.00101e+00 -1.96604e+00 1.63657e-01
2.06783e+00 -1.95493e+00 1.68346e-01
2.14672e+00 -1.94150e+00 1.71877e-01
2.24239e+00 -1.92490e+00 1.75062e-01
2.36271e+00 -1.90362e+00 1.78609e-01
2.52216e+00 -1.87477e+00 1.83340e-01
2.75582e+00 -1.83106e+00 1.90906e-01
3.07786e+00 -1.76768e+00 2.03091e-01
3.35651e+00 -1.70937e+00 2.15823e-01
3.63516e+00 -1.64715e+00 2.31343e-01
3.87456e+00 -1.58987e+00 2.47751e-01
4.11396e+00 -1.52821e+00 2.68161e-01
4.32349e+00 -1.46975e+00 2.90690e-01
4.53302e+00 -1.40595e+00 3.19575e-01
4.74255e+00 -1.33516e+00 3.58053e-01
4.92216e+00 -1.26703e+00 4.02929e-01
5.10176e+00 -1.18938e+00 4.65580e-01
5.28136e+00 -1.09801e+00 5.58412e-01
5.43227e+00 -1.00537e+00 6.77779e-01
5.55099e+00 -9.17076e-01 8.18697e-01
5.65619e+00 -8.21893e-01 1.00294e+00
5.76499e+00 -6.98113e-01 1.29442e+00
5.85775e+00 -5.61350e-01 1.68237e+00
5.92743e+00 -4.29998e-01 2.11265e+00
5.98322e+00 -2.99589e-01 2.58460e+00
6.03553e+00 -1.49892e-01 3.16392e+00
6.08783e+00 3.41179e-02 3.89861e+00
6.14014e+00 2.60434e-01 4.77287e+00
6.18481e+00 4.91094e-01 5.54449e+00
6.22949e+00 7.53479e-01 6.15388e+00
6.27416e+00 1.03452e+00 6.33227e+00
6.30163e+00 1.20621e+00 6.12451e+00
6.32860e+00 1.36576e+00 5.67125e+00
6.35679e+00 1.51634e+00 4.98098e+00
6.38498e+00 1.64539e+00 4.16179e+00
6.41317e+00 1.75078e+00 3.31944e+00
6.44398e+00 1.83970e+00 2.47319e+00
6.46944e+00 1.89487e+00 1.87678e+00
6.49591e+00 1.93758e+00 1.36954e+00
6.52238e+00 1.96834e+00 9.71623e-01
6.54885e+00 1.98985e+00 6.68227e-01
6.57531e+00 2.00439e+00 4.41575e-01
6.60178e+00 2.01375e+00 2.74658e-01
6.62825e+00 2.01932e+00 1.52922e-01
6.65684e+00 2.02227e+00 5.87779e-02
6.68730e+00 2.02293e+00 -1.10100e-02
6.72004e+00 2.02168e+00 -6.18018e-02
6.75554e+00 2.01880e+00 -9.79909e-02
6.79439e+00 2.01447e+00 -1.23170e-01
6.83734e+00 2.00878e+00 -1.40253e-01
6.88534e+00 2.00175e+00 -1.51578e-01
6.93972e+00 1.99329e+00 -1.58986e-01
7.00231e+00 1.98317e+00 -1.63907e-01
7.07578e+00 1.97099e+00 -1.67432e-01
7.16422e+00 1.95604e+00 -1.70395e-01
7.27434e+00 1.93711e+00 -1.73484e-01
7.41811e+00 1.91188e+00 -1.77399e-01
7.62117e+00 1.87527e+00 -1.83273e-01
7.93287e+00 1.81659e+00 -1.93553e-01
8.24456e+00 1.75441e+00 -2.05853e-01
8.55626e+00 1.68798e+00 -2.20915e-01
8.80716e+00 1.63074e+00 -2.35817e-01
9.05806e+00 1.56936e+00 -2.54196e-01
9.27707e+00 1.51157e+00 -2.74230e-01
9.49609e+00 1.44885e+00 -2.99617e-01
9.71511e+00 1.37975e+00 -3.32952e-01
9.89797e+00 1.31563e+00 -3.70060e-01
1.00808e+01 1.24361e+00 -4.20430e-01
1.02637e+01 1.16056e+00 -4.92439e-01
1.04466e+01 1.06122e+00 -6.02542e-01
1.05763e+01 9.75824e-01 -7.21843e-01
1.06878e+01 8.87440e-01 -8.72379e-01
1.07905e+01 7.88028e-01 -1.07685e+00
1.08933e+01 6.62592e-01 -1.38876e+00
1.09794e+01 5.26853e-01 -1.79031e+00
1.10448e+01 3.96118e-01 -2.23148e+00
1.10991e+01 2.62159e-01 -2.72646e+00
1.11503e+01 1.07683e-01 -3.33161e+00
1.12015e+01 -8.16276e-02 -4.08729e+00
1.12527e+01 -3.13009e-01 -4.96274e+00
1.13039e+01 -5.89558e-01 -5.81368e+00
1.13489e+01 -8.63447e-01 -6.29154e+00
1.13851e+01 -1.09224e+00 -6.29229e+00
1.14122e+01 -1.25946e+00 -6.00290e+00
1.14384e+01 -1.41075e+00 -5.49316e+00
1.14647e+01 -1.54623e+00 -4.81079e+00
1.14909e+01 -1.66242e+00 -4.03668e+00
1.15171e+01 -1.75802e+00 -3.25536e+00
1.15491e+01 -1.84796e+00 -2.38768e+00
1.15745e+01 -1.90097e+00 -1.80699e+00
1.15999e+01 -1.94059e+00 -1.33201e+00
1.16253e+01 -1.96944e+00 -9.56711e-01
1.16507e+01 -1.98989e+00 -6.67671e-01
1.16760e+01 -2.00393e+00 -4.49168e-01
1.17014e+01 -2.01316e+00 -2.86159e-01
1.17284e+01 -2.01908e+00 -1.59100e-01
1.17569e+01 -2.02217e+00 -6.33920e-02
1.17873e+01 -2.02295e+00 7.61917e-03
1.18199e+01 -2.02180e+00 5.93588e-02
1.18552e+01 -2.01900e+00 9.62703e-02
1.18939e+01 -2.01475e+00 1.21988e-01
1.19365e+01 -2.00914e+00 1.39461e-01
1.19842e+01 -2.00218e+00 1.51058e-01
1.20382e+01 -1.99381e+00 1.58646e-01
1.21003e+01 -1.98379e+00 1.63675e-01
1.21730e+01 -1.97174e+00 1.67254e-01
1.22605e+01 -1.95698e+00 1.70231e-01
1.23691e+01 -1.93832e+00 1.73295e-01
1.25105e+01 -1.91354e+00 1.77141e-01
1.27090e+01 -1.87783e+00 1.82851e-01
1.30140e+01 -1.82059e+00 1.92815e-01
1.33189e+01 -1.76003e+00 2.04674e-01
1.36239e+01 -1.69548e+00 2.19102e-01
1.38776e+01 -1.63810e+00 2.33789e-01
1.41312e+01 -1.57659e+00 2.51887e-01
1.43520e+01 -1.51890e+00 2.71524e-01
1.45727e+01 -1.45634e+00 2.96358e-01
1.47934e+01 -1.38751e+00 3.28889e-01
1.49771e+01 -1.32395e+00 3.64869e-01
1.51608e+01 -1.25270e+00 4.13503e-01
1.53445e+01 -1.17079e+00 4.82665e-01
1.55282e+01 -1.07321e+00 5.87703e-01
1.56639e+01 -9.85925e-01 7.06439e-01
1.57765e+01 -8.98735e-01 8.51531e-01
1.58801e+01 -8.00996e-01 1.04803e+00
1.59837e+01 -6.78060e-01 1.34711e+00
1.60732e+01 -5.40896e-01 1.74591e+00
1.61414e+01 -4.07506e-01 2.19122e+00
1.61961e+01 -2.75034e-01 2.67740e+00
1.62477e+01 -1.22212e-01 3.27375e+00
1.62992e+01 6.52727e-02 4.02252e+00
1.63508e+01 2.94926e-01 4.89821e+00
1.63960e+01 5.33964e-01 5.66698e+00
1.64412e+01 8.04010e-01 6.22703e+00
1.64864e+01 1.08931e+00 6.29502e+00
1.65121e+01 1.24812e+00 6.03121e+00
1.65373e+01 1.39486e+00 5.55871e+00
1.65645e+01 1.53697e+00 4.86472e+00
1.65917e+01 1.65856e+00 4.06539e+00
1.66189e+01 1.75805e+00 3.25511e+00
1.66507e+01 1.84749e+00 2.39255e+00
1.66761e+01 1.90073e+00 1.80976e+00
1.67016e+01 1.94049e+00 1.33319e+00
1.67270e+01 1.96943e+00 9.56817e-01
1.67525e+01 1.98992e+00 6.67134e-01
1.67779e+01 2.00398e+00 4.48303e-01
1.68034e+01 2.01321e+00 2.85174e-01
1.68304e+01 2.01911e+00 1.58352e-01
1.68589e+01 2.02218e+00 6.28330e-02
1.68893e+01 2.02295e+00 -8.03010e-03
1.69219e+01 2.02179e+00 -5.96550e-02
1.69572e+01 2.01898e+00 -9.64791e-02
1.69959e+01 2.01471e+00 -1.22131e-01
1.70386e+01 2.00909e+00 -1.39557e-01
1.70863e+01 2.00213e+00 -1.51121e-01
1.71404e+01 1.99374e+00 -1.58687e-01
1.72025e+01 1.98372e+00 -1.63704e-01
1.72753e+01 1.97165e+00 -1.67276e-01
1.73629e+01 1.95687e+00 -1.70251e-01
1.74717e+01 1.93817e+00 -1.73318e-01
1.76134e+01 1.91334e+00 -1.77172e-01
1.78124e+01 1.87753e+00 -1.82901e-01
1.81169e+01 1.82036e+00 -1.92857e-01
1.84214e+01 1.75988e+00 -2.04705e-01
1.87259e+01 1.69543e+00 -2.19115e-01
1.89796e+01 1.63804e+00 -2.33805e-01
1.92333e+01 1.57653e+00 -2.51907e-01
1.94540e+01 1.51884e+00 -2.71546e-01
1.96747e+01 1.45628e+00 -2.96385e-01
1.98954e+01 1.38745e+00 -3.28922e-01
2.00791e+01 1.32388e+00 -3.64911e-01
2.02627e+01 1.25262e+00 -4.13560e-01
2.04464e+01 1.17071e+00 -4.82744e-01
2.06301e+01 1.07311e+00 -5.87824e-01
2.07658e+01 9.85843e-01 -7.06561e-01
2.08784e+01 8.98644e-01 -8.51697e-01
2.09820e+01 8.00892e-01 -1.04826e+00
2.10856e+01 6.77937e-01 -1.34743e+00
2.11750e+01 5.40785e-01 -1.74626e+00
2.12432e+01 4.07390e-01 -2.19163e+00
2.12979e+01 2.74904e-01 -2.67789e+00
2.13495e+01 1.22065e-01 -3.27434e+00
2.14010e+01 -6.54373e-02 -4.02317e+00
2.14526e+01 -2.95108e-01 -4.89886e+00
2.14978e+01 -5.34193e-01 -5.66761e+00
2.15430e+01 -8.04282e-01 -6.22738e+00
2.15882e+01 -1.08960e+00 -6.29475e+00
2.16139e+01 -1.24837e+00 -6.03060e+00
2.16391e+01 -1.39507e+00 -5.55784e+00
2.16663e+01 -1.53713e+00 -4.86381e+00
2.16935e+01 -1.65867e+00 -4.06461e+00
2.17207e+01 -1.75812e+00 -3.25454e+00
2.17525e+01 -1.84756e+00 -2.39182e+00
2.17779e+01 -1.90077e+00 -1.80925e+00
2.18034e+01 -1.94052e+00 -1.33286e+00
2.18288e+01 -1.96944e+00 -9.56624e-01
2.18543e+01 -1.98993e+00 -6.67034e-01
2.18797e+01 -2.00398e+00 -4.48263e-01
2.19051e+01 -2.01321e+00 -2.85170e-01
2.19322e+01 -2.01911e+00 -1.58350e-01
2.19607e+01 -2.02218e+00 -6.28309e-02
2.19910e+01 -2.02295e+00 8.03164e-03
2.20236e+01 -2.02179e+00 5.96561e-02
2.20590e+01 -2.01898e+00 9.64798e-02
2.20977e+01 -2.01471e+00 1.22132e-01
2.21404e+01 -2.00909e+00 1.39558e-01
2.21881e+01 -2.00213e+00 1.51121e-01
2.22421e+01 -1.99374e+00 1.58687e-01
2.23043e+01 -1.98372e+00 1.63704e-01
2.23771e+01 -1.97165e+00 1.67276e-01
2.24647e+01 -1.95687e+00 1.70251e-01
2.25735e+01 -1.93817e+00 1.73318e-01
2.27152e+01 -1.91334e+00 1.77172e-01
2.29142e+01 -1.87752e+00 1.82901e-01
2.32187e+01 -1.82036e+00 1.92857e-01
2.35232e+01 -1.75988e+00 2.04705e-01
2.38277e+01 -1.69543e+00 2.19115e-01
2.40814e+01 -1.63804e+00 2.33805e-01
2.43350e+01 -1.57653e+00 2.51907e-01
2.45557e+01 -1.51884e+00 2.71546e-01
2.47764e+01 -1.45628e+00 2.96385e-01
2.49971e+01 -1.38745e+00 3.28922e-01
2.51808e+01 -1.32388e+00 3.64911e-01
2.53645e+01 -1.25262e+00 4.13560e-01
2.55482e+01 -1.17071e+00 4.82744e-01
2.57319e+01 -1.07311e+00 5.87824e-01
2.58675e+01 -9.85843e-01 7.06562e-01
2.59801e+01 -8.98644e-01 8.51697e-01
2.60837e+01 -8.00892e-01 1.04826e+00
2.61873e+01 -6.77937e-01 1.34744e+00
2.62768e+01 -5.40785e-01 1.74626e+00
2.63450e+01 -4.07389e-01 2.19163e+00
2.63997e+01 -2.74904e-01 2.67789e+00
2.64512e+01 -1.22065e-01 3.27434e+00
2.65028e+01 6.54377e-02 4.02318e+00
2.65544e+01 2.95108e-01 4.89886e+00
2.65996e+01 5.34193e-01 5.66761e+00
2.66447e+01 8.04282e-01 6.22738e+00
2.66899e+01 1.08960e+00 6.29475e+00
2.67156e+01 1.24837e+00 6.03060e+00
2.67409e+01 1.39507e+00 5.55784e+00
2.67681e+01 1.53713e+00 4.86381e+00
2.67953e+01 1.65867e+00 4.06460e+00
2.68225e+01 1.75812e+00 3.25453e+00
2.68543e+01 1.84756e+00 2.39182e+00
2.68797e+01 1.90077e+00 1.80925e+00
2.69051e+01 1.94052e+00 1.33286e+00
2.69306e+01 1.96944e+00 9.56623e-01
2.69560e+01 1.98993e+00 6.67034e-01
2.69815e+01 2.00398e+00 4.48263e-01
2.70069e+01 2.01321e+00 2.85170e-01
2.70339e+01 2.01911e+00 1.58350e-01
2.70624e+01 2.02218e+00 6.28309e-02
2.70928e+01 2.02295e+00 -8.03165e-03
2.71254e+01 2.02179e+00 -5.96561e-02
2.71608e+01 2.01898e+00 -9.64798e-02
2.71994e+01 2.01471e+00 -1.22132e-01
2.72421e+01 2.00909e+00 -1.39558e-01
2.72899e+01 2.00213e+00 -1.51121e-01
2.73439e+01 1.99374e+00 -1.58687e-01
2.74060e+01 1.98372e+00 -1.63704e-01
2.74789e+01 1.97165e+00 -1.67276e-01
2.75664e+01 1.95687e+00 -1.70251e-01
2.76753e+01 1.93817e+00 -1.73318e-01
2.78169e+01 1.91334e+00 -1.77172e-01
2.80159e+01 1.87752e+00 -1.82901e-01
2.83204e+01 1.82036e+00 -1.92857e-01
2.86249e+01 1.75988e+00 -2.04705e-01
2.89295e+01 1.69543e+00 -2.19115e-01
2.91831e+01 1.63804e+00 -2.33805e-01
2.94368e+01 1.57653e+00 -2.51907e-01
2.96575e+01 1.51884e+00 -2.71546e-01
2.98782e+01 1.45628e+00 -2.96385e-01
3.00989e+01 1.38745e+00 -3.28922e-01
3.02826e+01 1.32388e+00 -3.64911e-01
3.04663e+01 1.25262e+00 -4.13560e-01
3.06500e+01 1.17071e+00 -4.82744e-01
3.08336e+01 1.07311e+00 -5.87824e-01
3.09693e+01 9.85843e-01 -7.06562e-01
3.10819e+01 8.98644e-01 -8.51697e-01
3.11855e+01 8.00892e-01 -1.04826e+00
3.12891e+01 6.77937e-01 -1.34744e+00
3.13786e+01 5.40785e-01 -1.74626e+00
3.14468e+01 4.07389e-01 -2.19163e+00
3.15014e+01 2.74904e-01 -2.67789e+00
3.15530e+01 1.22065e-01 -3.27434e+00
3.16046e+01 -6.54377e-02 -4.02318e+00
3.16561e+01 -2.95108e-01 -4.89886e+00
3.17013e+01 -5.34193e-01 -5.66761e+00
3.17465e+01 -8.04282e-01 -6.22738e+00
3.17917e+01 -1.08960e+00 -6.29475e+00
3.18174e+01 -1.24837e+00 -6.03060e+00
3.18426e+01 -1.39507e+00 -5.55784e+00
3.18698e+01 -1.53713e+00 -4.86381e+00
3.18970e+01 -1.65867e+00 -4.06460e+00
3.19242e+01 -1.75812e+00 -3.25453e+00
3.19560e+01 -1.84756e+00 -2.39182e+00
3.19815e+01 -1.90077e+00 -1.80925e+00
3.20069e+01 -1.94052e+00 -1.33286e+00
3.20323e+01 -1.96944e+00 -9.56623e-01
3.20578e+01 -1.98993e+00 -6.67034e-01
3.20832e+01 -2.00398e+00 -4.48263e-01
3.21087e+01 -2.01321e+00 -2.85170e-01
3.21357e+01 -2.01911e+00 -1.58350e-01
3.21642e+01 -2.02218e+00 -6.28309e-02
3.21946e+01 -2.02295e+00 8.03165e-03
3.22272e+01 -2.02179e+00 5.96561e-02
3.22625e+01 -2.01898e+00 9.64798e-02
3.23012e+01 -2.01471e+00 1.22132e-01
3.23439e+01 -2.00909e+00 1.39558e-01
3.23916e+01 -2.00213e+00 1.51121e-01
3.24457e+01 -1.99374e+00 1.58687e-01
3.25078e+01 -1.98372e+00 1.63704e-01
3.25806e+01 -1.97165e+00 1.67276e-01
3.26682e+01 -1.95687e+00 1.70251e-01
3.27770e+01 -1.93817e+00 1.73318e-01
3.29187e+01 -1.91334e+00 1.77172e-01
3.31177e+01 -1.87752e+00 1.82901e-01
3.34222e+01 -1.82036e+00 1.92857e-01
3.37267e+01 -1.75988e+00 2.04705e-01
3.40312e+01 -1.69543e+00 2.19115e-01
3.42849e+01 -1.63804e+00 2.33805e-01
3.45385e+01 -1.57653e+00 2.51907e-01
3.47593e+01 -1.51884e+00 2.71546e-01
3.49800e+01 -1.45628e+00 2.96385e-01
3.52007e+01 -1.38745e+00 3.28922e-01
3.53844e+01 -1.32388e+00 3.64911e-01
3.55680e+01 -1.25262e+00 4.13560e-01
3.57517e+01 -1.17071e+00 4.82744e-01
3.59354e+01 -1.07311e+00 5.87824e-01
3.60711e+01 -9.85843e-01 7.06562e-01
3.61836e+01 -8.98644e-01 8.51697e-01
3.62872e+01 -8.00892e-01 1.04826e+00
3.63909e+01 -6.77937e-01 1.34744e+00
3.64803e+01 -5.40785e-01 1.74626e+00
3.65485e+01 -4.07389e-01 2.19163e+00
3.66032e+01 -2.74904e-01 2.67789e+00
3.66548e+01 -1.22065e-01 3.27434e+00
3.67063e+01 6.54377e-02 4.02318e+00
3.67579e+01 2.95108e-01 4.89886e+00
3.68031e+01 5.34193e-01 5.66761e+00
3.68483e+01 8.04282e-01 6.22738e+00
3.68935e+01 1.08960e+00 6.29475e+00
3.69191e+01 1.24837e+00 6.03060e+00
3.69444e+01 1.39507e+00 5.55784e+00
3.69716e+01 1.53713e+00 4.86381e+00
3.69988e+01 1.65867e+00 4.06460e+00
3.70260e+01 1.75812e+00 3.25453e+00
3.70578e+01 1.84756e+00 2.39182e+00
3.70832e+01 1.90077e+00 1.80925e+00
3.71087e+01 1.94052e+00 1.33286e+00
3.71341e+01 1.96944e+00 9.56623e-01
3.71595e+01 1.98993e+00 6.67034e-01
3.71850e+01 2.00398e+00 4.48263e-01
3.72104e+01 2.01321e+00 2.85170e-01
3.72375e+01 2.01911e+00 1.58350e-01
3.72660e+01 2.02218e+00 6.28309e-02
3.72963e+01 2.02295e+00 -8.03165e-03
3.73289e+01 2.02179e+00 -5.96561e-02
3.73643e+01 2.01898e+00 -9.64798e-02
3.74030e+01 2.01471e+00 -1.22132e-01
3.74457e+01 2.00909e+00 -1.39558e-01
3.74934e+01 2.00213e+00 -1.51121e-01
3.75474e+01 1.99374e+00 -1.58687e-01
3.76096e+01 1.98372e+00 -1.63704e-01
3.76824e+01 1.97165e+00 -1.67276e-01
3.77700e+01 1.95687e+00 -1.70251e-01
3.78788e+01 1.93817e+00 -1.73318e-01
3.80205e+01 1.91334e+00 -1.77172e-01
3.82195e+01 1.87752e+00 -1.82901e-01
3.85240e+01 1.82036e+00 -1.92857e-01
3.88285e+01 1.75988e+00 -2.04705e-01
3.91330e+01 1.69543e+00 -2.19115e-01
3.93866e+01 1.63804e+00 -2.33805e-01
3.96403e+01 1.57653e+00 -2.51907e-01
3.98610e+01 1.51884e+00 -2.71546e-01
4.00817e+01 1.45628e+00 -2.96385e-01
4.03024e+01 1.38745e+00 -3.28922e-01
4.04861e+01 1.32388e+00 -3.64911e-01
4.06698e+01 1.25262e+00 -4.13560e-01
4.08535e+01 1.17071e+00 -4.82744e-01
4.10372e+01 1.07311e+00 -5.87824e-01
4.11728e+01 9.85843e-01 -7.06562e-01
4.12854e+01 8.98644e-01 -8.51697e-01
4.13890e+01 8.00892e-01 -1.04826e+00
4.14926e+01 6.77937e-01 -1.34744e+00
4.15821e+01 5.40785e-01 -1.74626e+00
4.16503e+01 4.07389e-01 -2.19163e+00
4.17049e+01 2.74904e-01 -2.67789e+00
4.17565e+01 1.22065e-01 -3.27434e+00
4.18081e+01 -6.54377e-02 -4.02318e+00
4.18597e+01 -2.95108e-01 -4.89886e+00
4.19048e+01 -5.34193e-01 -5.66761e+00
4.19500e+01 -8.04282e-01 -6.22738e+00
4.19952e+01 -1.08960e+00 -6.29475e+00
4.20209e+01 -1.24837e+00 -6.03060e+00
4.20462e+01 -1.39507e+00 -5.55784e+00
4.20734e+01 -1.53713e+00 -4.86381e+00
4.21006e+01 -1.65867e+00 -4.06460e+00
4.21277e+01 -1.75812e+00 -3.25453e+00
4.21595e+01 -1.84756e+00 -2.39182e+00
4.21850e+01 -1.90077e+00 -1.80925e+00
4.22104e+01 -1.94052e+00 -1.33286e+00
4.22359e+01 -1.96944e+00 -9.56623e-01
4.22613e+01 -1.98993e+00 -6.67034e-01
4.22868e+01 -2.00398e+00 -4.48263e-01
4.23122e+01 -2.01321e+00 -2.85170e-01
4.23392e+01 -2.01911e+00 -1.58350e-01
4.23677e+01 -2.02218e+00 -6.28309e-02
4.23981e+01 -2.02295e+00 8.03165e-03
4.24307e+01 -2.02179e+00 5.96561e-02
4.24660e+01 -2.01898e+00 9.64798e-02
4.25047e+01 -2.01471e+00 1.22132e-01
4.25474e+01 -2.00909e+00 1.39558e-01
4.25952e+01 -2.00213e+00 1.51121e-01
4.26492e+01 -1.99374e+00 1.58687e-01
4.27113e+01 -1.98372e+00 1.63704e-01
4.27842e+01 -1.97165e+00 1.67276e-01
4.28717e+01 -1.95687e+00 1.70251e-01
4.29805e+01 -1.93817e+00 1.73318e-01
4.31222e+01 -1.91334e+00 1.77172e-01
4.33212e+01 -1.87752e+00 1.82901e-01
4.36257e+01 -1.82036e+00 1.92857e-01
4.39302e+01 -1.75988e+00 2.04705e-01
4.42347e+01 -1.69543e+00 2.19115e-01
4.44884e+01 -1.63804e+00 2.33805e-01
4.47421e+01 -1.57653e+00 2.51907e-01
4.49628e+01 -1.51884e+00 2.71546e-01
4.51835e+01 -1.45628e+00 2.96385e-01
4.54042e+01 -1.38745e+00 3.28922e-01
4.55879e+01 -1.32388e+00 3.64911e-01
4.57716e+01 -1.25262e+00 4.13560e-01
4.59552e+01 -1.17071e+00 4.82744e-01
4.61389e+01 -1.07311e+00 5.87824e-01
4.62746e+01 -9.85843e-01 7.06562e-01
4.63872e+01 -8.98644e-01 8.51697e-01
4.64908e+01 -8.00892e-01 1.04826e+00
4.65944e+01 -6.77937e-01 1.34744e+00
4.66839e+01 -5.40785e-01 1.74626e+00
4.67520e+01 -4.07389e-01 2.19163e+00
4.68067e+01 -2.74904e-01 2.67789e+00
4.68583e+01 -1.22065e-01 3.27434e+00
4.69098e+01 6.54377e-02 4.02318e+00
4.69614e+01 2.95108e-01 4.89886e+00
4.70066e+01 5.34193e-01 5.66761e+00
4.70518e+01 8.04282e-01 6.22738e+00
4.70970e+01 1.08960e+00 6.29475e+00
4.71227e+01 1.24837e+00 6.03060e+00
4.71479e+01 1.39507e+00 5.55784e+00
4.71751e+01 1.53713e+00 4.86381e+00
4.72023e+01 1.65867e+00 4.06460e+00
4.72295e+01 1.75812e+00 3.25453e+00
4.72613e+01 1.84756e+00 2.39182e+00
4.72868e+01 1.90077e+00 1.80925e+00
4.73122e+01 1.94052e+00 1.33286e+00
4.73376e+01 1.96944e+00 9.56623e-01
4.73631e+01 1.98993e+00 6.67034e-01
4.73885e+01 2.00398e+00 4.48263e-01
4.74140e+01 2.01321e+00 2.85170e-01
4.74410e+01 2.01911e+00 1.58350e-01
4.74695e+01 2.02218e+00 6.28309e-02
4.74998e+01 2.02295e+00 -8.03165e-03
4.75325e+01 2.02179e+00 -5.96561e-02
4.75678e+01 2.01898e+00 -9.64798e-02
4.76065e+01 2.01471e+00 -1.22132e-01
4.76492e+01 2.00909e+00 -1.39558e-01
4.76969e+01 2.00213e+00 -1.51121e-01
4.77510e+01 1.99374e+00 -1.58687e-01
4.78131e+01 1.98372e+00 -1.63704e-01
4.78859e+01 1.97165e+00 -1.67276e-01
4.79735e+01 1.95687e+00 -1.70251e-01
4.80823e+01 1.93817e+00 -1.73318e-01
4.82240e+01 1.91334e+00 -1.77172e-01
4.84230e+01 1.87752e+00 -1.82901e-01
4.87275e+01 1.82036e+00 -1.92857e-01
4.90320e+01 1.75988e+00 -2.04705e-01
4.93365e+01 1.69543e+00 -2.19115e-01
4.95902e+01 1.63804e+00 -2.33805e-01
4.98438e+01 1.57653e+00 -2.51907e-01
5.00645e+01 1.51884e+00 -2.71546e-01
5.02853e+01 1.45628e+00 -2.96385e-01
5.05060e+01 1.38745e+00 -3.28922e-01
5.06896e+01 1.32388e+00 -3.64911e-01
5.08733e+01 1.25262e+00 -4.13560e-01
5.10570e+01 1.17071e+00 -4.82744e-01
5.12407e+01 1.07311e+00 -5.87824e-01
5.13764e+01 9.85843e-01 -7.06562e-01
5.14889e+01 8.98644e-01 -8.51697e-01
5.15925e+01 8.00892e-01 -1.04826e+00
5.16961e+01 6.77937e-01 -1.34744e+00
5.17856e+01 5.40785e-01 -1.74626e+00
5.18538e+01 4.07389e-01 -2.19163e+00
5.19085e+01 2.74904e-01 -2.67789e+00
5.19600e+01 1.22065e-01 -3.27434e+00
5.20116e+01 -6.54377e-02 -4.02318e+00
5.20632e+01 -2.95108e-01 -4.89886e+00
5.21084e+01 -5.34193e-01 -5.66761e+00
5.21536e+01 -8.04282e-01 -6.22738e+00
5.21988e+01 -1.08960e+00 -6.29475e+00
5.22244e+01 -1.24837e+00 -6.03060e+00
5.22497e+01 -1.39507e+00 -5.55784e+00
5.22769e+01 -1.53713e+00 -4.86381e+00
5.23041e+01 -1.65867e+00 -4.06460e+00
5.23313e+01 -1.75812e+00 -3.25453e+00
5.23631e+01 -1.84756e+00 -2.39182e+00
5.23885e+01 -1.90077e+00 -1.80925e+00
5.24140e+01 -1.94052e+00 -1.33286e+00
5.24394e+01 -1.96944e+00 -9.56623e-01
5.24648e+01 -1.98993e+00 -6.67034e-01
5.24903e+01 -2.00398e+00 -4.48263e-01
5.25157e+01 -2.01321e+00 -2.85170e-01
5.25427e+01 -2.01911e+00 -1.58350e-01
5.25713e+01 -2.02218e+00 -6.28309e-02
5.26016e+01 -2.02295e+00 8.03165e-03
5.26342e+01 -2.02179e+00 5.96561e-02
5.26696e+01 -2.01898e+00 9.64798e-02
5.27082e+01 -2.01471e+00 1.22132e-01
5.27510e+01 -2.00909e+00 1.39558e-01
5.27987e+01 -2.00213e+00 1.51121e-01
5.28527e+01 -1.99374e+00 1.58687e-01
5.29148e+01 -1.98372e+00 1.63704e-01
5.29877e+01 -1.97165e+00 1.67276e-01
5.30753e+01 -1.95687e+00 1.70251e-01
5.31841e+01 -1.93817e+00 1.73318e-01
5.33258e+01 -1.91334e+00 1.77172e-01
5.35247e+01 -1.87752e+00 1.82901e-01
5.38293e+01 -1.82036e+00 1.92857e-01
5.41338e+01 -1.75988e+00 2.04705e-01
5.44383e+01 -1.69543e+00 2.19115e-01
5.46919e+01 -1.63804e+00 2.33805e-01
5.49456e+01 -1.57653e+00 2.51907e-01
5.51663e+01 -1.51884e+00 2.71546e-01
5.53870e+01 -1.45628e+00 2.96385e-01
5.56077e+01 -1.38745e+00 3.28922e-01
5.57914e+01 -1.32388e+00 3.64911e-01
5.59751e+01 -1.25262e+00 4.13560e-01
5.61588e+01 -1.17071e+00 4.82744e-01
5.63425e+01 -1.07311e+00 5.87824e-01
5.64781e+01 -9.85843e-01 7.06562e-01
5.65907e+01 -8.98644e-01 8.51697e-01
5.66943e+01 -8.00892e-01 1.04826e+00
5.67979e+01 -6.77937e-01 1.34744e+00
5.68874e+01 -5.40785e-01 1.74626e+00
5.69556e+01 -4.07389e-01 2.19163e+00
5.70102e+01 -2.74904e-01 2.67789e+00
5.70618e+01 -1.22065e-01 3.27434e+00
5.71134e+01 6.54377e-02 4.02318e+00
5.71649e+01 2.95108e-01 4.89886e+00
5.72101e+01 5.34193e-01 5.66761e+00
5.72553e+01 8.04282e-01 6.22738e+00
5.73005e+01 1.08960e+00 6.29475e+00
5.73262e+01 1.24837e+00 6.03060e+00
5.73515e+01 1.39507e+00 5.55784e+00
5.73786e+01 1.53713e+00 4.86381e+00
5.74058e+01 1.65867e+00 4.06460e+00
5.74330e+01 1.75812e+00 3.25453e+00
5.74648e+01 1.84756e+00 2.39182e+00
5.74903e+01 1.90077e+00 1.80925e+00
5.75157e+01 1.94052e+00 1.33286e+00
5.75412e+01 1.96944e+00 9.56623e-01
5.75666e+01 1.98993e+00 6.67034e-01
5.75920e+01 2.00398e+00 4.48263e-01
5.76175e+01 2.01321e+00 2.85170e-01
5.76445e+01 2.01911e+00 1.58350e-01
5.76730e+01 2.02218e+00 6.28309e-02
5.77034e+01 2.02295e+00 -8.03165e-03
5.77360e+01 2.02179e+00 -5.96561e-02
5.77713e+01 2.01898e+00 -9.64798e-02
5.78100e+01 2.01471e+00 -1.22132e-01
5.78527e+01 2.00909e+00 -1.39558e-01
5.79005e+01 2.00213e+00 -1.51121e-01
5.79545e+01 1.99374e+00 -1.58687e-01
5.80166e+01 1.98372e+00 -1.63704e-01
5.80894e+01 1.97165e+00 -1.67276e-01
5.81770e+01 1.95687e+00 -1.70251e-01
5.82858e+01 1.93817e+00 -1.73318e-01
5.84275e+01 1.91334e+00 -1.77172e-01
5.86265e+01 1.87752e+00 -1.82901e-01
5.89310e+01 1.82036e+00 -1.92857e-01
5.92355e+01 1.75988e+00 -2.04705e-01
5.95400e+01 1.69543e+00 -2.19115e-01
5.97937e+01 1.63804e+00 -2.33805e-01
6.00474e+01 1.57653e+00 -2.51907e-01
6.02681e+01 1.51884e+00 -2.71546e-01
6.04888e+01 1.45628e+00 -2.96385e-01
6.07095e+01 1.38745e+00 -3.28922e-01
6.08932e+01 1.32388e+00 -3.64911e-01
6.10769e+01 1.25262e+00 -4.13560e-01
6.12605e+01 1.17071e+00 -4.82744e-01
6.14442e+01 1.07311e+00 -5.87824e-01
6.15799e+01 9.85843e-01 -7.06562e-01
6.16925e+01 8.98644e-01 -8.51697e-01
6.17961e+01 8.00892e-01 -1.04826e+00
6.18997e+01 6.77937e-01 -1.34744e+00
6.19891e+01 5.40785e-01 -1.74626e+00
6.20573e+01 4.07389e-01 -2.19163e+00
6.21120e+01 2.74904e-01 -2.67789e+00
6.21636e+01 1.22065e-01 -3.27434e+00
6.22151e+01 -6.54377e-02 -4.02318e+00
6.22667e+01 -2.95108e-01 -4.89886e+00
6.23119e+01 -5.34193e-01 -5.66761e+00
6.23571e+01 -8.04282e-01 -6.22738e+00
6.24023e+01 -1.08960e+00 -6.29475e+00
6.24280e+01 -1.24837e+00 -6.03060e+00
6.24532e+01 -1.39507e+00 -5.55784e+00
6.24804e+01 -1.53713e+00 -4.86381e+00
6.25076e+01 -1.65867e+00 -4.06460e+00
6.25348e+01 -1.75812e+00 -3.25453e+00
6.25666e+01 -1.84756e+00 -2.39182e+00
6.25920e+01 -1.90077e+00 -1.80925e+00
6.26175e+01 -1.94052e+00 -1.33286e+00
6.26429e+01 -1.96944e+00 -9.56623e-01
6.26684e+01 -1.98993e+00 -6.67034e-01
6.26938e+01 -2.00398e+00 -4.48263e-01
6.27192e+01 -2.01321e+00 -2.85170e-01
6.27463e+01 -2.01911e+00 -1.58350e-01
6.27748e+01 -2.02218e+00 -6.28309e-02
6.28051e+01 -2.02295e+00 8.03165e-03
6.28378e+01 -2.02179e+00 5.96561e-02
6.28731e+01 -2.01898e+00 9.64798e-02
6.29118e+01 -2.01471e+00 1.22132e-01
6.29545e+01 -2.00909e+00 1.39558e-01
6.30022e+01 -2.00213e+00 1.51121e-01
6.30562e+01 -1.99374e+00 1.58687e-01
6.31184e+01 -1.98372e+00 1.63704e-01
6.31912e+01 -1.97165e+00 1.67276e-01
6.32788e+01 -1.95687e+00 1.70251e-01
6.33876e+01 -1.93817e+00 1.73318e-01
6.35293e+01 -1.91334e+00 1.77172e-01
6.37283e+01 -1.87752e+00 1.82901e-01
6.40328e+01 -1.82036e+00 1.92857e-01
6.43373e+01 -1.75988e+00 2.04705e-01
6.46418e+01 -1.69543e+00 2.19115e-01
6.48955e+01 -1.63804e+00 2.33805e-01
6.51491e+01 -1.57653e+00 2.51907e-01
6.53698e+01 -1.51884e+00 2.71546e-01
6.55905e+01 -1.45628e+00 2.96385e-01
6.58112e+01 -1.38745e+00 3.28922e-01
6.59949e+01 -1.32388e+00 3.64911e-01
6.61786e+01 -1.25262e+00 4.13560e-01
6.63623e+01 -1.17071e+00 4.82744e-01
6.65460e+01 -1.07311e+00 5.87824e-01
6.66816e+01 -9.85843e-01 7.06562e-01
6.67942e+01 -8.98644e-01 8.51697e-01
6.68978e+01 -8.00892e-01 1.04826e+00
6.70014e+01 -6.77937e-01 1.34744e+00
6.70909e+01 -5.40785e-01 1.74626e+00
6.71591e+01 -4.07389e-01 2.19163e+00
6.72138e+01 -2.74904e-01 2.67789e+00
6.72653e+01 -1.22065e-01 3.27434e+00
6.73169e+01 6.54377e-02 4.02318e+00
6.73685e+01 2.95108e-01 4.89886e+00
6.74137e+01 5.34193e-01 5.66761e+00
6.74589e+01 8.04282e-01 6.22738e+00
6.75040e+01 1.08960e+00 6.29475e+00
6.75297e+01 1.24837e+00 6.03060e+00
6.75550e+01 1.39507e+00 5.55784e+00
6.75822e+01 1.53713e+00 4.86381e+00
6.76094e+01 1.65867e+00 4.06460e+00
6.76366e+01 1.75812e+00 3.25453e+00
6.76684e+01 1.84756e+00 2.39182e+00
6.76938e+01 1.90077e+00 1.80925e+00
6.77192e+01 1.94052e+00 1.33286e+00
6.77447e+01 1.96944e+00 9.56623e-01
6.77701e+01 1.98993e+00 6.67034e-01
6.77956e+01 2.00398e+00 4.48263e-01
6.78210e+01 2.01321e+00 2.85170e-01
6.78480e+01 2.01911e+00 1.58350e-01
6.78765e+01 2.02218e+00 6.28309e-02
6.79069e+01 2.02295e+00 -8.03165e-03
6.79395e+01 2.02179e+00 -5.96561e-02
6.79749e+01 2.01898e+00 -9.64798e-02
6.80135e+01 2.01471e+00 -1.22132e-01
6.80563e+01 2.00909e+00 -1.39558e-01
6.81040e+01 2.00213e+00 -1.51121e-01
6.81580e+01 1.99374e+00 -1.58687e-01
6.82201e+01 1.98372e+00 -1.63704e-01
6.82930e+01 1.97165e+00 -1.67276e-01
6.83805e+01 1.95687e+00 -1.70251e-01
6.84894e+01 1.93817e+00 -1.73318e-01
6.86310e+01 1.91334e+00 -1.77172e-01
6.88300e+01 1.87752e+00 -1.82901e-01
6.91345e+01 1.82036e+00 -1.92857e-01
6.94391e+01 1.75988e+00 -2.04705e-01
6.97436e+01 1.69543e+00 -2.19115e-01
6.99972e+01 1.63804e+00 -2.33805e-01
7.02509e+01 1.57653e+00 -2.51907e-01
7.04716e+01 1.51884e+00 -2.71546e-01
7.06923e+01 1.45628e+00 -2.96385e-01
7.09130e+01 1.38745e+00 -3.28922e-01
7.10967e+01 1.32388e+00 -3.64911e-01
7.12804e+01 1.25262e+00 -4.13560e-01
7.14641e+01 1.17071e+00 -4.82744e-01
7.16478e+01 1.07311e+00 -5.87824e-01
7.17834e+01 9.85843e-01 -7.06562e-01
7.18960e+01 8.98644e-01 -8.51697e-01
7.19996e+01 8.00892e-01 -1.04826e+00
7.21032e+01 6.77937e-01 -1.34744e+00
7.21927e+01 5.40785e-01 -1.74626e+00
7.22609e+01 4.07389e-01 -2.19163e+00
7.23155e+01 2.74904e-01 -2.67789e+00
7.23671e+01 1.22065e-01 -3.27434e+00
7.24187e+01 -6.54377e-02 -4.02318e+00
7.24702e+01 -2.95108e-01 -4.89886e+00
7.25154e+01 -5.34193e-01 -5.66761e+00
7.25606e+01 -8.04282e-01 -6.22738e+00
7.26058e+01 -1.08960e+00 -6.29475e+00
7.26315e+01 -1.24837e+00 -6.03060e+00
7.26567e+01 -1.39507e+00 -5.55784e+00
7.26839e+01 -1.53713e+00 -4.86381e+00
7.27111e+01 -1.65867e+00 -4.06460e+00
7.27383e+01 -1.75812e+00 -3.25453e+00
7.27701e+01 -1.84756e+00 -2.39182e+00
7.27956e+01 -1.90077e+00 -1.80925e+00
7.28210e+01 -1.94052e+00 -1.33286e+00
7.28465e+01 -1.96944e+00 -9.56623e-01
7.28719e+01 -1.98993e+00 -6.67034e-01
7.28973e+01 -2.00398e+00 -4.48263e-01
7.29228e+01 -2.01321e+00 -2.85170e-01
7.29498e+01 -2.01911e+00 -1.58350e-01
7.29783e+01 -2.02218e+00 -6.28309e-02
7.30087e+01 -2.02295e+00 8.03165e-03
7.30413e+01 -2.02179e+00 5.96561e-02
7.30766e+01 -2.01898e+00 9.64798e-02
7.31153e+01 -2.01471e+00 1.22132e-01
7.31580e+01 -2.00909e+00 1.39558e-01
7.32057e+01 -2.00213e+00 1.51121e-01
7.32598e+01 -1.99374e+00 1.58687e-01
7.33219e+01 -1.98372e+00 1.63704e-01
7.33947e+01 -1.97165e+00 1.67276e-01
7.34823e+01 -1.95687e+00 1.70251e-01
7.35911e+01 -1.93817e+00 1.73318e-01
7.37328e+01 -1.91334e+00 1.77172e-01
7.39318e+01 -1.87752e+00 1.82901e-01
7.42363e+01 -1.82036e+00 1.92857e-01
7.45408e+01 -1.75988e+00 2.04705e-01
7.48453e+01 -1.69543e+00 2.19115e-01
7.50990e+01 -1.63804e+00 2.33805e-01
7.53527e+01 -1.57653e+00 2.51907e-01
7.55734e+01 -1.51884e+00 2.71546e-01
7.57941e+01 -1.45628e+00 2.96385e-01
7.60148e+01 -1.38745e+00 3.28922e-01
7.61985e+01 -1.32388e+00 3.64911e-01
7.63821e+01 -1.25262e+00 4.13560e-01
7.65658e+01 -1.17071e+00 4.82744e-01
7.67495e+01 -1.07311e+00 5.87824e-01
7.68852e+01 -9.85843e-01 7.06562e-01
7.69978e+01 -8.98644e-01 8.51697e-01
7.71014e+01 -8.00892e-01 1.04826e+00
7.72050e+01 -6.77937e-01 1.34744e+00
7.72944e+01 -5.40785e-01 1.74626e+00
7.73626e+01 -4.07389e-01 2.19163e+00
7.74173e+01 -2.74904e-01 2.67789e+00
7.74689e+01 -1.22065e-01 3.27434e+00
7.75204e+01 6.54377e-02 4.02318e+00
7.75720e+01 2.95108e-01 4.89886e+00
7.76172e+01 5.34193e-01 5.66761e+00
7.76624e+01 8.04282e-01 6.22738e+00
7.77076e+01 1.08960e+00 6.29475e+00
7.77333e+01 1.24837e+00 6.03060e+00
7.77585e+01 1.39507e+00 5.55784e+00
7.77857e+01 1.53713e+00 4.86381e+00
7.78129e+01 1.65867e+00 4.06460e+00
7.78401e+01 1.75812e+00 3.25453e+00
7.78719e+01 1.84756e+00 2.39182e+00
7.78973e+01 1.90077e+00 1.80925e+00
7.79228e+01 1.94052e+00 1.33286e+00
7.79482e+01 1.96944e+00 9.56623e-01
7.79737e+01 1.98993e+00 6.67034e-01
7.79991e+01 2.00398e+00 4.48263e-01
7.80245e+01 2.01321e+00 2.85170e-01
7.80516e+01 2.01911e+00 1.58350e-01
7.80801e+01 2.02218e+00 6.28309e-02
7.81104e+01 2.02295e+00 -8.03165e-03
7.81430e+01 2.02179e+00 -5.96561e-02
7.81784e+01 2.01898e+00 -9.64798e-02
7.82171e+01 2.01471e+00 -1.22132e-01
7.82598e+01 2.00909e+00 -1.39558e-01
7.83075e+01 2.00213e+00 -1.51121e-01
7.83615e+01 1.99374e+00 -1.58687e-01
7.84237e+01 1.98372e+00 -1.63704e-01
7.84965e+01 1.97165e+00 -1.67276e-01
7.85841e+01 1.95687e+00 -1.70251e-01
7.86929e+01 1.93817e+00 -1.73318e-01
7.88346e+01 1.91334e+00 -1.77172e-01
7.90336e+01 1.87752e+00 -1.82901e-01
7.93381e+01 1.82036e+00 -1.92857e-01
7.96426e+01 1.75988e+00 -2.04705e-01
7.99471e+01 1.69543e+00 -2.19115e-01
8.02008e+01 1.63804e+00 -2.33805e-01
8.04544e+01 1.57653e+00 -2.51907e-01
8.06751e+01 1.51884e+00 -2.71546e-01
8.08958e+01 1.45628e+00 -2.96385e-01
8.11165e+01 1.38745e+00 -3.28922e-01
8.13002e+01 1.32388e+00 -3.64911e-01
8.14839e+01 1.25262e+00 -4.13560e-01
8.16676e+01 1.17071e+00 -4.82744e-01
8.18513e+01 1.07311e+00 -5.87824e-01
8.19869e+01 9.85843e-01 -7.06562e-01
8.20995e+01 8.98644e-01 -8.51697e-01
8.22031e+01 8.00892e-01 -1.04826e+00
8.23067e+01 6.77937e-01 -1.34744e+00
8.23962e+01 5.40785e-01 -1.74626e+00
8.24644e+01 4.07389e-01 -2.19163e+00
8.25191e+01 2.74904e-01 -2.67789e+00
8.25706e+01 1.22065e-01 -3.27434e+00
8.26222e+01 -6.54377e-02 -4.02318e+00
8.26738e+01 -2.95108e-01 -4.89886e+00
8.27189e+01 -5.34193e-01 -5.66761e+00
8.27641e+01 -8.04282e-01 -6.22738e+00
8.28093e+01 -1.08960e+00 -6.29475e+00
8.28350e+01 -1.24837e+00 -6.03060e+00
8.28603e+01 -1.39507e+00 -5.55784e+00
8.28875e+01 -1.53713e+00 -4.86381e+00
8.29147e+01 -1.65867e+00 -4.06460e+00
8.29419e+01 -1.75812e+00 -3.25453e+00
8.29737e+01 -1.84756e+00 -2.39182e+00
8.29991e+01 -1.90077e+00 -1.80925e+00
8.30245e+01 -1.94052e+00 -1.33286e+00
8.30500e+01 -1.96944e+00 -9.56623e-01
8.30754e+01 -1.98993e+00 -6.67034e-01
8.31009e+01 -2.00398e+00 -4.48263e-01
8.31263e+01 -2.01321e+00 -2.85170e-01
8.31533e+01 -2.01911e+00 -1.58350e-01
8.31818e+01 -2.02218e+00 -6.28309e-02
8.32122e+01 -2.02295e+00 8.03165e-03
8.32448e+01 -2.02179e+00 5.96561e-02
8.32802e+01 -2.01898e+00 9.64798e-02
8.33188e+01 -2.01471e+00 1.22132e-01
8.33615e+01 -2.00909e+00 1.39558e-01
8.34093e+01 -2.00213e+00 1.51121e-01
8.34633e+01 -1.99374e+00 1.58687e-01
8.35254e+01 -1.98372e+00 1.63704e-01
8.35983e+01 -1.97165e+00 1.67276e-01
8.36858e+01 -1.95687e+00 1.70251e-01
8.37947e+01 -1.93817e+00 1.73318e-01
8.39363e+01 -1.91334e+00 1.77172e-01
8.41353e+01 -1.87752e+00 1.82901e-01
8.44398e+01 -1.82036e+00 1.92857e-01
8.47443e+01 -1.75988e+00 2.04705e-01
8.50489e+01 -1.69543e+00 2.19115e-01
8.53025e+01 -1.63804e+00 2.33805e-01
8.55562e+01 -1.57653e+00 2.51907e-01
8.57769e+01 -1.51884e+00 2.71546e-01
8.59976e+01 -1.45628e+00 2.96385e-01
8.62183e+01 -1.38745e+00 3.28922e-01
8.64020e+01 -1.32388e+00 3.64911e-01
8.65857e+01 -1.25262e+00 4.13560e-01
8.67694e+01 -1.17071e+00 4.82744e-01
8.69530e+01 -1.07311e+00 5.87824e-01
8.70887e+01 -9.85843e-01 7.06562e-01
8.72013e+01 -8.98644e-01 8.51697e-01
8.73049e+01 -8.00892e-01 1.04826e+00
8.74085e+01 -6.77937e-01 1.34744e+00
8.74980e+01 -5.40785e-01 1.74626e+00
8.75662e+01 -4.07389e-01 2.19163e+00
8.76208e+01 -2.74904e-01 2.67789e+00
8.76724e+01 -1.22065e-01 3.27434e+00
8.77240e+01 6.54377e-02 4.02318e+00
8.77755e+01 2.95108e-01 4.89886e+00
8.78207e+01 5.34193e-01 5.66761e+00
8.78659e+01 8.04282e-01 6.22738e+00
8.79111e+01 1.08960e+00 6.29475e+00
8.79368e+01 1.24837e+00 6.03060e+00
8.79620e+01 1.39507e+00 5.55784e+00
8.79892e+01 1.53713e+00 4.86381e+00
8.80164e+01 1.65867e+00 4.06460e+00
8.80436e+01 1.75812e+00 3.25453e+00
8.80754e+01 1.84756e+00 2.39182e+00
8.81009e+01 1.90077e+00 1.80925e+00
8.81263e+01 1.94052e+00 1.33286e+00
8.81517e+01 1.96944e+00 9.56623e-01
8.81772e+01 1.98993e+00 6.67034e-01
8.82026e+01 2.00398e+00 4.48263e-01
8.82281e+01 2.01321e+00 2.85170e-01
8.82551e+01 2.01911e+00 1.58350e-01
8.82836e+01 2.02218e+00 6.28309e-02
8.83140e+01 2.02295e+00 -8.03165e-03
8.83466e+01 2.02179e+00 -5.96561e-02
8.83819e+01 2.01898e+00 -9.64798e-02
8.84206e+01 2.01471e+00 -1.22132e-01
8.84633e+01 2.00909e+00 -1.39558e-01
8.85110e+01 2.00213e+00 -1.51121e-01
8.85651e+01 1.99374e+00 -1.58687e-01
8.86272e+01 1.98372e+00 -1.63704e-01
8.87000e+01 1.97165e+00 -1.67276e-01
8.87876e+01 1.95687e+00 -1.70251e-01
8.88964e+01 1.93817e+00 -1.73318e-01
8.90381e+01 1.91334e+00 -1.77172e-01
8.92371e+01 1.87752e+00 -1.82901e-01
8.95416e+01 1.82036e+00 -1.92857e-01
8.98461e+01 1.75988e+00 -2.04705e-01
9.01506e+01 1.69543e+00 -2.19115e-01
9.04043e+01 1.63804e+00 -2.33805e-01
9.06579e+01 1.57653e+00 -2.51907e-01
9.08786e+01 1.51884e+00 -2.71546e-01
9.10994e+01 1.45628e+00 -2.96385e-01
9.13201e+01 1.38745e+00 -3.28922e-01
9.15037e+01 1.32388e+00 -3.64911e-01
9.16874e+01 1.25262e+00 -4.13560e-01
9.18711e+01 1.17071e+00 -4.82744e-01
9.20548e+01 1.07311e+00 -5.87824e-01
9.21905e+01 9.85843e-01 -7.06562e-01
9.23030e+01 8.98644e-01 -8.51697e-01
9.24066e+01 8.00892e-01 -1.04826e+00
9.25102e+01 6.77937e-01 -1.34744e+00
9.25997e+01 5.40785e-01 -1.74626e+00
9.26679e+01 4.07389e-01 -2.19163e+00
9.27226e+01 2.74904e-01 -2.67789e+00
9.27741e+01 1.22065e-01 -3.27434e+00
9.28257e+01 -6.54377e-02 -4.02318e+00
9.28773e+01 -2.95108e-01 -4.89886e+00
9.29225e+01 -5.34193e-01 -5.66761e+00
9.29677e+01 -8.04282e-01 -6.22738e+00
9.30129e+01 -1.08960e+00 -6.29475e+00
9.30385e+01 -1.24837e+00 -6.03060e+00
9.30638e+01 -1.39507e+00 -5.55784e+00
9.30910e+01 -1.53713e+00 -4.86381e+00
9.31182e+01 -1.65867e+00 -4.06460e+00
9.31454e+01 -1.75812e+00 -3.25453e+00
9.31772e+01 -1.84756e+00 -2.39182e+00
9.32026e+01 -1.90077e+00 -1.80925e+00
9.32281e+01 -1.94052e+00 -1.33286e+00
9.32535e+01 -1.96944e+00 -9.56623e-01
9.32789e+01 -1.98993e+00 -6.67034e-01
9.33044e+01 -2.00398e+00 -4.48263e-01
9.33298e+01 -2.01321e+00 -2.85170e-01
9.33568e+01 -2.01911e+00 -1.58350e-01
9.33854e+01 -2.02218e+00 -6.28309e-02
9.34157e+01 -2.02295e+00 8.03165e-03
9.34483e+01 -2.02179e+00 5.96561e-02
9.34837e+01 -2.01898e+00 9.64798e-02
9.35223e+01 -2.01471e+00 1.22132e-01
9.35651e+01 -2.00909e+00 1.39558e-01
9.36128e+01 -2.00213e+00 1.51121e-01
9.36668e+01 -1.99374e+00 1.58687e-01
9.37289e+01 -1.98372e+00 1.63704e-01
9.38018e+01 -1.97165e+00 1.67276e-01
9.38894e+01 -1.95687e+00 1.70251e-01
9.39982e+01 -1.93817e+00 1.73318e-01
9.41399e+01 -1.91334e+00 1.77172e-01
9.43389e+01 -1.87752e+00 1.82901e-01
9.46434e+01 -1.82036e+00 1.92857e-01
9.49479e+01 -1.75988e+00 2.04705e-01
9.52524e+01 -1.69543e+00 2.19115e-01
9.55060e+01 -1.63804e+00 2.33805e-01
9.57597e+01 -1.57653e+00 2.51907e-01
9.59804e+01 -1.51884e+00 2.71546e-01
9.62011e+01 -1.45628e+00 2.96385e-01
9.64218e+01 -1.38745e+00 3.28922e-01
9.66055e+01 -1.32388e+00 3.64911e-01
9.67892e+01 -1.25262e+00 4.13560e-01
9.69729e+01 -1.17071e+00 4.82744e-01
9.71566e+01 -1.07311e+00 5.87824e-01
9.72922e+01 -9.85843e-01 7.06562e-01
9.74048e+01 -8.98644e-01 8.51697e-01
9.75084e+01 -8.00892e-01 1.04826e+00
9.76120e+01 -6.77937e-01 1.34744e+00
9.77015e+01 -5.40785e-01 1.74626e+00
9.77697e+01 -4.07389e-01 2.19163e+00
9.78243e+01 -2.74904e-01 2.67789e+00
9.78759e+01 -1.22065e-01 3.27434e+00
9.79275e+01 6.54377e-02 4.02318e+00
9.79790e+01 2.95108e-01 4.89886e+00
9.80242e+01 5.34193e-01 5.66761e+00
9.80694e+01 8.04282e-01 6.22738e+00
9.81146e+01 1.08960e+00 6.29475e+00
9.81403e+01 1.24837e+00 6.03060e+00
9.81656e+01 1.39507e+00 5.55784e+00
9.81928e+01 1.53713e+00 4.86381e+00
9.82199e+01 1.65867e+00 4.06460e+00
9.82471e+01 1.75812e+00 3.25453e+00
9.82789e+01 1.84756e+00 2.39182e+00
9.83044e+01 1.90077e+00 1.80925e+00
9.83298e+01 1.94052e+00 1.33286e+00
9.83553e+01 1.96944e+00 9.56623e-01
9.83807e+01 1.98993e+00 6.67034e-01
9.84061e+01 2.00398e+00 4.48263e-01
9.84316e+01 2.01321e+00 2.85170e-01
9.84586e+01 2.01911e+00 1.58350e-01
9.84871e+01 2.02218e+00 6.28309e-02
9.85175e+01 2.02295e+00 -8.03165e-03
9.85501e+01 2.02179e+00 -5.96561e-02
9.85854e+01 2.01898e+00 -9.64798e-02
9.86241e+01 2.01471e+00 -1.22132e-01
9.86668e+01 2.00909e+00 -1.39558e-01
9.87146e+01 2.00213e+00 -1.51121e-01
9.87686e+01 1.99374e+00 -1.58687e-01
9.88307e+01 1.98372e+00 -1.63704e-01
9.89036e+01 1.97165e+00 -1.67276e-01
9.89911e+01 1.95687e+00 -1.70251e-01
9.90999e+01 1.93817e+00 -1.73318e-01
9.92416e+01 1.91334e+00 -1.77172e-01
9.94406e+01 1.87752e+00 -1.82901e-01
9.97451e+01 1.82036e+00 -1.92857e-01
1.00000e+02 1.76999e+00 -2.02621e-01
