1.00000e-06 1.00000e+00 -1.00000e-06
6.00000e-06 1.00000e+00 -6.00000e-06
3.10000e-05 1.00000e+00 -3.10000e-05
1.56000e-04 1.00000e+00 -1.56000e-04
7.81000e-04 1.00000e+00 -7.81000e-04
3.90600e-03 9.99992e-01 -3.90599e-03
1.95310e-02 9.99809e-01 -1.95304e-02
9.72473e-02 9.95267e-01 -9.74965e-02
2.16642e-01 9.76190e-01 -2.25059e-01
2.98414e-01 9.53593e-01 -3.32062e-01
3.73364e-01 9.24003e-01 -4.65648e-01
4.52234e-01 8.79327e-01 -6.87121e-01
5.12052e-01 8.30368e-01 -9.75437e-01
5.42172e-01 7.97820e-01 -1.19750e+00
5.72568e-01 7.56924e-01 -1.51233e+00
5.98403e-01 7.13217e-01 -1.89285e+00
6.20508e-01 6.66622e-01 -2.34746e+00
6.39622e-01 6.16867e-01 -2.88631e+00
6.56336e-01 5.63577e-01 -3.52103e+00
6.71047e-01 5.06584e-01 -4.26080e+00
6.85758e-01 4.37043e-01 -5.24034e+00
6.96852e-01 3.73810e-01 -6.19559e+00
7.08671e-01 2.93269e-01 -7.48722e+00
7.18241e-01 2.15554e-01 -8.79728e+00
7.28160e-01 1.20319e-01 -1.04635e+01
7.36824e-01 2.22719e-02 -1.22186e+01
7.45488e-01 -9.22847e-02 -1.42756e+01
7.54152e-01 -2.25924e-01 -1.66153e+01
7.62816e-01 -3.80739e-01 -1.91374e+01
7.71013e-01 -5.47321e-01 -2.14795e+01
7.78350e-01 -7.11733e-01 -2.32548e+01
7.85986e-01 -8.94286e-01 -2.44066e+01
7.93623e-01 -1.08170e+00 -2.44697e+01
7.98823e-01 -1.20738e+00 -2.37595e+01
8.03770e-01 -1.32204e+00 -2.25137e+01
8.08990e-01 -1.43497e+00 -2.06744e+01
8.14209e-01 -1.53719e+00 -1.84415e+01
8.19429e-01 -1.62713e+00 -1.59986e+01
8.24649e-01 -1.70417e+00 -1.35286e+01
8.30066e-01 -1.77078e+00 -1.10982e+01
8.34512e-01 -1.81602e+00 -9.28536e+00
8.39028e-01 -1.85418e+00 -7.65063e+00
8.44162e-01 -1.88926e+00 -6.06046e+00
8.49297e-01 -1.91689e+00 -4.74683e+00
8.54431e-01 -1.93843e+00 -3.68384e+00
8.59565e-01 -1.95508e+00 -2.83744e+00
8.64699e-01 -1.96787e+00 -2.17187e+00
8.69833e-01 -1.97764e+00 -1.65352e+00
8.74967e-01 -1.98505e+00 -1.25280e+00
8.80101e-01 -1.99066e+00 -9.44738e-01
8.85235e-01 -1.99488e+00 -7.08930e-01
8.90788e-01 -1.99825e+00 -5.16397e-01
8.96644e-01 -2.00081e+00 -3.66409e-01
9.02853e-01 -2.00271e+00 -2.51272e-01
9.09468e-01 -2.00407e+00 -1.64368e-01
9.16556e-01 -2.00499e+00 -1.00041e-01
9.24197e-01 -2.00557e+00 -5.34927e-02
9.32486e-01 -2.00586e+00 -2.06889e-02
9.41549e-01 -2.00594e+00 1.71703e-03
9.51564e-01 -2.00584e+00 1.64824e-02
9.62679e-01 -2.00560e+00 2.57305e-02
9.75188e-01 -2.00524e+00 3.12291e-02
9.89496e-01 -2.00477e+00 3.42861e-02
1.00619e+00 -2.00418e+00 3.58449e-02
1.02617e+00 -2.00346e+00 3.65575e-02
1.05092e+00 -2.00255e+00 3.68456e-02
1.08311e+00 -2.00136e+00 3.69579e-02
1.12811e+00 -1.99970e+00 3.70238e-02
1.19871e+00 -1.99708e+00 3.71060e-02
1.32498e+00 -1.99239e+00 3.72523e-02
1.50339e+00 -1.98572e+00 3.74626e-02
1.70507e+00 -1.97814e+00 3.77047e-02
1.92048e+00 -1.96999e+00 3.79661e-02
2.19239e+00 -1.95962e+00 3.83073e-02
2.72874e+00 -1.93889e+00 3.90115e-02
3.35588e+00 -1.91415e+00 3.98907e-02
3.98302e+00 -1.88885e+00 4.08364e-02
4.53056e+00 -1.86625e+00 4.17227e-02
5.07810e+00 -1.84315e+00 4.26758e-02
5.62563e+00 -1.81950e+00 4.37034e-02
6.17317e+00 -1.79528e+00 4.48158e-02
6.72071e+00 -1.77041e+00 4.60254e-02
7.19097e+00 -1.74851e+00 4.71518e-02
7.66122e+00 -1.72605e+00 4.83743e-02
8.13148e+00 -1.70300e+00 4.97058e-02
8.60174e+00 -1.67929e+00 5.11636e-02
9.07200e+00 -1.65486e+00 5.27694e-02
9.47185e+00 -1.63346e+00 5.42695e-02
9.87169e+00 -1.61144e+00 5.59184e-02
1.02715e+01 -1.58872e+00 5.77406e-02
1.06714e+01 -1.56524e+00 5.97690e-02
1.10215e+01 -1.54397e+00 6.17463e-02
1.13717e+01 -1.52197e+00 6.39517e-02
1.17218e+01 -1.49916e+00 6.64311e-02
1.20719e+01 -1.47542e+00 6.92466e-02
1.23728e+01 -1.45418e+00 7.19959e-02
1.26737e+01 -1.43205e+00 7.51268e-02
1.29746e+01 -1.40892e+00 7.87343e-02
1.32755e+01 -1.38461e+00 8.29517e-02
1.35763e+01 -1.35892e+00 8.79672e-02
1.38953e+01 -1.32987e+00 9.44813e-02
1.41595e+01 -1.30405e+00 1.01181e-01
1.44238e+01 -1.27624e+00 1.09585e-01
1.46357e+01 -1.25216e+00 1.18096e-01
1.48476e+01 -1.22603e+00 1.28936e-01
1.50218e+01 -1.20261e+00 1.40421e-01
1.51960e+01 -1.17690e+00 1.55429e-01
1.53425e+01 -1.15296e+00 1.72219e-01
1.54890e+01 -1.12615e+00 1.95073e-01
1.56163e+01 -1.09965e+00 2.22940e-01
1.57435e+01 -1.06886e+00 2.63634e-01
1.58708e+01 -1.03155e+00 3.28175e-01
1.59750e+01 -9.93175e-01 4.16409e-01
1.60471e+01 -9.59833e-01 5.14736e-01
1.61118e+01 -9.22451e-01 6.52418e-01
1.61813e+01 -8.69172e-01 9.04045e-01
1.62305e+01 -8.17789e-01 1.21224e+00
1.62578e+01 -7.81426e-01 1.47002e+00
1.62852e+01 -7.36463e-01 1.83386e+00
1.63084e+01 -6.88985e-01 2.27079e+00
1.63284e+01 -6.38622e-01 2.79099e+00
1.63458e+01 -5.85020e-01 3.40508e+00
1.63611e+01 -5.27724e-01 4.12540e+00
1.63748e+01 -4.65803e-01 4.97137e+00
1.63868e+01 -4.00779e-01 5.92685e+00
1.63987e+01 -3.22781e-01 7.15070e+00
1.64085e+01 -2.46564e-01 8.41356e+00
1.64187e+01 -1.53227e-01 1.00273e+01
1.64274e+01 -5.84010e-02 1.17147e+01
1.64362e+01 5.25055e-02 1.37090e+01
1.64449e+01 1.82197e-01 1.60070e+01
1.64537e+01 3.33076e-01 1.85352e+01
1.64631e+01 5.21178e-01 2.12894e+01
1.64704e+01 6.83180e-01 2.31372e+01
1.64781e+01 8.67577e-01 2.44455e+01
1.64858e+01 1.05817e+00 2.46777e+01
1.64909e+01 1.18217e+00 2.41004e+01
1.64959e+01 1.30045e+00 2.29402e+01
1.65006e+01 1.40411e+00 2.13860e+01
1.65053e+01 1.49963e+00 1.94731e+01
1.65100e+01 1.58562e+00 1.73293e+01
1.65148e+01 1.66440e+00 1.49941e+01
1.65197e+01 1.73185e+00 1.26986e+01
1.65257e+01 1.79981e+00 1.00965e+01
1.65305e+01 1.84379e+00 8.25193e+00
1.65353e+01 1.87950e+00 6.65786e+00
1.65401e+01 1.90816e+00 5.31432e+00
1.65449e+01 1.93094e+00 4.20443e+00
1.65497e+01 1.94889e+00 3.30208e+00
1.65545e+01 1.96295e+00 2.57764e+00
1.65593e+01 1.97390e+00 2.00176e+00
1.65641e+01 1.98238e+00 1.54751e+00
1.65689e+01 1.98892e+00 1.19133e+00
1.65740e+01 1.99421e+00 8.98911e-01
1.65793e+01 1.99834e+00 6.66119e-01
1.65849e+01 2.00153e+00 4.82895e-01
1.65908e+01 2.00394e+00 3.40563e-01
1.65971e+01 2.00571e+00 2.31654e-01
1.66038e+01 2.00697e+00 1.49755e-01
1.66109e+01 2.00781e+00 8.93940e-02
1.66187e+01 2.00832e+00 4.59336e-02
1.66271e+01 2.00857e+00 1.54866e-02
1.66363e+01 2.00861e+00 -5.16403e-03
1.66465e+01 2.00848e+00 -1.86473e-02
1.66578e+01 2.00822e+00 -2.70129e-02
1.66706e+01 2.00784e+00 -3.19262e-02
1.66853e+01 2.00735e+00 -3.46150e-02
1.67025e+01 2.00674e+00 -3.59586e-02
1.67232e+01 2.00599e+00 -3.65575e-02
1.67491e+01 2.00504e+00 -3.67944e-02
1.67832e+01 2.00378e+00 -3.68894e-02
1.68317e+01 2.00199e+00 -3.69542e-02
1.69103e+01 1.99908e+00 -3.70443e-02
1.70504e+01 1.99388e+00 -3.72060e-02
1.72353e+01 1.98698e+00 -3.74232e-02
1.74408e+01 1.97926e+00 -3.76689e-02
1.76587e+01 1.97103e+00 -3.79325e-02
1.79299e+01 1.96070e+00 -3.82717e-02
1.84636e+01 1.94009e+00 -3.89701e-02
1.90908e+01 1.91537e+00 -3.98465e-02
1.97180e+01 1.89009e+00 -4.07888e-02
2.02664e+01 1.86748e+00 -4.16732e-02
2.08149e+01 1.84437e+00 -4.26241e-02
2.13633e+01 1.82072e+00 -4.36492e-02
2.19117e+01 1.79648e+00 -4.47589e-02
2.24601e+01 1.77161e+00 -4.59654e-02
2.29311e+01 1.74970e+00 -4.70888e-02
2.34021e+01 1.72724e+00 -4.83078e-02
2.38731e+01 1.70418e+00 -4.96354e-02
2.43441e+01 1.68047e+00 -5.10888e-02
2.48152e+01 1.65603e+00 -5.26894e-02
2.52157e+01 1.63463e+00 -5.41847e-02
2.56162e+01 1.61261e+00 -5.58280e-02
2.60168e+01 1.58989e+00 -5.76438e-02
2.64173e+01 1.56640e+00 -5.96645e-02
2.67681e+01 1.54514e+00 -6.16342e-02
2.71189e+01 1.52314e+00 -6.38305e-02
2.74697e+01 1.50032e+00 -6.62992e-02
2.78205e+01 1.47659e+00 -6.91016e-02
2.81220e+01 1.45535e+00 -7.18378e-02
2.84235e+01 1.43323e+00 -7.49527e-02
2.87250e+01 1.41011e+00 -7.85404e-02
2.90265e+01 1.38581e+00 -8.27326e-02
2.93280e+01 1.36014e+00 -8.77152e-02
2.96484e+01 1.33104e+00 -9.41994e-02
2.99139e+01 1.30517e+00 -1.00870e-01
3.01795e+01 1.27732e+00 -1.09234e-01
3.03923e+01 1.25320e+00 -1.17699e-01
3.06051e+01 1.22706e+00 -1.28475e-01
3.07800e+01 1.20363e+00 -1.39880e-01
3.09549e+01 1.17793e+00 -1.54774e-01
3.11019e+01 1.15401e+00 -1.71414e-01
3.12488e+01 1.12725e+00 -1.94042e-01
3.13764e+01 1.10084e+00 -2.21561e-01
3.15040e+01 1.07019e+00 -2.61664e-01
3.16315e+01 1.03311e+00 -3.25092e-01
3.17373e+01 9.94484e-01 -4.12981e-01
3.18115e+01 9.60422e-01 -5.12805e-01
3.18762e+01 9.23159e-01 -6.49520e-01
3.19374e+01 8.77453e-01 -8.60471e-01
3.19987e+01 8.14459e-01 -1.23448e+00
3.20238e+01 7.80551e-01 -1.47662e+00
3.20513e+01 7.35340e-01 -1.84358e+00
3.20744e+01 6.87803e-01 -2.28234e+00
3.20944e+01 6.37366e-01 -2.80468e+00
3.21117e+01 5.83680e-01 -3.42119e+00
3.21269e+01 5.26288e-01 -4.14424e+00
3.21406e+01 4.64262e-01 -4.99325e+00
3.21525e+01 3.99102e-01 -5.95233e+00
3.21645e+01 3.20949e-01 -7.18033e+00
3.21743e+01 2.44548e-01 -8.44772e+00
3.21841e+01 1.54332e-01 -1.00079e+01
3.21939e+01 4.71525e-02 -1.19167e+01
3.22023e+01 -6.05288e-02 -1.38530e+01
3.22106e+01 -1.85603e-01 -1.60662e+01
3.22190e+01 -3.30161e-01 -1.84886e+01
3.22284e+01 -5.17372e-01 -2.12394e+01
3.22357e+01 -6.78487e-01 -2.30920e+01
3.22434e+01 -8.63183e-01 -2.44258e+01
3.22512e+01 -1.05430e+00 -2.46859e+01
3.22562e+01 -1.17763e+00 -2.41327e+01
3.22613e+01 -1.29654e+00 -2.29888e+01
3.22659e+01 -1.40065e+00 -2.14465e+01
3.22706e+01 -1.49665e+00 -1.95400e+01
3.22753e+01 -1.58312e+00 -1.73974e+01
3.22802e+01 -1.66216e+00 -1.50655e+01
3.22854e+01 -1.73436e+00 -1.26078e+01
3.22914e+01 -1.80189e+00 -1.00121e+01
3.22961e+01 -1.84528e+00 -8.18698e+00
3.23009e+01 -1.88054e+00 -6.61013e+00
3.23057e+01 -1.90886e+00 -5.28089e+00
3.23105e+01 -1.93138e+00 -4.18226e+00
3.23153e+01 -1.94916e+00 -3.28838e+00
3.23200e+01 -1.96309e+00 -2.57006e+00
3.23248e+01 -1.97396e+00 -1.99843e+00
3.23296e+01 -1.98239e+00 -1.54698e+00
3.23344e+01 -1.98890e+00 -1.19255e+00
3.23395e+01 -1.99419e+00 -8.99896e-01
3.23448e+01 -1.99833e+00 -6.66899e-01
3.23504e+01 -2.00152e+00 -4.83505e-01
3.23563e+01 -2.00393e+00 -3.41033e-01
3.23625e+01 -2.00570e+00 -2.32010e-01
3.23692e+01 -2.00696e+00 -1.50021e-01
3.23764e+01 -2.00781e+00 -8.95874e-02
3.23841e+01 -2.00832e+00 -4.60710e-02
3.23925e+01 -2.00857e+00 -1.55813e-02
3.24017e+01 -2.00861e+00 5.10103e-03
3.24119e+01 -2.00848e+00 1.86074e-02
3.24232e+01 -2.00822e+00 2.69888e-02
3.24360e+01 -2.00784e+00 3.19126e-02
3.24507e+01 -2.00735e+00 3.46079e-02
3.24679e+01 -2.00674e+00 3.59552e-02
3.24886e+01 -2.00599e+00 3.65561e-02
3.25145e+01 -2.00504e+00 3.67939e-02
3.25485e+01 -2.00379e+00 3.68892e-02
3.25970e+01 -2.00199e+00 3.69539e-02
3.26754e+01 -1.99910e+00 3.70439e-02
3.28152e+01 -1.99390e+00 3.72052e-02
3.30001e+01 -1.98701e+00 3.74223e-02
3.32055e+01 -1.97929e+00 3.76680e-02
3.34234e+01 -1.97106e+00 3.79314e-02
3.36946e+01 -1.96073e+00 3.82706e-02
3.42283e+01 -1.94012e+00 3.89691e-02
3.48556e+01 -1.91540e+00 3.98454e-02
3.54828e+01 -1.89012e+00 4.07877e-02
3.60313e+01 -1.86751e+00 4.16720e-02
3.65797e+01 -1.84440e+00 4.26229e-02
3.71281e+01 -1.82075e+00 4.36480e-02
3.76766e+01 -1.79651e+00 4.47575e-02
3.82250e+01 -1.77164e+00 4.59640e-02
3.86960e+01 -1.74973e+00 4.70873e-02
3.91671e+01 -1.72727e+00 4.83063e-02
3.96381e+01 -1.70421e+00 4.96338e-02
4.01091e+01 -1.68049e+00 5.10871e-02
4.05801e+01 -1.65606e+00 5.26876e-02
4.09807e+01 -1.63466e+00 5.41828e-02
4.13812e+01 -1.61263e+00 5.58260e-02
4.17818e+01 -1.58992e+00 5.76415e-02
4.21824e+01 -1.56643e+00 5.96621e-02
4.25332e+01 -1.54516e+00 6.16316e-02
4.28840e+01 -1.52317e+00 6.38278e-02
4.32348e+01 -1.50035e+00 6.62962e-02
4.35856e+01 -1.47661e+00 6.90983e-02
4.38871e+01 -1.45538e+00 7.18341e-02
4.41886e+01 -1.43326e+00 7.49487e-02
4.44901e+01 -1.41013e+00 7.85359e-02
4.47916e+01 -1.38584e+00 8.27276e-02
4.50932e+01 -1.36017e+00 8.77094e-02
4.54136e+01 -1.33106e+00 9.41929e-02
4.56792e+01 -1.30519e+00 1.00863e-01
4.59447e+01 -1.27734e+00 1.09226e-01
4.61576e+01 -1.25323e+00 1.17690e-01
4.63704e+01 -1.22708e+00 1.28464e-01
4.65453e+01 -1.20366e+00 1.39867e-01
4.67202e+01 -1.17795e+00 1.54758e-01
4.68672e+01 -1.15404e+00 1.71396e-01
4.70142e+01 -1.12727e+00 1.94018e-01
4.71418e+01 -1.10087e+00 2.21529e-01
4.72693e+01 -1.07022e+00 2.61619e-01
4.73969e+01 -1.03314e+00 3.25021e-01
4.75027e+01 -9.94523e-01 4.12881e-01
4.75769e+01 -9.60460e-01 5.12682e-01
4.76416e+01 -9.23203e-01 6.49341e-01
4.77029e+01 -8.77512e-01 8.60167e-01
4.77641e+01 -8.14545e-01 1.23390e+00
4.77892e+01 -7.80689e-01 1.47558e+00
4.78167e+01 -7.35484e-01 1.84233e+00
4.78399e+01 -6.87956e-01 2.28084e+00
4.78598e+01 -6.37528e-01 2.80290e+00
4.78771e+01 -5.83854e-01 3.41910e+00
4.78924e+01 -5.26474e-01 4.14180e+00
4.79060e+01 -4.64462e-01 4.99042e+00
4.79180e+01 -3.99319e-01 5.94903e+00
4.79299e+01 -3.21186e-01 7.17650e+00
4.79397e+01 -2.44809e-01 8.44330e+00
4.79495e+01 -1.54620e-01 1.00028e+01
4.79593e+01 -4.74697e-02 1.19110e+01
4.79677e+01 6.01591e-02 1.38463e+01
4.79761e+01 1.85173e-01 1.60588e+01
4.79845e+01 3.29665e-01 1.84806e+01
4.79939e+01 5.16658e-01 2.12300e+01
4.80011e+01 6.77649e-01 2.30839e+01
4.80089e+01 8.62400e-01 2.44222e+01
4.80166e+01 1.05362e+00 2.46873e+01
4.80217e+01 1.17680e+00 2.41385e+01
4.80267e+01 1.29583e+00 2.29975e+01
4.80314e+01 1.40003e+00 2.14573e+01
4.80361e+01 1.49611e+00 1.95521e+01
4.80408e+01 1.58267e+00 1.74097e+01
4.80456e+01 1.66176e+00 1.50784e+01
4.80508e+01 1.73398e+00 1.26215e+01
4.80568e+01 1.80147e+00 1.00290e+01
4.80616e+01 1.84500e+00 8.19918e+00
4.80664e+01 1.88036e+00 6.61835e+00
4.80712e+01 1.90875e+00 5.28592e+00
4.80760e+01 1.93133e+00 4.18489e+00
4.80807e+01 1.94914e+00 3.28930e+00
4.80855e+01 1.96310e+00 2.56983e+00
4.80903e+01 1.97398e+00 1.99748e+00
4.80951e+01 1.98241e+00 1.54563e+00
4.80999e+01 1.98893e+00 1.19103e+00
4.81050e+01 1.99421e+00 8.98674e-01
4.81103e+01 1.99835e+00 6.65932e-01
4.81159e+01 2.00153e+00 4.82749e-01
4.81218e+01 2.00394e+00 3.40450e-01
4.81281e+01 2.00571e+00 2.31568e-01
4.81347e+01 2.00697e+00 1.49691e-01
4.81419e+01 2.00781e+00 8.93475e-02
4.81496e+01 2.00832e+00 4.59006e-02
4.81581e+01 2.00857e+00 1.54638e-02
4.81673e+01 2.00861e+00 -5.17914e-03
4.81774e+01 2.00848e+00 -1.86569e-02
4.81888e+01 2.00822e+00 -2.70187e-02
4.82016e+01 2.00784e+00 -3.19295e-02
4.82162e+01 2.00735e+00 -3.46167e-02
4.82335e+01 2.00674e+00 -3.59594e-02
4.82542e+01 2.00599e+00 -3.65579e-02
4.82801e+01 2.00503e+00 -3.67945e-02
4.83142e+01 2.00378e+00 -3.68895e-02
4.83628e+01 2.00198e+00 -3.69542e-02
4.84413e+01 1.99908e+00 -3.70444e-02
4.85815e+01 1.99387e+00 -3.72061e-02
4.87665e+01 1.98697e+00 -3.74234e-02
4.89720e+01 1.97926e+00 -3.76692e-02
4.91899e+01 1.97102e+00 -3.79327e-02
4.94611e+01 1.96069e+00 -3.82719e-02
4.99947e+01 1.94008e+00 -3.89704e-02
5.06220e+01 1.91537e+00 -3.98467e-02
5.12492e+01 1.89008e+00 -4.07890e-02
5.17976e+01 1.86748e+00 -4.16734e-02
5.23460e+01 1.84436e+00 -4.26243e-02
5.28944e+01 1.82071e+00 -4.36495e-02
5.34428e+01 1.79648e+00 -4.47592e-02
5.39912e+01 1.77160e+00 -4.59657e-02
5.44622e+01 1.74970e+00 -4.70891e-02
5.49332e+01 1.72723e+00 -4.83082e-02
5.54043e+01 1.70417e+00 -4.96358e-02
5.58753e+01 1.68046e+00 -5.10892e-02
5.63463e+01 1.65603e+00 -5.26899e-02
5.67468e+01 1.63463e+00 -5.41852e-02
5.71473e+01 1.61260e+00 -5.58285e-02
5.75479e+01 1.58988e+00 -5.76443e-02
5.79484e+01 1.56640e+00 -5.96651e-02
5.82992e+01 1.54513e+00 -6.16348e-02
5.86500e+01 1.52313e+00 -6.38312e-02
5.90008e+01 1.50032e+00 -6.62999e-02
5.93515e+01 1.47658e+00 -6.91024e-02
5.96530e+01 1.45534e+00 -7.18386e-02
5.99545e+01 1.43323e+00 -7.49537e-02
6.02560e+01 1.41010e+00 -7.85415e-02
6.05575e+01 1.38581e+00 -8.27338e-02
6.08590e+01 1.36013e+00 -8.77166e-02
6.11794e+01 1.33103e+00 -9.42010e-02
6.14450e+01 1.30516e+00 -1.00871e-01
6.17105e+01 1.27731e+00 -1.09236e-01
6.19233e+01 1.25320e+00 -1.17701e-01
6.21361e+01 1.22705e+00 -1.28477e-01
6.23110e+01 1.20363e+00 -1.39883e-01
6.24859e+01 1.17792e+00 -1.54777e-01
6.26329e+01 1.15401e+00 -1.71419e-01
6.27798e+01 1.12724e+00 -1.94047e-01
6.29074e+01 1.10083e+00 -2.21568e-01
6.30350e+01 1.07019e+00 -2.61675e-01
6.31625e+01 1.03310e+00 -3.25109e-01
6.32683e+01 9.94475e-01 -4.13005e-01
6.33425e+01 9.60413e-01 -5.12835e-01
6.34072e+01 9.23149e-01 -6.49562e-01
6.34684e+01 8.77438e-01 -8.60545e-01
6.35297e+01 8.14438e-01 -1.23462e+00
6.35548e+01 7.80518e-01 -1.47687e+00
6.35822e+01 7.35305e-01 -1.84388e+00
6.36054e+01 6.87766e-01 -2.28270e+00
6.36254e+01 6.37327e-01 -2.80510e+00
6.36427e+01 5.83639e-01 -3.42169e+00
6.36579e+01 5.26244e-01 -4.14482e+00
6.36716e+01 4.64215e-01 -4.99393e+00
6.36835e+01 3.99050e-01 -5.95312e+00
6.36955e+01 3.20892e-01 -7.18125e+00
6.37053e+01 2.44486e-01 -8.44878e+00
6.37151e+01 1.54264e-01 -1.00091e+01
6.37249e+01 4.70765e-02 -1.19181e+01
6.37332e+01 -6.06174e-02 -1.38545e+01
6.37416e+01 -1.85706e-01 -1.60680e+01
6.37500e+01 -3.30280e-01 -1.84905e+01
6.37594e+01 -5.17543e-01 -2.12417e+01
6.37667e+01 -6.78688e-01 -2.30940e+01
6.37744e+01 -8.63370e-01 -2.44266e+01
6.37822e+01 -1.05447e+00 -2.46855e+01
6.37872e+01 -1.17782e+00 -2.41313e+01
6.37922e+01 -1.29671e+00 -2.29867e+01
6.37969e+01 -1.40080e+00 -2.14439e+01
6.38016e+01 -1.49678e+00 -1.95371e+01
6.38063e+01 -1.58323e+00 -1.73945e+01
6.38111e+01 -1.66226e+00 -1.50624e+01
6.38164e+01 -1.73445e+00 -1.26045e+01
6.38224e+01 -1.80199e+00 -1.00081e+01
6.38271e+01 -1.84535e+00 -8.18405e+00
6.38319e+01 -1.88058e+00 -6.60816e+00
6.38367e+01 -1.90888e+00 -5.27968e+00
6.38415e+01 -1.93140e+00 -4.18163e+00
6.38462e+01 -1.94916e+00 -3.28816e+00
6.38510e+01 -1.96309e+00 -2.57011e+00
6.38558e+01 -1.97395e+00 -1.99865e+00
6.38606e+01 -1.98238e+00 -1.54730e+00
6.38654e+01 -1.98889e+00 -1.19292e+00
6.38704e+01 -1.99419e+00 -9.00187e-01
6.38758e+01 -1.99833e+00 -6.67129e-01
6.38813e+01 -2.00152e+00 -4.83685e-01
6.38872e+01 -2.00393e+00 -3.41172e-01
6.38935e+01 -2.00570e+00 -2.32116e-01
6.39002e+01 -2.00696e+00 -1.50099e-01
6.39074e+01 -2.00781e+00 -8.96446e-02
6.39151e+01 -2.00832e+00 -4.61116e-02
6.39235e+01 -2.00857e+00 -1.56093e-02
6.39327e+01 -2.00861e+00 5.08241e-03
6.39429e+01 -2.00848e+00 1.85956e-02
6.39542e+01 -2.00822e+00 2.69817e-02
6.39670e+01 -2.00784e+00 3.19085e-02
6.39816e+01 -2.00735e+00 3.46058e-02
6.39988e+01 -2.00674e+00 3.59542e-02
6.40195e+01 -2.00599e+00 3.65557e-02
6.40454e+01 -2.00504e+00 3.67937e-02
6.40794e+01 -2.00379e+00 3.68891e-02
6.41279e+01 -2.00200e+00 3.69538e-02
6.42062e+01 -1.99910e+00 3.70437e-02
6.43460e+01 -1.99391e+00 3.72050e-02
6.45308e+01 -1.98701e+00 3.74220e-02
6.47362e+01 -1.97930e+00 3.76677e-02
6.49541e+01 -1.97107e+00 3.79311e-02
6.52253e+01 -1.96074e+00 3.82703e-02
6.57591e+01 -1.94012e+00 3.89688e-02
6.63863e+01 -1.91541e+00 3.98451e-02
6.70136e+01 -1.89013e+00 4.07874e-02
6.75620e+01 -1.86752e+00 4.16717e-02
6.81105e+01 -1.84441e+00 4.26225e-02
6.86589e+01 -1.82076e+00 4.36476e-02
6.92074e+01 -1.79652e+00 4.47572e-02
6.97558e+01 -1.77165e+00 4.59636e-02
7.02268e+01 -1.74974e+00 4.70869e-02
7.06979e+01 -1.72728e+00 4.83059e-02
7.11689e+01 -1.70422e+00 4.96333e-02
7.16399e+01 -1.68050e+00 5.10866e-02
7.21109e+01 -1.65607e+00 5.26871e-02
7.25115e+01 -1.63467e+00 5.41822e-02
7.29121e+01 -1.61264e+00 5.58253e-02
7.33126e+01 -1.58992e+00 5.76409e-02
7.37132e+01 -1.56644e+00 5.96614e-02
7.40640e+01 -1.54517e+00 6.16309e-02
7.44148e+01 -1.52317e+00 6.38269e-02
7.47656e+01 -1.50036e+00 6.62953e-02
7.51164e+01 -1.47662e+00 6.90973e-02
7.54180e+01 -1.45538e+00 7.18331e-02
7.57195e+01 -1.43327e+00 7.49476e-02
7.60210e+01 -1.41014e+00 7.85346e-02
7.63225e+01 -1.38585e+00 8.27261e-02
7.66240e+01 -1.36018e+00 8.77077e-02
7.69445e+01 -1.33107e+00 9.41910e-02
7.72101e+01 -1.30520e+00 1.00860e-01
7.74756e+01 -1.27735e+00 1.09224e-01
7.76885e+01 -1.25324e+00 1.17687e-01
7.79013e+01 -1.22709e+00 1.28461e-01
7.80762e+01 -1.20366e+00 1.39864e-01
7.82511e+01 -1.17796e+00 1.54754e-01
7.83981e+01 -1.15405e+00 1.71390e-01
7.85451e+01 -1.12728e+00 1.94011e-01
7.86727e+01 -1.10088e+00 2.21520e-01
7.88003e+01 -1.07023e+00 2.61606e-01
7.89279e+01 -1.03315e+00 3.25001e-01
7.90336e+01 -9.94534e-01 4.12851e-01
7.91078e+01 -9.60471e-01 5.12646e-01
7.91725e+01 -9.23216e-01 6.49288e-01
7.92338e+01 -8.77529e-01 8.60077e-01
7.92951e+01 -8.14571e-01 1.23373e+00
7.93202e+01 -7.80730e-01 1.47528e+00
7.93476e+01 -7.35526e-01 1.84196e+00
7.93708e+01 -6.88001e-01 2.28040e+00
7.93908e+01 -6.37576e-01 2.80238e+00
7.94081e+01 -5.83905e-01 3.41848e+00
7.94233e+01 -5.26529e-01 4.14108e+00
7.94370e+01 -4.64520e-01 4.98958e+00
7.94489e+01 -3.99383e-01 5.94806e+00
7.94609e+01 -3.21256e-01 7.17537e+00
7.94707e+01 -2.44886e-01 8.44199e+00
7.94805e+01 -1.54705e-01 1.00013e+01
7.94903e+01 -4.75635e-02 1.19093e+01
7.94987e+01 6.00498e-02 1.38444e+01
7.95071e+01 1.85046e-01 1.60566e+01
7.95154e+01 3.29519e-01 1.84783e+01
7.95248e+01 5.16448e-01 2.12272e+01
7.95321e+01 6.77402e-01 2.30815e+01
7.95399e+01 8.62168e-01 2.44211e+01
7.95476e+01 1.05341e+00 2.46877e+01
7.95526e+01 1.17656e+00 2.41402e+01
7.95577e+01 1.29562e+00 2.30000e+01
7.95624e+01 1.39984e+00 2.14605e+01
7.95670e+01 1.49595e+00 1.95556e+01
7.95717e+01 1.58254e+00 1.74133e+01
7.95766e+01 1.66164e+00 1.50822e+01
7.95818e+01 1.73386e+00 1.26256e+01
7.95878e+01 1.80135e+00 1.00340e+01
7.95926e+01 1.84492e+00 8.20279e+00
7.95974e+01 1.88031e+00 6.62077e+00
7.96021e+01 1.90872e+00 5.28740e+00
7.96069e+01 1.93131e+00 4.18566e+00
7.96117e+01 1.94914e+00 3.28956e+00
7.96165e+01 1.96310e+00 2.56976e+00
7.96213e+01 1.97398e+00 1.99719e+00
7.96261e+01 1.98242e+00 1.54523e+00
7.96309e+01 1.98894e+00 1.19057e+00
7.96360e+01 1.99422e+00 8.98311e-01
7.96413e+01 1.99835e+00 6.65644e-01
7.96469e+01 2.00154e+00 4.82524e-01
7.96528e+01 2.00394e+00 3.40277e-01
7.96590e+01 2.00571e+00 2.31436e-01
7.96657e+01 2.00697e+00 1.49593e-01
7.96729e+01 2.00781e+00 8.92762e-02
7.96806e+01 2.00832e+00 4.58499e-02
7.96890e+01 2.00857e+00 1.54289e-02
7.96982e+01 2.00861e+00 -5.20237e-03
7.97084e+01 2.00848e+00 -1.86716e-02
7.97198e+01 2.00822e+00 -2.70276e-02
7.97326e+01 2.00784e+00 -3.19345e-02
7.97472e+01 2.00735e+00 -3.46194e-02
7.97645e+01 2.00674e+00 -3.59606e-02
7.97852e+01 2.00598e+00 -3.65584e-02
7.98111e+01 2.00503e+00 -3.67947e-02
7.98452e+01 2.00378e+00 -3.68896e-02
7.98938e+01 2.00198e+00 -3.69543e-02
7.99725e+01 1.99907e+00 -3.70446e-02
8.01127e+01 1.99386e+00 -3.72064e-02
8.02978e+01 1.98696e+00 -3.74237e-02
8.05033e+01 1.97924e+00 -3.76695e-02
8.07212e+01 1.97101e+00 -3.79331e-02
8.09923e+01 1.96068e+00 -3.82723e-02
8.15260e+01 1.94007e+00 -3.89708e-02
8.21532e+01 1.91535e+00 -3.98471e-02
8.27804e+01 1.89007e+00 -4.07894e-02
8.33288e+01 1.86747e+00 -4.16738e-02
8.38772e+01 1.84435e+00 -4.26248e-02
8.44256e+01 1.82070e+00 -4.36500e-02
8.49740e+01 1.79647e+00 -4.47597e-02
8.55224e+01 1.77159e+00 -4.59662e-02
8.59934e+01 1.74968e+00 -4.70897e-02
8.64644e+01 1.72722e+00 -4.83088e-02
8.69354e+01 1.70416e+00 -4.96364e-02
8.74064e+01 1.68045e+00 -5.10899e-02
8.78774e+01 1.65602e+00 -5.26906e-02
8.82780e+01 1.63462e+00 -5.41859e-02
8.86785e+01 1.61259e+00 -5.58293e-02
8.90790e+01 1.58987e+00 -5.76451e-02
8.94796e+01 1.56639e+00 -5.96660e-02
8.98303e+01 1.54512e+00 -6.16358e-02
9.01811e+01 1.52312e+00 -6.38323e-02
9.05319e+01 1.50031e+00 -6.63011e-02
9.08827e+01 1.47657e+00 -6.91037e-02
9.11842e+01 1.45533e+00 -7.18400e-02
9.14857e+01 1.43321e+00 -7.49552e-02
9.17871e+01 1.41009e+00 -7.85431e-02
9.20886e+01 1.38580e+00 -8.27357e-02
9.23901e+01 1.36012e+00 -8.77188e-02
9.27105e+01 1.33102e+00 -9.42034e-02
9.29760e+01 1.30515e+00 -1.00874e-01
9.32416e+01 1.27730e+00 -1.09239e-01
9.34544e+01 1.25319e+00 -1.17704e-01
9.36671e+01 1.22704e+00 -1.28481e-01
9.38420e+01 1.20362e+00 -1.39887e-01
9.40169e+01 1.17791e+00 -1.54783e-01
9.41639e+01 1.15400e+00 -1.71426e-01
9.43109e+01 1.12723e+00 -1.94056e-01
9.44384e+01 1.10082e+00 -2.21580e-01
9.45660e+01 1.07017e+00 -2.61691e-01
9.46936e+01 1.03309e+00 -3.25135e-01
9.47993e+01 9.94461e-01 -4.13042e-01
9.48735e+01 9.60399e-01 -5.12881e-01
9.49382e+01 9.23133e-01 -6.49629e-01
9.49994e+01 8.77417e-01 -8.60657e-01
9.50607e+01 8.14406e-01 -1.23483e+00
9.50858e+01 7.80467e-01 -1.47726e+00
9.51132e+01 7.35252e-01 -1.84434e+00
9.51364e+01 6.87710e-01 -2.28325e+00
9.51564e+01 6.37267e-01 -2.80575e+00
9.51737e+01 5.83575e-01 -3.42245e+00
9.51889e+01 5.26176e-01 -4.14572e+00
9.52025e+01 4.64141e-01 -4.99497e+00
9.52145e+01 3.98970e-01 -5.95434e+00
9.52264e+01 3.20805e-01 -7.18267e+00
9.52362e+01 2.44390e-01 -8.45041e+00
9.52460e+01 1.54158e-01 -1.00110e+01
9.52559e+01 4.69596e-02 -1.19202e+01
9.52642e+01 -6.07537e-02 -1.38570e+01
9.52726e+01 -1.85864e-01 -1.60708e+01
9.52810e+01 -3.30463e-01 -1.84934e+01
9.52904e+01 -5.17806e-01 -2.12451e+01
9.52977e+01 -6.79953e-01 -2.31062e+01
9.53054e+01 -8.64548e-01 -2.44319e+01
9.53132e+01 -1.05550e+00 -2.46834e+01
9.53182e+01 -1.17905e+00 -2.41227e+01
9.53233e+01 -1.29776e+00 -2.29737e+01
9.53279e+01 -1.40173e+00 -2.14277e+01
9.53326e+01 -1.49758e+00 -1.95192e+01
9.53373e+01 -1.58390e+00 -1.73763e+01
9.53422e+01 -1.66286e+00 -1.50433e+01
9.53470e+01 -1.73050e+00 -1.27473e+01
9.53530e+01 -1.79832e+00 -1.01565e+01
9.53577e+01 -1.84223e+00 -8.31923e+00
9.53625e+01 -1.87797e+00 -6.72777e+00
9.53673e+01 -1.90672e+00 -5.38307e+00
9.53720e+01 -1.92963e+00 -4.26933e+00
9.53768e+01 -1.94772e+00 -3.36144e+00
9.53815e+01 -1.96193e+00 -2.63062e+00
9.53863e+01 -1.97302e+00 -2.04812e+00
9.53911e+01 -1.98164e+00 -1.58744e+00
9.53958e+01 -1.98830e+00 -1.22529e+00
9.54009e+01 -1.99372e+00 -9.26100e-01
9.54062e+01 -1.99796e+00 -6.87654e-01
9.54118e+01 -2.00124e+00 -4.99746e-01
9.54176e+01 -2.00372e+00 -3.53565e-01
9.54239e+01 -2.00555e+00 -2.41525e-01
9.54305e+01 -2.00686e+00 -1.57112e-01
9.54376e+01 -2.00774e+00 -9.47596e-02
9.54453e+01 -2.00828e+00 -4.97496e-02
9.54536e+01 -2.00856e+00 -1.81212e-02
9.54627e+01 -2.00861e+00 3.40804e-03
9.54728e+01 -2.00850e+00 1.75318e-02
9.54840e+01 -2.00825e+00 2.63376e-02
9.54966e+01 -2.00788e+00 3.15421e-02
9.55111e+01 -2.00740e+00 3.44134e-02
9.55280e+01 -2.00681e+00 3.58632e-02
9.55483e+01 -2.00607e+00 3.65177e-02
9.55736e+01 -2.00515e+00 3.67793e-02
9.56066e+01 -2.00393e+00 3.68823e-02
9.56532e+01 -2.00221e+00 3.69471e-02
9.57274e+01 -1.99946e+00 3.70325e-02
9.58605e+01 -1.99452e+00 3.71858e-02
9.60423e+01 -1.98774e+00 3.73989e-02
9.62461e+01 -1.98010e+00 3.76421e-02
9.64630e+01 -1.97191e+00 3.79039e-02
9.67347e+01 -1.96156e+00 3.82430e-02
9.72702e+01 -1.94090e+00 3.89422e-02
9.78984e+01 -1.91616e+00 3.98177e-02
9.85265e+01 -1.89086e+00 4.07593e-02
9.90754e+01 -1.86825e+00 4.16423e-02
9.96243e+01 -1.84514e+00 4.25918e-02
1.00000e+02 -1.82901e+00 4.32818e-02
