1.00000e-06 1.00000e+00 -1.00000e-06
6.00000e-06 1.00000e+00 -6.00000e-06
3.10000e-05 1.00000e+00 -3.10000e-05
1.56000e-04 1.00000e+00 -1.56000e-04
7.81000e-04 1.00000e+00 -7.81000e-04
3.90600e-03 9.99992e-01 -3.90599e-03
1.95310e-02 9.99809e-01 -1.95304e-02
9.76560e-02 9.95228e-01 -9.78873e-02
2.18405e-01 9.75818e-01 -2.26519e-01
3.02172e-01 9.52474e-01 -3.35274e-01
3.78601e-01 9.22012e-01 -4.69890e-01
4.58979e-01 8.76121e-01 -6.91675e-01
5.22692e-01 8.23264e-01 -9.95528e-01
5.51917e-01 7.91208e-01 -1.20893e+00
5.83208e-01 7.48699e-01 -1.52718e+00
6.09747e-01 7.03369e-01 -1.91074e+00
6.32476e-01 6.55014e-01 -2.36887e+00
6.52146e-01 6.03350e-01 -2.91167e+00
6.69366e-01 5.47973e-01 -3.55080e+00
6.84546e-01 4.88674e-01 -4.29564e+00
6.99726e-01 4.16353e-01 -5.27969e+00
7.11259e-01 3.50104e-01 -6.24454e+00
7.23508e-01 2.65999e-01 -7.54159e+00
7.33518e-01 1.84104e-01 -8.86478e+00
7.43528e-01 8.75619e-02 -1.04758e+01
7.53538e-01 -2.67238e-02 -1.24151e+01
7.63548e-01 -1.62127e-01 -1.46920e+01
7.73558e-01 -3.21780e-01 -1.72390e+01
7.83569e-01 -5.07462e-01 -1.98398e+01
7.91302e-01 -6.68003e-01 -2.16158e+01
7.99687e-01 -8.55359e-01 -2.29373e+01
8.08071e-01 -1.04973e+00 -2.32251e+01
8.13417e-01 -1.17281e+00 -2.27250e+01
8.18835e-01 -1.29326e+00 -2.16503e+01
8.23859e-01 -1.39854e+00 -2.01896e+01
8.28883e-01 -1.49555e+00 -1.83770e+01
8.33908e-01 -1.58282e+00 -1.63370e+01
8.39143e-01 -1.66254e+00 -1.41146e+01
8.44378e-01 -1.73067e+00 -1.19296e+01
8.50803e-01 -1.79921e+00 -9.45361e+00
8.55948e-01 -1.84326e+00 -7.70889e+00
8.61094e-01 -1.87895e+00 -6.20437e+00
8.66239e-01 -1.90752e+00 -4.93938e+00
8.71385e-01 -1.93017e+00 -3.89707e+00
8.76531e-01 -1.94797e+00 -3.05192e+00
8.81676e-01 -1.96186e+00 -2.37524e+00
8.86822e-01 -1.97265e+00 -1.83877e+00
8.91967e-01 -1.98098e+00 -1.41674e+00
8.97113e-01 -1.98739e+00 -1.08670e+00
9.02606e-01 -1.99258e+00 -8.14668e-01
9.08355e-01 -1.99661e+00 -5.98957e-01
9.14402e-01 -1.99970e+00 -4.29926e-01
9.20795e-01 -2.00201e+00 -2.99270e-01
9.27589e-01 -2.00368e+00 -1.99854e-01
9.34849e-01 -2.00485e+00 -1.25573e-01
9.42650e-01 -2.00560e+00 -7.12286e-02
9.51087e-01 -2.00602e+00 -3.24337e-02
9.60278e-01 -2.00619e+00 -5.52695e-03
9.70418e-01 -2.00615e+00 1.25709e-02
9.81599e-01 -2.00593e+00 2.41347e-02
9.94097e-01 -2.00558e+00 3.11934e-02
1.00828e+00 -2.00511e+00 3.52541e-02
1.02466e+00 -2.00451e+00 3.74188e-02
1.04403e+00 -2.00378e+00 3.84662e-02
1.06759e+00 -2.00286e+00 3.89178e-02
1.09748e+00 -2.00170e+00 3.90965e-02
1.13770e+00 -2.00012e+00 3.91817e-02
1.19703e+00 -1.99779e+00 3.92624e-02
1.29701e+00 -1.99386e+00 3.93919e-02
1.45705e+00 -1.98754e+00 3.96023e-02
1.64680e+00 -1.98000e+00 3.98563e-02
1.85159e+00 -1.97181e+00 4.01337e-02
2.12182e+00 -1.96092e+00 4.05120e-02
2.65383e+00 -1.93916e+00 4.12930e-02
3.26053e+00 -1.91382e+00 4.22460e-02
3.86723e+00 -1.88789e+00 4.32730e-02
4.39452e+00 -1.86482e+00 4.42329e-02
4.92182e+00 -1.84123e+00 4.52667e-02
5.44911e+00 -1.81707e+00 4.63833e-02
5.97641e+00 -1.79230e+00 4.75942e-02
6.50370e+00 -1.76686e+00 4.89139e-02
6.95652e+00 -1.74444e+00 5.01457e-02
7.40934e+00 -1.72143e+00 5.14854e-02
7.86216e+00 -1.69779e+00 5.29483e-02
8.31498e+00 -1.67346e+00 5.45548e-02
8.76779e+00 -1.64836e+00 5.63301e-02
9.15215e+00 -1.62640e+00 5.79916e-02
9.53650e+00 -1.60376e+00 5.98240e-02
9.92086e+00 -1.58039e+00 6.18570e-02
1.03052e+01 -1.55619e+00 6.41304e-02
1.06413e+01 -1.53426e+00 6.63543e-02
1.09775e+01 -1.51155e+00 6.88474e-02
1.13136e+01 -1.48795e+00 7.16670e-02
1.16497e+01 -1.46333e+00 7.48912e-02
1.19377e+01 -1.44131e+00 7.80542e-02
1.22257e+01 -1.41832e+00 8.16849e-02
1.25138e+01 -1.39420e+00 8.59078e-02
1.28018e+01 -1.36876e+00 9.08989e-02
1.31131e+01 -1.33948e+00 9.74661e-02
1.33763e+01 -1.31296e+00 1.04339e-01
1.36395e+01 -1.28440e+00 1.12948e-01
1.38516e+01 -1.25955e+00 1.21704e-01
1.40638e+01 -1.23260e+00 1.32848e-01
1.42387e+01 -1.20836e+00 1.44684e-01
1.44137e+01 -1.18176e+00 1.60150e-01
1.45612e+01 -1.15692e+00 1.77497e-01
1.47086e+01 -1.12910e+00 2.01119e-01
1.48373e+01 -1.10148e+00 2.30056e-01
1.49659e+01 -1.06936e+00 2.72384e-01
1.50945e+01 -1.03037e+00 3.39658e-01
1.51963e+01 -9.91672e-01 4.27997e-01
1.52691e+01 -9.57101e-01 5.28662e-01
1.53347e+01 -9.18147e-01 6.70153e-01
1.54050e+01 -8.62887e-01 9.27068e-01
1.54544e+01 -8.10056e-01 1.23796e+00
1.54824e+01 -7.71777e-01 1.50377e+00
1.55103e+01 -7.24996e-01 1.87436e+00
1.55340e+01 -6.75561e-01 2.31910e+00
1.55545e+01 -6.23089e-01 2.84809e+00
1.55722e+01 -5.67193e-01 3.47211e+00
1.55878e+01 -5.07699e-01 4.19945e+00
1.56034e+01 -4.35118e-01 5.16596e+00
1.56151e+01 -3.69413e-01 6.10650e+00
1.56276e+01 -2.85570e-01 7.38223e+00
1.56377e+01 -2.04749e-01 8.67535e+00
1.56481e+01 -1.05678e-01 1.03192e+01
1.56573e+01 -3.31823e-03 1.20532e+01
1.56665e+01 1.16272e-01 1.40768e+01
1.56756e+01 2.55655e-01 1.63589e+01
1.56848e+01 4.16736e-01 1.87787e+01
1.56928e+01 5.76090e-01 2.08105e+01
1.57007e+01 7.46760e-01 2.24303e+01
1.57086e+01 9.27611e-01 2.33350e+01
1.57158e+01 1.09672e+00 2.32504e+01
1.57213e+01 1.22305e+00 2.24995e+01
1.57266e+01 1.33715e+00 2.12519e+01
1.57320e+01 1.44859e+00 1.94614e+01
1.57375e+01 1.54921e+00 1.73193e+01
1.57429e+01 1.63755e+00 1.49986e+01
1.57484e+01 1.71311e+00 1.26679e+01
1.57543e+01 1.78050e+00 1.03073e+01
1.57593e+01 1.82731e+00 8.50415e+00
1.57647e+01 1.86867e+00 6.79618e+00
1.57701e+01 1.90150e+00 5.36056e+00
1.57755e+01 1.92726e+00 4.18312e+00
1.57810e+01 1.94728e+00 3.23585e+00
1.57864e+01 1.96271e+00 2.48511e+00
1.57918e+01 1.97452e+00 1.89697e+00
1.57972e+01 1.98351e+00 1.44031e+00
1.58026e+01 1.99033e+00 1.08813e+00
1.58081e+01 1.99546e+00 8.17938e-01
1.58138e+01 1.99949e+00 6.01572e-01
1.58198e+01 2.00258e+00 4.31990e-01
1.58262e+01 2.00489e+00 3.00879e-01
1.58329e+01 2.00657e+00 2.01093e-01
1.58402e+01 2.00773e+00 1.26514e-01
1.58479e+01 2.00849e+00 7.19351e-02
1.58563e+01 2.00892e+00 3.29586e-02
1.58655e+01 2.00908e+00 5.91461e-03
1.58756e+01 2.00904e+00 -1.22860e-02
1.58867e+01 2.00884e+00 -2.39220e-02
1.58991e+01 2.00849e+00 -3.10295e-02
1.59132e+01 2.00802e+00 -3.51217e-02
1.59295e+01 2.00743e+00 -3.73054e-02
1.59487e+01 2.00670e+00 -3.83633e-02
1.59722e+01 2.00579e+00 -3.88199e-02
1.60018e+01 2.00464e+00 -3.90003e-02
1.60417e+01 2.00308e+00 -3.90854e-02
1.61005e+01 2.00078e+00 -3.91649e-02
1.61994e+01 1.99690e+00 -3.92921e-02
1.63589e+01 1.99062e+00 -3.94999e-02
1.65487e+01 1.98310e+00 -3.97519e-02
1.67538e+01 1.97492e+00 -4.00274e-02
1.70245e+01 1.96403e+00 -4.04031e-02
1.75579e+01 1.94228e+00 -4.11792e-02
1.81668e+01 1.91692e+00 -4.21271e-02
1.87756e+01 1.89097e+00 -4.31482e-02
1.93049e+01 1.86788e+00 -4.41026e-02
1.98341e+01 1.84427e+00 -4.51303e-02
2.03633e+01 1.82010e+00 -4.62399e-02
2.08926e+01 1.79531e+00 -4.74431e-02
2.14218e+01 1.76987e+00 -4.87539e-02
2.18764e+01 1.74743e+00 -4.99772e-02
2.23310e+01 1.72441e+00 -5.13075e-02
2.27856e+01 1.70076e+00 -5.27596e-02
2.32402e+01 1.67642e+00 -5.43535e-02
2.36948e+01 1.65132e+00 -5.61143e-02
2.40809e+01 1.62935e+00 -5.77621e-02
2.44669e+01 1.60671e+00 -5.95787e-02
2.48529e+01 1.58333e+00 -6.15931e-02
2.52389e+01 1.55913e+00 -6.38444e-02
2.55766e+01 1.53720e+00 -6.60463e-02
2.59143e+01 1.51449e+00 -6.85130e-02
2.62519e+01 1.49090e+00 -7.13008e-02
2.65896e+01 1.46630e+00 -7.44860e-02
2.68791e+01 1.44429e+00 -7.76095e-02
2.71686e+01 1.42132e+00 -8.11914e-02
2.74581e+01 1.39723e+00 -8.53530e-02
2.77476e+01 1.37183e+00 -9.02649e-02
2.80622e+01 1.34245e+00 -9.67560e-02
2.83285e+01 1.31581e+00 -1.03553e-01
2.85948e+01 1.28714e+00 -1.12061e-01
2.88092e+01 1.26222e+00 -1.20698e-01
2.90237e+01 1.23521e+00 -1.31679e-01
2.92003e+01 1.21097e+00 -1.43314e-01
2.93769e+01 1.18439e+00 -1.58489e-01
2.95255e+01 1.15962e+00 -1.75457e-01
2.96742e+01 1.13192e+00 -1.98501e-01
2.98035e+01 1.10454e+00 -2.26548e-01
2.99328e+01 1.07279e+00 -2.67364e-01
3.00621e+01 1.03440e+00 -3.31784e-01
3.01692e+01 9.94533e-01 -4.20631e-01
3.02448e+01 9.59161e-01 -5.22034e-01
3.03107e+01 9.20563e-01 -6.60455e-01
3.03816e+01 8.65651e-01 -9.12578e-01
3.04333e+01 8.10934e-01 -1.23226e+00
3.04608e+01 7.73684e-01 -1.48972e+00
3.04889e+01 7.26975e-01 -1.85768e+00
3.05128e+01 6.77662e-01 -2.29911e+00
3.05333e+01 6.25322e-01 -2.82443e+00
3.05512e+01 5.69577e-01 -3.44428e+00
3.05668e+01 5.10260e-01 -4.16689e+00
3.05809e+01 4.45783e-01 -5.01890e+00
3.05950e+01 3.67537e-01 -6.13418e+00
3.06058e+01 2.95579e-01 -7.22605e+00
3.06173e+01 2.05194e-01 -8.66809e+00
3.06268e+01 1.15231e-01 -1.01587e+01
3.06364e+01 9.58941e-03 -1.19466e+01
3.06460e+01 -1.14694e-01 -1.40504e+01
3.06556e+01 -2.60545e-01 -1.64364e+01
3.06652e+01 -4.30110e-01 -1.89650e+01
3.06731e+01 -5.88195e-01 -2.09462e+01
3.06810e+01 -7.60401e-01 -2.25300e+01
3.06889e+01 -9.42412e-01 -2.33660e+01
3.06957e+01 -1.10199e+00 -2.32315e+01
3.07017e+01 -1.23820e+00 -2.23662e+01
3.07068e+01 -1.35005e+00 -2.10746e+01
3.07122e+01 -1.45880e+00 -1.92675e+01
3.07176e+01 -1.55687e+00 -1.71346e+01
3.07230e+01 -1.64296e+00 -1.48423e+01
3.07283e+01 -1.71665e+00 -1.25506e+01
3.07343e+01 -1.78415e+00 -1.01714e+01
3.07393e+01 -1.83078e+00 -8.36510e+00
3.07447e+01 -1.87112e+00 -6.69147e+00
3.07501e+01 -1.90318e+00 -5.28514e+00
3.07555e+01 -1.92838e+00 -4.13117e+00
3.07608e+01 -1.94799e+00 -3.20177e+00
3.07662e+01 -1.96313e+00 -2.46408e+00
3.07716e+01 -1.97476e+00 -1.88511e+00
3.07769e+01 -1.98362e+00 -1.43464e+00
3.07823e+01 -1.99036e+00 -1.08648e+00
3.07877e+01 -1.99545e+00 -8.18752e-01
3.07934e+01 -1.99948e+00 -6.02218e-01
3.07994e+01 -2.00257e+00 -4.32493e-01
3.08058e+01 -2.00488e+00 -3.01265e-01
3.08126e+01 -2.00656e+00 -2.01384e-01
3.08198e+01 -2.00773e+00 -1.26730e-01
3.08275e+01 -2.00849e+00 -7.20907e-02
3.08359e+01 -2.00892e+00 -3.30681e-02
3.08451e+01 -2.00908e+00 -5.98930e-03
3.08552e+01 -2.00905e+00 1.22374e-02
3.08663e+01 -2.00884e+00 2.38916e-02
3.08787e+01 -2.00849e+00 3.10115e-02
3.08928e+01 -2.00802e+00 3.51117e-02
3.09091e+01 -2.00743e+00 3.73003e-02
3.09283e+01 -2.00670e+00 3.83610e-02
3.09517e+01 -2.00580e+00 3.88189e-02
3.09814e+01 -2.00464e+00 3.89999e-02
3.10212e+01 -2.00309e+00 3.90851e-02
3.10799e+01 -2.00079e+00 3.91646e-02
3.11786e+01 -1.99692e+00 3.92915e-02
3.13380e+01 -1.99064e+00 3.94992e-02
3.15277e+01 -1.98312e+00 3.97510e-02
3.17328e+01 -1.97494e+00 4.00264e-02
3.20035e+01 -1.96406e+00 4.04022e-02
3.25369e+01 -1.94230e+00 4.11783e-02
3.31458e+01 -1.91694e+00 4.21261e-02
3.37547e+01 -1.89099e+00 4.31472e-02
3.42839e+01 -1.86791e+00 4.41016e-02
3.48132e+01 -1.84430e+00 4.51292e-02
3.53425e+01 -1.82012e+00 4.62388e-02
3.58717e+01 -1.79534e+00 4.74419e-02
3.64010e+01 -1.76989e+00 4.87526e-02
3.68556e+01 -1.74745e+00 4.99759e-02
3.73102e+01 -1.72443e+00 5.13061e-02
3.77648e+01 -1.70079e+00 5.27581e-02
3.82195e+01 -1.67645e+00 5.43519e-02
3.86741e+01 -1.65134e+00 5.61126e-02
3.90601e+01 -1.62937e+00 5.77603e-02
3.94461e+01 -1.60673e+00 5.95767e-02
3.98322e+01 -1.58335e+00 6.15910e-02
4.02182e+01 -1.55915e+00 6.38422e-02
4.05559e+01 -1.53723e+00 6.60438e-02
4.08936e+01 -1.51452e+00 6.85103e-02
4.12313e+01 -1.49092e+00 7.12979e-02
4.15689e+01 -1.46632e+00 7.44828e-02
4.18585e+01 -1.44431e+00 7.76059e-02
4.21480e+01 -1.42134e+00 8.11875e-02
4.24375e+01 -1.39725e+00 8.53486e-02
4.27270e+01 -1.37185e+00 9.02599e-02
4.30416e+01 -1.34247e+00 9.67503e-02
4.33079e+01 -1.31583e+00 1.03547e-01
4.35743e+01 -1.28716e+00 1.12054e-01
4.37887e+01 -1.26224e+00 1.20690e-01
4.40031e+01 -1.23524e+00 1.31670e-01
4.41798e+01 -1.21100e+00 1.43303e-01
4.43564e+01 -1.18441e+00 1.58476e-01
4.45051e+01 -1.15964e+00 1.75441e-01
4.46538e+01 -1.13194e+00 1.98481e-01
4.47831e+01 -1.10456e+00 2.26520e-01
4.49124e+01 -1.07281e+00 2.67325e-01
4.50417e+01 -1.03443e+00 3.31723e-01
4.51487e+01 -9.94566e-01 4.20545e-01
4.52244e+01 -9.59194e-01 5.21928e-01
4.52903e+01 -9.20602e-01 6.60301e-01
4.53526e+01 -8.73372e-01 8.73036e-01
4.54150e+01 -8.08449e-01 1.24843e+00
4.54403e+01 -7.73856e-01 1.48846e+00
4.54686e+01 -7.26963e-01 1.85778e+00
4.54924e+01 -6.77658e-01 2.29916e+00
4.55130e+01 -6.25317e-01 2.82449e+00
4.55308e+01 -5.69572e-01 3.44434e+00
4.55465e+01 -5.10254e-01 4.16696e+00
4.55606e+01 -4.45777e-01 5.01899e+00
4.55747e+01 -3.67531e-01 6.13427e+00
4.55855e+01 -2.95572e-01 7.22616e+00
4.55969e+01 -2.05186e-01 8.66822e+00
4.56065e+01 -1.15222e-01 1.01589e+01
4.56161e+01 -9.57954e-03 1.19467e+01
4.56256e+01 1.14705e-01 1.40505e+01
4.56352e+01 2.60557e-01 1.64366e+01
4.56448e+01 4.30123e-01 1.89652e+01
4.56527e+01 5.88207e-01 2.09463e+01
4.56606e+01 7.60415e-01 2.25301e+01
4.56685e+01 9.42427e-01 2.33660e+01
4.56754e+01 1.10199e+00 2.32315e+01
4.56813e+01 1.23820e+00 2.23662e+01
4.56865e+01 1.35005e+00 2.10745e+01
4.56918e+01 1.45880e+00 1.92674e+01
4.56972e+01 1.55688e+00 1.71345e+01
4.57026e+01 1.64297e+00 1.48423e+01
4.57080e+01 1.71665e+00 1.25505e+01
4.57139e+01 1.78415e+00 1.01714e+01
4.57190e+01 1.83078e+00 8.36505e+00
4.57243e+01 1.87112e+00 6.69143e+00
4.57297e+01 1.90318e+00 5.28512e+00
4.57351e+01 1.92838e+00 4.13115e+00
4.57405e+01 1.94799e+00 3.20176e+00
4.57458e+01 1.96313e+00 2.46407e+00
4.57512e+01 1.97476e+00 1.88511e+00
4.57566e+01 1.98362e+00 1.43464e+00
4.57620e+01 1.99036e+00 1.08648e+00
4.57673e+01 1.99545e+00 8.18753e-01
4.57731e+01 1.99948e+00 6.02219e-01
4.57791e+01 2.00257e+00 4.32493e-01
4.57854e+01 2.00488e+00 3.01265e-01
4.57922e+01 2.00656e+00 2.01384e-01
4.57994e+01 2.00773e+00 1.26730e-01
4.58072e+01 2.00849e+00 7.20907e-02
4.58156e+01 2.00892e+00 3.30682e-02
4.58247e+01 2.00908e+00 5.98931e-03
4.58348e+01 2.00905e+00 -1.22374e-02
4.58459e+01 2.00884e+00 -2.38916e-02
4.58584e+01 2.00849e+00 -3.10114e-02
4.58725e+01 2.00802e+00 -3.51117e-02
4.58887e+01 2.00743e+00 -3.73003e-02
4.59080e+01 2.00670e+00 -3.83610e-02
4.59314e+01 2.00580e+00 -3.88189e-02
4.59610e+01 2.00464e+00 -3.89999e-02
4.60009e+01 2.00309e+00 -3.90851e-02
4.60595e+01 2.00079e+00 -3.91646e-02
4.61583e+01 1.99692e+00 -3.92915e-02
4.63176e+01 1.99064e+00 -3.94992e-02
4.65073e+01 1.98312e+00 -3.97510e-02
4.67124e+01 1.97494e+00 -4.00264e-02
4.69831e+01 1.96406e+00 -4.04022e-02
4.75166e+01 1.94230e+00 -4.11783e-02
4.81254e+01 1.91694e+00 -4.21261e-02
4.87343e+01 1.89099e+00 -4.31472e-02
4.92636e+01 1.86791e+00 -4.41016e-02
4.97929e+01 1.84430e+00 -4.51292e-02
5.03221e+01 1.82012e+00 -4.62388e-02
5.08514e+01 1.79534e+00 -4.74419e-02
5.13806e+01 1.76989e+00 -4.87526e-02
5.18352e+01 1.74745e+00 -4.99759e-02
5.22899e+01 1.72443e+00 -5.13061e-02
5.27445e+01 1.70079e+00 -5.27581e-02
5.31991e+01 1.67645e+00 -5.43519e-02
5.36537e+01 1.65134e+00 -5.61126e-02
5.40398e+01 1.62937e+00 -5.77603e-02
5.44258e+01 1.60673e+00 -5.95767e-02
5.48118e+01 1.58335e+00 -6.15910e-02
5.51978e+01 1.55915e+00 -6.38422e-02
5.55355e+01 1.53723e+00 -6.60438e-02
5.58732e+01 1.51452e+00 -6.85103e-02
5.62109e+01 1.49092e+00 -7.12979e-02
5.65486e+01 1.46632e+00 -7.44828e-02
5.68381e+01 1.44431e+00 -7.76059e-02
5.71276e+01 1.42134e+00 -8.11875e-02
5.74171e+01 1.39725e+00 -8.53486e-02
5.77066e+01 1.37185e+00 -9.02599e-02
5.80212e+01 1.34247e+00 -9.67503e-02
5.82876e+01 1.31583e+00 -1.03547e-01
5.85539e+01 1.28716e+00 -1.12054e-01
5.87684e+01 1.26224e+00 -1.20690e-01
5.89828e+01 1.23524e+00 -1.31670e-01
5.91594e+01 1.21100e+00 -1.43303e-01
5.93360e+01 1.18441e+00 -1.58476e-01
5.94847e+01 1.15964e+00 -1.75441e-01
5.96334e+01 1.13194e+00 -1.98481e-01
5.97627e+01 1.10456e+00 -2.26520e-01
5.98920e+01 1.07281e+00 -2.67325e-01
6.00213e+01 1.03443e+00 -3.31723e-01
6.01284e+01 9.94566e-01 -4.20545e-01
6.02041e+01 9.59194e-01 -5.21928e-01
6.02699e+01 9.20602e-01 -6.60301e-01
6.03323e+01 8.73372e-01 -8.73036e-01
6.03946e+01 8.08449e-01 -1.24843e+00
6.04200e+01 7.73856e-01 -1.48846e+00
6.04482e+01 7.26963e-01 -1.85778e+00
6.04721e+01 6.77658e-01 -2.29916e+00
6.04926e+01 6.25317e-01 -2.82449e+00
6.05105e+01 5.69572e-01 -3.44434e+00
6.05261e+01 5.10254e-01 -4.16696e+00
6.05402e+01 4.45777e-01 -5.01899e+00
6.05543e+01 3.67531e-01 -6.13427e+00
6.05651e+01 2.95572e-01 -7.22616e+00
6.05765e+01 2.05186e-01 -8.66822e+00
6.05861e+01 1.15222e-01 -1.01589e+01
6.05957e+01 9.57962e-03 -1.19467e+01
6.06053e+01 -1.14705e-01 -1.40505e+01
6.06149e+01 -2.60557e-01 -1.64366e+01
6.06244e+01 -4.30123e-01 -1.89652e+01
6.06324e+01 -5.88207e-01 -2.09463e+01
6.06403e+01 -7.60415e-01 -2.25301e+01
6.06482e+01 -9.42426e-01 -2.33660e+01
6.06550e+01 -1.10199e+00 -2.32315e+01
6.06610e+01 -1.23820e+00 -2.23662e+01
6.06661e+01 -1.35005e+00 -2.10745e+01
6.06715e+01 -1.45880e+00 -1.92674e+01
6.06769e+01 -1.55688e+00 -1.71345e+01
6.06822e+01 -1.64297e+00 -1.48423e+01
6.06876e+01 -1.71665e+00 -1.25505e+01
6.06936e+01 -1.78415e+00 -1.01714e+01
6.06986e+01 -1.83078e+00 -8.36505e+00
6.07040e+01 -1.87112e+00 -6.69143e+00
6.07094e+01 -1.90318e+00 -5.28512e+00
6.07147e+01 -1.92838e+00 -4.13115e+00
6.07201e+01 -1.94799e+00 -3.20176e+00
6.07255e+01 -1.96313e+00 -2.46407e+00
6.07309e+01 -1.97476e+00 -1.88511e+00
6.07362e+01 -1.98362e+00 -1.43464e+00
6.07416e+01 -1.99036e+00 -1.08648e+00
6.07470e+01 -1.99545e+00 -8.18753e-01
6.07527e+01 -1.99948e+00 -6.02219e-01
6.07587e+01 -2.00257e+00 -4.32493e-01
6.07651e+01 -2.00488e+00 -3.01265e-01
6.07718e+01 -2.00656e+00 -2.01384e-01
6.07791e+01 -2.00773e+00 -1.26730e-01
6.07868e+01 -2.00849e+00 -7.20907e-02
6.07952e+01 -2.00892e+00 -3.30682e-02
6.08044e+01 -2.00908e+00 -5.98931e-03
6.08145e+01 -2.00905e+00 1.22374e-02
6.08256e+01 -2.00884e+00 2.38916e-02
6.08380e+01 -2.00849e+00 3.10114e-02
6.08521e+01 -2.00802e+00 3.51117e-02
6.08684e+01 -2.00743e+00 3.73003e-02
6.08876e+01 -2.00670e+00 3.83610e-02
6.09110e+01 -2.00580e+00 3.88189e-02
6.09407e+01 -2.00464e+00 3.89999e-02
6.09805e+01 -2.00309e+00 3.90851e-02
6.10392e+01 -2.00079e+00 3.91646e-02
6.11379e+01 -1.99692e+00 3.92915e-02
6.12972e+01 -1.99064e+00 3.94992e-02
6.14870e+01 -1.98312e+00 3.97510e-02
6.16920e+01 -1.97494e+00 4.00264e-02
6.19628e+01 -1.96406e+00 4.04022e-02
6.24962e+01 -1.94230e+00 4.11783e-02
6.31051e+01 -1.91694e+00 4.21261e-02
6.37140e+01 -1.89099e+00 4.31472e-02
6.42432e+01 -1.86791e+00 4.41016e-02
6.47725e+01 -1.84430e+00 4.51292e-02
6.53018e+01 -1.82012e+00 4.62388e-02
6.58310e+01 -1.79534e+00 4.74419e-02
6.63603e+01 -1.76989e+00 4.87526e-02
6.68149e+01 -1.74745e+00 4.99759e-02
6.72695e+01 -1.72443e+00 5.13061e-02
6.77241e+01 -1.70079e+00 5.27581e-02
6.81787e+01 -1.67645e+00 5.43519e-02
6.86334e+01 -1.65134e+00 5.61126e-02
6.90194e+01 -1.62937e+00 5.77603e-02
6.94054e+01 -1.60673e+00 5.95767e-02
6.97915e+01 -1.58335e+00 6.15910e-02
7.01775e+01 -1.55915e+00 6.38422e-02
7.05152e+01 -1.53723e+00 6.60438e-02
7.08529e+01 -1.51452e+00 6.85103e-02
7.11906e+01 -1.49092e+00 7.12979e-02
7.15282e+01 -1.46632e+00 7.44828e-02
7.18177e+01 -1.44431e+00 7.76059e-02
7.21073e+01 -1.42134e+00 8.11875e-02
7.23968e+01 -1.39725e+00 8.53486e-02
7.26863e+01 -1.37185e+00 9.02599e-02
7.30009e+01 -1.34247e+00 9.67503e-02
7.32672e+01 -1.31583e+00 1.03547e-01
7.35336e+01 -1.28716e+00 1.12054e-01
7.37480e+01 -1.26224e+00 1.20690e-01
7.39624e+01 -1.23524e+00 1.31670e-01
7.41390e+01 -1.21100e+00 1.43303e-01
7.43157e+01 -1.18441e+00 1.58476e-01
7.44644e+01 -1.15964e+00 1.75441e-01
7.46130e+01 -1.13194e+00 1.98481e-01
7.47424e+01 -1.10456e+00 2.26520e-01
7.48717e+01 -1.07281e+00 2.67325e-01
7.50010e+01 -1.03443e+00 3.31723e-01
7.51080e+01 -9.94566e-01 4.20545e-01
7.51837e+01 -9.59194e-01 5.21928e-01
7.52496e+01 -9.20602e-01 6.60301e-01
7.53119e+01 -8.73372e-01 8.73036e-01
7.53743e+01 -8.08449e-01 1.24843e+00
7.53996e+01 -7.73856e-01 1.48846e+00
7.54279e+01 -7.26963e-01 1.85778e+00
7.54517e+01 -6.77658e-01 2.29916e+00
7.54723e+01 -6.25317e-01 2.82449e+00
7.54901e+01 -5.69572e-01 3.44434e+00
7.55058e+01 -5.10254e-01 4.16696e+00
7.55199e+01 -4.45777e-01 5.01899e+00
7.55340e+01 -3.67531e-01 6.13427e+00
7.55448e+01 -2.95572e-01 7.22616e+00
7.55562e+01 -2.05186e-01 8.66822e+00
7.55658e+01 -1.15222e-01 1.01589e+01
7.55754e+01 -9.57962e-03 1.19467e+01
7.55849e+01 1.14705e-01 1.40505e+01
7.55945e+01 2.60557e-01 1.64366e+01
7.56041e+01 4.30123e-01 1.89652e+01
7.56120e+01 5.88207e-01 2.09463e+01
7.56199e+01 7.60415e-01 2.25301e+01
7.56278e+01 9.42426e-01 2.33660e+01
7.56346e+01 1.10199e+00 2.32315e+01
7.56406e+01 1.23820e+00 2.23662e+01
7.56457e+01 1.35005e+00 2.10745e+01
7.56511e+01 1.45880e+00 1.92674e+01
7.56565e+01 1.55688e+00 1.71345e+01
7.56619e+01 1.64297e+00 1.48423e+01
7.56673e+01 1.71665e+00 1.25505e+01
7.56732e+01 1.78415e+00 1.01714e+01
7.56783e+01 1.83078e+00 8.36505e+00
7.56836e+01 1.87112e+00 6.69143e+00
7.56890e+01 1.90318e+00 5.28512e+00
7.56944e+01 1.92838e+00 4.13115e+00
7.56998e+01 1.94799e+00 3.20176e+00
7.57051e+01 1.96313e+00 2.46407e+00
7.57105e+01 1.97476e+00 1.88511e+00
7.57159e+01 1.98362e+00 1.43464e+00
7.57213e+01 1.99036e+00 1.08648e+00
7.57266e+01 1.99545e+00 8.18753e-01
7.57324e+01 1.99948e+00 6.02219e-01
7.57384e+01 2.00257e+00 4.32493e-01
7.57447e+01 2.00488e+00 3.01265e-01
7.57515e+01 2.00656e+00 2.01384e-01
7.57587e+01 2.00773e+00 1.26730e-01
7.57665e+01 2.00849e+00 7.20907e-02
7.57749e+01 2.00892e+00 3.30682e-02
7.57840e+01 2.00908e+00 5.98931e-03
7.57941e+01 2.00905e+00 -1.22374e-02
7.58052e+01 2.00884e+00 -2.38916e-02
7.58176e+01 2.00849e+00 -3.10114e-02
7.58317e+01 2.00802e+00 -3.51117e-02
7.58480e+01 2.00743e+00 -3.73003e-02
7.58673e+01 2.00670e+00 -3.83610e-02
7.58907e+01 2.00580e+00 -3.88189e-02
7.59203e+01 2.00464e+00 -3.89999e-02
7.59601e+01 2.00309e+00 -3.90851e-02
7.60188e+01 2.00079e+00 -3.91646e-02
7.61176e+01 1.99692e+00 -3.92915e-02
7.62769e+01 1.99064e+00 -3.94992e-02
7.64666e+01 1.98312e+00 -3.97510e-02
7.66717e+01 1.97494e+00 -4.00264e-02
7.69424e+01 1.96406e+00 -4.04022e-02
7.74759e+01 1.94230e+00 -4.11783e-02
7.80847e+01 1.91694e+00 -4.21261e-02
7.86936e+01 1.89099e+00 -4.31472e-02
7.92229e+01 1.86791e+00 -4.41016e-02
7.97521e+01 1.84430e+00 -4.51292e-02
8.02814e+01 1.82012e+00 -4.62388e-02
8.08107e+01 1.79534e+00 -4.74419e-02
8.13399e+01 1.76989e+00 -4.87526e-02
8.17945e+01 1.74745e+00 -4.99759e-02
8.22492e+01 1.72443e+00 -5.13061e-02
8.27038e+01 1.70079e+00 -5.27581e-02
8.31584e+01 1.67645e+00 -5.43519e-02
8.36130e+01 1.65134e+00 -5.61126e-02
8.39990e+01 1.62937e+00 -5.77603e-02
8.43851e+01 1.60673e+00 -5.95767e-02
8.47711e+01 1.58335e+00 -6.15910e-02
8.51571e+01 1.55915e+00 -6.38422e-02
8.54948e+01 1.53723e+00 -6.60438e-02
8.58325e+01 1.51452e+00 -6.85103e-02
8.61702e+01 1.49092e+00 -7.12979e-02
8.65079e+01 1.46632e+00 -7.44828e-02
8.67974e+01 1.44431e+00 -7.76059e-02
8.70869e+01 1.42134e+00 -8.11875e-02
8.73764e+01 1.39725e+00 -8.53486e-02
8.76659e+01 1.37185e+00 -9.02599e-02
8.79805e+01 1.34247e+00 -9.67503e-02
8.82469e+01 1.31583e+00 -1.03547e-01
8.85132e+01 1.28716e+00 -1.12054e-01
8.87277e+01 1.26224e+00 -1.20690e-01
8.89421e+01 1.23524e+00 -1.31670e-01
8.91187e+01 1.21100e+00 -1.43303e-01
8.92953e+01 1.18441e+00 -1.58476e-01
8.94440e+01 1.15964e+00 -1.75441e-01
8.95927e+01 1.13194e+00 -1.98481e-01
8.97220e+01 1.10456e+00 -2.26520e-01
8.98513e+01 1.07281e+00 -2.67325e-01
8.99806e+01 1.03443e+00 -3.31723e-01
9.00877e+01 9.94566e-01 -4.20545e-01
9.01633e+01 9.59194e-01 -5.21928e-01
9.02292e+01 9.20602e-01 -6.60301e-01
9.02916e+01 8.73372e-01 -8.73036e-01
9.03539e+01 8.08449e-01 -1.24843e+00
9.03793e+01 7.73856e-01 -1.48846e+00
9.04075e+01 7.26963e-01 -1.85778e+00
9.04314e+01 6.77658e-01 -2.29916e+00
9.04519e+01 6.25317e-01 -2.82449e+00
9.04698e+01 5.69572e-01 -3.44434e+00
9.04854e+01 5.10254e-01 -4.16696e+00
9.04995e+01 4.45777e-01 -5.01899e+00
9.05136e+01 3.67531e-01 -6.13427e+00
9.05244e+01 2.95572e-01 -7.22616e+00
9.05358e+01 2.05186e-01 -8.66822e+00
9.05454e+01 1.15222e-01 -1.01589e+01
9.05550e+01 9.57962e-03 -1.19467e+01
9.05646e+01 -1.14705e-01 -1.40505e+01
9.05742e+01 -2.60557e-01 -1.64366e+01
9.05837e+01 -4.30123e-01 -1.89652e+01
9.05917e+01 -5.88207e-01 -2.09463e+01
9.05996e+01 -7.60415e-01 -2.25301e+01
9.06075e+01 -9.42426e-01 -2.33660e+01
9.06143e+01 -1.10199e+00 -2.32315e+01
9.06203e+01 -1.23820e+00 -2.23662e+01
9.06254e+01 -1.35005e+00 -2.10745e+01
9.06308e+01 -1.45880e+00 -1.92674e+01
9.06362e+01 -1.55688e+00 -1.71345e+01
9.06415e+01 -1.64297e+00 -1.48423e+01
9.06469e+01 -1.71665e+00 -1.25505e+01
9.06529e+01 -1.78415e+00 -1.01714e+01
9.06579e+01 -1.83078e+00 -8.36505e+00
9.06633e+01 -1.87112e+00 -6.69143e+00
9.06687e+01 -1.90318e+00 -5.28512e+00
9.06740e+01 -1.92838e+00 -4.13115e+00
9.06794e+01 -1.94799e+00 -3.20176e+00
9.06848e+01 -1.96313e+00 -2.46407e+00
9.06902e+01 -1.97476e+00 -1.88511e+00
9.06955e+01 -1.98362e+00 -1.43464e+00
9.07009e+01 -1.99036e+00 -1.08648e+00
9.07063e+01 -1.99545e+00 -8.18753e-01
9.07120e+01 -1.99948e+00 -6.02219e-01
9.07180e+01 -2.00257e+00 -4.32493e-01
9.07244e+01 -2.00488e+00 -3.01265e-01
9.07311e+01 -2.00656e+00 -2.01384e-01
9.07384e+01 -2.00773e+00 -1.26730e-01
9.07461e+01 -2.00849e+00 -7.20907e-02
9.07545e+01 -2.00892e+00 -3.30682e-02
9.07637e+01 -2.00908e+00 -5.98931e-03
9.07737e+01 -2.00905e+00 1.22374e-02
9.07849e+01 -2.00884e+00 2.38916e-02
9.07973e+01 -2.00849e+00 3.10114e-02
9.08114e+01 -2.00802e+00 3.51117e-02
9.08277e+01 -2.00743e+00 3.73003e-02
9.08469e+01 -2.00670e+00 3.83610e-02
9.08703e+01 -2.00580e+00 3.88189e-02
9.08999e+01 -2.00464e+00 3.89999e-02
9.09398e+01 -2.00309e+00 3.90851e-02
9.09985e+01 -2.00079e+00 3.91646e-02
9.10972e+01 -1.99692e+00 3.92915e-02
9.12565e+01 -1.99064e+00 3.94992e-02
9.14463e+01 -1.98312e+00 3.97510e-02
9.16513e+01 -1.97494e+00 4.00264e-02
9.19221e+01 -1.96406e+00 4.04022e-02
9.24555e+01 -1.94230e+00 4.11783e-02
9.30644e+01 -1.91694e+00 4.21261e-02
9.36733e+01 -1.89099e+00 4.31472e-02
9.42025e+01 -1.86791e+00 4.41016e-02
9.47318e+01 -1.84430e+00 4.51292e-02
9.52610e+01 -1.82012e+00 4.62388e-02
9.57903e+01 -1.79534e+00 4.74419e-02
9.63196e+01 -1.76989e+00 4.87526e-02
9.67742e+01 -1.74745e+00 4.99759e-02
9.72288e+01 -1.72443e+00 5.13061e-02
9.76834e+01 -1.70079e+00 5.27581e-02
9.81380e+01 -1.67645e+00 5.43519e-02
9.85927e+01 -1.65134e+00 5.61126e-02
9.89787e+01 -1.62937e+00 5.77603e-02
9.93647e+01 -1.60673e+00 5.95767e-02
9.97507e+01 -1.58335e+00 6.15910e-02
1.00000e+02 -1.56782e+00 6.30126e-02
