1.00000e-06 1.00000e+00 -1.00000e-06
6.00000e-06 1.00000e+00 -6.00000e-06
3.10000e-05 1.00000e+00 -3.10000e-05
1.56000e-04 1.00000e+00 -1.56000e-04
7.81000e-04 1.00000e+00 -7.81000e-04
3.90600e-03 9.99992e-01 -3.90599e-03
1.95310e-02 9.99809e-01 -1.95299e-02
9.76560e-02 9.95233e-01 -9.76142e-02
2.51584e-01 9.68269e-01 -2.53909e-01
3.86611e-01 9.24040e-01 -4.05032e-01
5.04200e-01 8.67316e-01 -5.66553e-01
6.21788e-01 7.88491e-01 -7.87937e-01
7.24379e-01 6.93875e-01 -1.07707e+00
8.13344e-01 5.82069e-01 -1.46500e+00
8.72315e-01 4.85144e-01 -1.84283e+00
9.23091e-01 3.80831e-01 -2.28822e+00
9.68391e-01 2.65728e-01 -2.81769e+00
1.01369e+00 1.23059e-01 -3.51179e+00
1.05125e+00 -2.20125e-02 -4.23601e+00
1.08882e+00 -1.96858e-01 -5.09353e+00
1.12638e+00 -4.05663e-01 -6.02780e+00
1.16394e+00 -6.48717e-01 -6.87963e+00
1.20150e+00 -9.17889e-01 -7.36223e+00
1.22757e+00 -1.10991e+00 -7.30597e+00
1.24953e+00 -1.26699e+00 -6.95433e+00
1.27076e+00 -1.40876e+00 -6.36480e+00
1.29199e+00 -1.53591e+00 -5.59025e+00
1.31322e+00 -1.64542e+00 -4.71806e+00
1.33445e+00 -1.73618e+00 -3.83828e+00
1.35977e+00 -1.82093e+00 -2.87627e+00
1.38036e+00 -1.87307e+00 -2.20942e+00
1.40171e+00 -1.91395e+00 -1.64054e+00
1.42306e+00 -1.94397e+00 -1.19087e+00
1.44441e+00 -1.96554e+00 -8.44956e-01
1.46576e+00 -1.98066e+00 -5.84098e-01
1.48710e+00 -1.99095e+00 -3.90169e-01
1.50845e+00 -1.99768e+00 -2.47437e-01
1.53122e+00 -2.00199e+00 -1.37291e-01
1.55537e+00 -2.00425e+00 -5.48742e-02
1.58119e+00 -2.00483e+00 5.71229e-03
1.60904e+00 -2.00403e+00 4.93283e-02
1.63932e+00 -2.00203e+00 7.99717e-02
1.67255e+00 -1.99900e+00 1.00909e-01
1.70938e+00 -1.99500e+00 1.14780e-01
1.75068e+00 -1.99006e+00 1.23682e-01
1.79766e+00 -1.98411e+00 1.29248e-01
1.85198e+00 -1.97698e+00 1.32721e-01
1.91617e+00 -1.96838e+00 1.35020e-01
1.99416e+00 -1.95778e+00 1.36816e-01
2.09260e+00 -1.94422e+00 1.38617e-01
2.22383e+00 -1.92588e+00 1.40893e-01
2.41506e+00 -1.89861e+00 1.44345e-01
2.85927e+00 -1.83252e+00 1.53495e-01
3.21942e+00 -1.77568e+00 1.62427e-01
3.57957e+00 -1.71531e+00 1.73216e-01
3.87389e+00 -1.66280e+00 1.83911e-01
4.16822e+00 -1.60682e+00 1.96938e-01
4.41654e+00 -1.55630e+00 2.10429e-01
4.66486e+00 -1.50205e+00 2.27140e-01
4.87887e+00 -1.45158e+00 2.45191e-01
5.09288e+00 -1.39675e+00 2.68134e-01
5.28090e+00 -1.34399e+00 2.94210e-01
5.46892e+00 -1.28560e+00 3.28674e-01
5.65694e+00 -1.21957e+00 3.76387e-01
5.84497e+00 -1.14267e+00 4.46571e-01
5.99824e+00 -1.06803e+00 5.33217e-01
6.15677e+00 -9.73199e-01 6.75204e-01
6.25377e+00 -9.01581e-01 8.09523e-01
6.34939e+00 -8.15483e-01 1.00468e+00
6.44501e+00 -7.06065e-01 1.30756e+00
6.52796e+00 -5.81606e-01 1.72474e+00
6.58392e+00 -4.74079e-01 2.14171e+00
6.63153e+00 -3.61112e-01 2.62742e+00
6.67464e+00 -2.35859e-01 3.21002e+00
6.71774e+00 -8.18811e-02 3.96592e+00
6.75435e+00 7.74204e-02 4.76091e+00
6.79095e+00 2.68187e-01 5.67715e+00
6.82888e+00 5.02250e-01 6.65396e+00
6.86205e+00 7.35188e-01 7.34707e+00
6.89522e+00 9.85150e-01 7.63714e+00
6.91732e+00 1.15292e+00 7.49172e+00
6.93946e+00 1.31430e+00 7.04160e+00
6.96015e+00 1.45346e+00 6.37510e+00
6.98084e+00 1.57696e+00 5.54273e+00
7.00153e+00 1.68231e+00 4.63634e+00
7.02305e+00 1.77201e+00 3.70939e+00
7.04595e+00 1.84654e+00 2.82058e+00
7.06606e+00 1.89641e+00 2.15892e+00
7.08617e+00 1.93417e+00 1.61653e+00
7.10628e+00 1.96217e+00 1.18595e+00
7.12639e+00 1.98252e+00 8.52267e-01
7.14650e+00 1.99698e+00 5.98225e-01
7.16661e+00 2.00700e+00 4.07301e-01
7.18770e+00 2.01395e+00 2.59218e-01
7.20987e+00 2.01838e+00 1.46642e-01
7.23337e+00 2.02077e+00 6.22823e-02
7.25850e+00 2.02151e+00 1.67089e-04
7.28558e+00 2.02086e+00 -4.46279e-02
7.31500e+00 2.01905e+00 -7.61580e-02
7.34726e+00 2.01622e+00 -9.77417e-02
7.38298e+00 2.01245e+00 -1.12063e-01
7.42299e+00 2.00776e+00 -1.21260e-01
7.46842e+00 2.00211e+00 -1.26998e-01
7.52087e+00 1.99535e+00 -1.30547e-01
7.58270e+00 1.98720e+00 -1.32847e-01
7.65761e+00 1.97718e+00 -1.34579e-01
7.75177e+00 1.96442e+00 -1.36252e-01
7.87657e+00 1.94729e+00 -1.38310e-01
8.05643e+00 1.92214e+00 -1.41364e-01
8.39397e+00 1.87338e+00 -1.47699e-01
8.65524e+00 1.83408e+00 -1.53266e-01
8.95589e+00 1.78693e+00 -1.60574e-01
9.25653e+00 1.73741e+00 -1.69095e-01
9.57279e+00 1.68229e+00 -1.79783e-01
9.88905e+00 1.62344e+00 -1.92876e-01
1.01433e+01 1.57281e+00 -2.05819e-01
1.03976e+01 1.51852e+00 -2.21795e-01
1.06165e+01 1.46816e+00 -2.38962e-01
1.08353e+01 1.41358e+00 -2.60679e-01
1.10269e+01 1.36140e+00 -2.85123e-01
1.12185e+01 1.30386e+00 -3.17192e-01
1.14101e+01 1.23911e+00 -3.61179e-01
1.16016e+01 1.16421e+00 -4.25125e-01
1.17606e+01 1.09071e+00 -5.04740e-01
1.19196e+01 1.00138e+00 -6.28946e-01
1.20252e+01 9.28689e-01 -7.55776e-01
1.21235e+01 8.46415e-01 -9.30226e-01
1.22259e+01 7.37822e-01 -1.21333e+00
1.23159e+01 6.11963e-01 -1.61617e+00
1.23753e+01 5.04809e-01 -2.01764e+00
1.24242e+01 3.95297e-01 -2.47589e+00
1.24685e+01 2.73942e-01 -3.02889e+00
1.25144e+01 1.18453e-01 -3.78397e+00
1.25507e+01 -3.18996e-02 -4.53456e+00
1.25869e+01 -2.11891e-01 -5.41440e+00
1.26232e+01 -4.25255e-01 -6.35745e+00
1.26594e+01 -6.71563e-01 -7.19259e+00
1.26957e+01 -9.41899e-01 -7.62715e+00
1.27201e+01 -1.12806e+00 -7.53288e+00
1.27428e+01 -1.29444e+00 -7.11493e+00
1.27634e+01 -1.43518e+00 -6.47847e+00
1.27841e+01 -1.56081e+00 -5.66527e+00
1.28047e+01 -1.66859e+00 -4.76526e+00
1.28254e+01 -1.75766e+00 -3.86785e+00
1.28510e+01 -1.84354e+00 -2.85863e+00
1.28708e+01 -1.89343e+00 -2.20003e+00
1.28913e+01 -1.93261e+00 -1.63969e+00
1.29118e+01 -1.96152e+00 -1.19631e+00
1.29324e+01 -1.98240e+00 -8.54277e-01
1.29529e+01 -1.99714e+00 -5.95280e-01
1.29734e+01 -2.00728e+00 -4.01783e-01
1.29939e+01 -2.01398e+00 -2.58593e-01
1.30161e+01 -2.01839e+00 -1.46178e-01
1.30396e+01 -2.02078e+00 -6.19380e-02
1.30647e+01 -2.02151e+00 8.37851e-05
1.30918e+01 -2.02086e+00 4.48066e-02
1.31213e+01 -2.01904e+00 7.62821e-02
1.31535e+01 -2.01620e+00 9.78253e-02
1.31893e+01 -2.01243e+00 1.12118e-01
1.32293e+01 -2.00774e+00 1.21294e-01
1.32748e+01 -2.00208e+00 1.27020e-01
1.33273e+01 -1.99531e+00 1.30561e-01
1.33891e+01 -1.98715e+00 1.32856e-01
1.34641e+01 -1.97712e+00 1.34587e-01
1.35584e+01 -1.96435e+00 1.36261e-01
1.36834e+01 -1.94719e+00 1.38321e-01
1.38636e+01 -1.92199e+00 1.41383e-01
1.42033e+01 -1.87291e+00 1.47763e-01
1.44639e+01 -1.83369e+00 1.53324e-01
1.47644e+01 -1.78654e+00 1.60637e-01
1.50649e+01 -1.73702e+00 1.69165e-01
1.53810e+01 -1.68192e+00 1.79860e-01
1.56971e+01 -1.62307e+00 1.92964e-01
1.59512e+01 -1.57244e+00 2.05918e-01
1.62053e+01 -1.51816e+00 2.21909e-01
1.64241e+01 -1.46780e+00 2.39094e-01
1.66429e+01 -1.41322e+00 2.60837e-01
1.68343e+01 -1.36102e+00 2.85315e-01
1.70258e+01 -1.30346e+00 3.17434e-01
1.72173e+01 -1.23869e+00 3.61497e-01
1.74088e+01 -1.16375e+00 4.25568e-01
1.75677e+01 -1.09023e+00 5.05327e-01
1.77266e+01 -1.00085e+00 6.29771e-01
1.78320e+01 -9.28169e-01 7.56774e-01
1.79303e+01 -8.45827e-01 9.31593e-01
1.80326e+01 -7.37166e-01 1.21523e+00
1.81224e+01 -6.11395e-01 1.61816e+00
1.81817e+01 -5.04201e-01 2.02005e+00
1.82306e+01 -3.94616e-01 2.47887e+00
1.82749e+01 -2.73185e-01 3.03246e+00
1.83208e+01 -1.17634e-01 3.78803e+00
1.83570e+01 3.28773e-02 4.53944e+00
1.83932e+01 2.13055e-01 5.41991e+00
1.84295e+01 4.26617e-01 6.36294e+00
1.84657e+01 6.73098e-01 7.19665e+00
1.85020e+01 9.43521e-01 7.62785e+00
1.85264e+01 1.12916e+00 7.53120e+00
1.85490e+01 1.29532e+00 7.11179e+00
1.85697e+01 1.43599e+00 6.47398e+00
1.85903e+01 1.56153e+00 5.65989e+00
1.86110e+01 1.66920e+00 4.75955e+00
1.86316e+01 1.75817e+00 3.86232e+00
1.86573e+01 1.84409e+00 2.85166e+00
1.86771e+01 1.89379e+00 2.19507e+00
1.86976e+01 1.93286e+00 1.63607e+00
1.87181e+01 1.96168e+00 1.19379e+00
1.87386e+01 1.98250e+00 8.52570e-01
1.87591e+01 1.99721e+00 5.94164e-01
1.87796e+01 2.00731e+00 4.01078e-01
1.88001e+01 2.01399e+00 2.58164e-01
1.88223e+01 2.01840e+00 1.45855e-01
1.88458e+01 2.02079e+00 6.16977e-02
1.88709e+01 2.02151e+00 -2.58834e-04
1.88980e+01 2.02085e+00 -4.49313e-02
1.89275e+01 2.01903e+00 -7.63686e-02
1.89598e+01 2.01619e+00 -9.78835e-02
1.89955e+01 2.01242e+00 -1.12156e-01
1.90356e+01 2.00772e+00 -1.21318e-01
1.90810e+01 2.00206e+00 -1.27034e-01
1.91336e+01 1.99529e+00 -1.30570e-01
1.91955e+01 1.98712e+00 -1.32862e-01
1.92705e+01 1.97709e+00 -1.34593e-01
1.93649e+01 1.96431e+00 -1.36266e-01
1.94900e+01 1.94713e+00 -1.38329e-01
1.96705e+01 1.92189e+00 -1.41396e-01
2.00116e+01 1.87258e+00 -1.47809e-01
2.03528e+01 1.82092e+00 -1.55233e-01
2.07162e+01 1.76286e+00 -1.64598e-01
2.10332e+01 1.70917e+00 -1.74399e-01
2.13502e+01 1.65207e+00 -1.86269e-01
2.16163e+01 1.60095e+00 -1.98415e-01
2.18823e+01 1.54625e+00 -2.13337e-01
2.21097e+01 1.49599e+00 -2.29168e-01
2.23372e+01 1.44170e+00 -2.49047e-01
2.25352e+01 1.39028e+00 -2.71105e-01
2.27333e+01 1.33389e+00 -2.99720e-01
2.29313e+01 1.27090e+00 -3.38422e-01
2.31009e+01 1.20983e+00 -3.84342e-01
2.32705e+01 1.13945e+00 -4.49907e-01
2.34401e+01 1.05531e+00 -5.50074e-01
2.35668e+01 9.78762e-01 -6.65785e-01
2.36708e+01 9.02644e-01 -8.07349e-01
2.37664e+01 8.16822e-01 -1.00136e+00
2.38620e+01 7.07833e-01 -1.30217e+00
2.39455e+01 5.83068e-01 -1.71941e+00
2.40015e+01 4.75738e-01 -2.13491e+00
2.40492e+01 3.62936e-01 -2.61924e+00
2.40924e+01 2.37895e-01 -3.20026e+00
2.41355e+01 8.41583e-02 -3.95457e+00
2.41721e+01 -7.46735e-02 -4.74730e+00
2.42087e+01 -2.64895e-01 -5.66201e+00
2.42467e+01 -4.98610e-01 -6.64059e+00
2.42799e+01 -7.31368e-01 -7.33862e+00
2.43131e+01 -9.81387e-01 -7.63701e+00
2.43352e+01 -1.14936e+00 -7.49805e+00
2.43574e+01 -1.31148e+00 -7.05235e+00
2.43781e+01 -1.45087e+00 -6.39005e+00
2.43988e+01 -1.57468e+00 -5.56030e+00
2.44195e+01 -1.68038e+00 -4.65470e+00
2.44409e+01 -1.77030e+00 -3.72852e+00
2.44641e+01 -1.84595e+00 -2.82804e+00
2.44844e+01 -1.89633e+00 -2.15998e+00
2.45047e+01 -1.93439e+00 -1.61323e+00
2.45249e+01 -1.96254e+00 -1.18012e+00
2.45452e+01 -1.98293e+00 -8.45313e-01
2.45655e+01 -1.99737e+00 -5.91100e-01
2.45858e+01 -2.00734e+00 -4.00580e-01
2.46069e+01 -2.01417e+00 -2.54074e-01
2.46291e+01 -2.01851e+00 -1.42760e-01
2.46527e+01 -2.02083e+00 -5.93995e-02
2.46779e+01 -2.02151e+00 1.93275e-03
2.47051e+01 -2.02081e+00 4.61231e-02
2.47346e+01 -2.01896e+00 7.71951e-02
2.47670e+01 -2.01609e+00 9.84398e-02
2.48028e+01 -2.01228e+00 1.12518e-01
2.48430e+01 -2.00756e+00 1.21547e-01
2.48887e+01 -2.00186e+00 1.27176e-01
2.49415e+01 -1.99505e+00 1.30658e-01
2.50038e+01 -1.98684e+00 1.32923e-01
2.50793e+01 -1.97673e+00 1.34645e-01
2.51744e+01 -1.96384e+00 1.36324e-01
2.53008e+01 -1.94647e+00 1.38407e-01
2.54838e+01 -1.92086e+00 1.41523e-01
2.57892e+01 -1.87679e+00 1.47236e-01
2.60946e+01 -1.83085e+00 1.53745e-01
2.64000e+01 -1.78278e+00 1.61254e-01
2.67054e+01 -1.73223e+00 1.70043e-01
2.70213e+01 -1.67685e+00 1.80915e-01
2.72979e+01 -1.62527e+00 1.92438e-01
2.75745e+01 -1.57017e+00 2.06543e-01
2.78098e+01 -1.51988e+00 2.21366e-01
2.80451e+01 -1.46569e+00 2.39871e-01
2.82492e+01 -1.41475e+00 2.60175e-01
2.84533e+01 -1.35911e+00 2.86288e-01
2.86573e+01 -1.29731e+00 3.21228e-01
2.88283e+01 -1.23914e+00 3.61161e-01
2.89994e+01 -1.17289e+00 4.16891e-01
2.91704e+01 -1.09503e+00 4.99532e-01
2.93156e+01 -1.01523e+00 6.07507e-01
2.94316e+01 -9.37607e-01 7.38878e-01
2.95308e+01 -8.56608e-01 9.06763e-01
2.96348e+01 -7.49153e-01 1.18096e+00
2.97388e+01 -6.04500e-01 1.64247e+00
2.97913e+01 -5.09344e-01 1.99965e+00
2.98404e+01 -4.00776e-01 2.45194e+00
2.98849e+01 -2.80033e-01 3.00021e+00
2.99310e+01 -1.25037e-01 3.75133e+00
2.99673e+01 2.40487e-02 4.49539e+00
3.00048e+01 2.09350e-01 5.40235e+00
3.00423e+01 4.30345e-01 6.37790e+00
3.00798e+01 6.86480e-01 7.23138e+00
3.01174e+01 9.67369e-01 7.63525e+00
3.01399e+01 1.13844e+00 7.51657e+00
3.01623e+01 1.30281e+00 7.08467e+00
3.01830e+01 1.44290e+00 6.43543e+00
3.02036e+01 1.56764e+00 5.61395e+00
3.02243e+01 1.67440e+00 4.71102e+00
3.02450e+01 1.76244e+00 3.81552e+00
3.02712e+01 1.84884e+00 2.79129e+00
3.02908e+01 1.89691e+00 2.15196e+00
3.03111e+01 1.93497e+00 1.60456e+00
3.03315e+01 1.96307e+00 1.17161e+00
3.03519e+01 1.98339e+00 8.37475e-01
3.03723e+01 1.99775e+00 5.84196e-01
3.03926e+01 2.00763e+00 3.94692e-01
3.04138e+01 2.01436e+00 2.49572e-01
3.04361e+01 2.01862e+00 1.39364e-01
3.04597e+01 2.02088e+00 5.68794e-02
3.04849e+01 2.02150e+00 -3.76689e-03
3.05122e+01 2.02077e+00 -4.74278e-02
3.05418e+01 2.01887e+00 -7.80991e-02
3.05743e+01 2.01597e+00 -9.90476e-02
3.06103e+01 2.01213e+00 -1.12914e-01
3.06507e+01 2.00737e+00 -1.21796e-01
3.06966e+01 2.00164e+00 -1.27329e-01
3.07496e+01 1.99478e+00 -1.30755e-01
3.08123e+01 1.98651e+00 -1.32990e-01
3.08884e+01 1.97632e+00 -1.34702e-01
3.09844e+01 1.96331e+00 -1.36388e-01
3.11123e+01 1.94574e+00 -1.38495e-01
3.12981e+01 1.91971e+00 -1.41667e-01
3.16786e+01 1.86446e+00 -1.48923e-01
3.20591e+01 1.80621e+00 -1.57496e-01
3.24396e+01 1.74439e+00 -1.67836e-01
3.27485e+01 1.69101e+00 -1.77999e-01
3.30575e+01 1.63417e+00 -1.90343e-01
3.33163e+01 1.58333e+00 -2.02985e-01
3.35751e+01 1.52886e+00 -2.18564e-01
3.37970e+01 1.47857e+00 -2.35209e-01
3.40190e+01 1.42412e+00 -2.56204e-01
3.42130e+01 1.37225e+00 -2.79708e-01
3.44069e+01 1.31517e+00 -3.10411e-01
3.46008e+01 1.25114e+00 -3.52294e-01
3.47705e+01 1.18726e+00 -4.03765e-01
3.49401e+01 1.11284e+00 -4.78808e-01
3.51097e+01 1.02244e+00 -5.96678e-01
3.52198e+01 9.50639e-01 -7.14869e-01
3.53203e+01 8.71365e-01 -8.73732e-01
3.54136e+01 7.80185e-01 -1.09566e+00
3.55070e+01 6.62983e-01 -1.44348e+00
3.55803e+01 5.42480e-01 -1.87079e+00
3.56317e+01 4.35937e-01 -2.30073e+00
3.56760e+01 3.23431e-01 -2.79848e+00
3.57180e+01 1.93693e-01 -3.41383e+00
3.57599e+01 3.46097e-02 -4.20211e+00
3.58018e+01 -1.61414e-01 -5.17263e+00
3.58438e+01 -4.01027e-01 -6.25858e+00
3.58777e+01 -6.27365e-01 -7.06888e+00
3.59140e+01 -8.95038e-01 -7.59620e+00
3.59407e+01 -1.09847e+00 -7.57267e+00
3.59620e+01 -1.25667e+00 -7.24006e+00
3.59818e+01 -1.39511e+00 -6.68799e+00
3.60030e+01 -1.52866e+00 -5.89671e+00
3.60242e+01 -1.64403e+00 -4.98767e+00
3.60453e+01 -1.73978e+00 -4.05972e+00
3.60692e+01 -1.82488e+00 -3.09072e+00
3.60892e+01 -1.87957e+00 -2.38876e+00
3.61104e+01 -1.92334e+00 -1.77620e+00
3.61315e+01 -1.95552e+00 -1.29081e+00
3.61526e+01 -1.97867e+00 -9.17176e-01
3.61737e+01 -1.99493e+00 -6.35594e-01
3.61949e+01 -2.00603e+00 -4.26587e-01
3.62160e+01 -2.01334e+00 -2.73104e-01
3.62380e+01 -2.01801e+00 -1.57129e-01
3.62614e+01 -2.02060e+00 -7.00806e-02
3.62863e+01 -2.02150e+00 -5.85605e-03
3.63132e+01 -2.02099e+00 4.05699e-02
3.63418e+01 -2.01933e+00 7.28915e-02
3.63737e+01 -2.01662e+00 9.55389e-02
3.64090e+01 -2.01296e+00 1.10624e-01
3.64484e+01 -2.00839e+00 1.20349e-01
3.64931e+01 -2.00286e+00 1.26436e-01
3.65446e+01 -1.99624e+00 1.30196e-01
3.66051e+01 -1.98828e+00 1.32608e-01
3.66781e+01 -1.97853e+00 1.34380e-01
3.67695e+01 -1.96618e+00 1.36036e-01
3.68896e+01 -1.94971e+00 1.38020e-01
3.70605e+01 -1.92589e+00 1.40902e-01
3.73568e+01 -1.88335e+00 1.46355e-01
3.76707e+01 -1.83639e+00 1.52927e-01
3.79847e+01 -1.78721e+00 1.60528e-01
3.82987e+01 -1.73545e+00 1.69451e-01
3.86126e+01 -1.68063e+00 1.80128e-01
3.89266e+01 -1.62210e+00 1.93197e-01
3.91804e+01 -1.57148e+00 2.06183e-01
3.94341e+01 -1.51719e+00 2.22216e-01
3.96526e+01 -1.46683e+00 2.39451e-01
3.98711e+01 -1.41223e+00 2.61263e-01
4.00624e+01 -1.36001e+00 2.85832e-01
4.02537e+01 -1.30240e+00 3.18084e-01
4.04449e+01 -1.23756e+00 3.62352e-01
4.06362e+01 -1.16251e+00 4.26766e-01
4.07947e+01 -1.08893e+00 5.06910e-01
4.09533e+01 -9.99448e-01 6.31998e-01
4.10584e+01 -9.26766e-01 7.59471e-01
4.11564e+01 -8.44243e-01 9.35292e-01
4.12585e+01 -7.35393e-01 1.22036e+00
4.13478e+01 -6.09856e-01 1.62357e+00
4.14069e+01 -5.02556e-01 2.02661e+00
4.14558e+01 -3.92776e-01 2.48693e+00
4.15000e+01 -2.71139e-01 3.04211e+00
4.15458e+01 -1.15420e-01 3.79902e+00
4.15820e+01 3.55240e-02 4.55264e+00
4.16183e+01 2.16206e-01 5.43481e+00
4.16558e+01 4.38312e-01 6.40968e+00
4.16933e+01 6.95366e-01 7.25375e+00
4.17308e+01 9.76592e-01 7.63662e+00
4.17526e+01 1.14198e+00 7.51072e+00
4.17749e+01 1.30566e+00 7.07416e+00
4.17956e+01 1.44552e+00 6.42061e+00
4.18163e+01 1.56996e+00 5.59638e+00
4.18370e+01 1.67637e+00 4.69254e+00
4.18583e+01 1.76676e+00 3.76789e+00
4.18851e+01 1.85323e+00 2.73510e+00
4.19044e+01 1.89987e+00 2.11082e+00
4.19246e+01 1.93700e+00 1.57423e+00
4.19449e+01 1.96442e+00 1.15004e+00
4.19652e+01 1.98426e+00 8.22582e-01
4.19854e+01 1.99829e+00 5.74181e-01
4.20057e+01 2.00795e+00 3.88125e-01
4.20269e+01 2.01458e+00 2.44562e-01
4.20492e+01 2.01875e+00 1.35586e-01
4.20729e+01 2.02094e+00 5.40781e-02
4.20982e+01 2.02150e+00 -5.80414e-03
4.21255e+01 2.02071e+00 -4.88758e-02
4.21553e+01 2.01878e+00 -7.91012e-02
4.21879e+01 2.01583e+00 -9.97206e-02
4.22241e+01 2.01196e+00 -1.13351e-01
4.22646e+01 2.00716e+00 -1.22071e-01
4.23108e+01 2.00139e+00 -1.27499e-01
4.23642e+01 1.99448e+00 -1.30862e-01
4.24273e+01 1.98615e+00 -1.33065e-01
4.25040e+01 1.97587e+00 -1.34767e-01
4.26010e+01 1.96271e+00 -1.36461e-01
4.27305e+01 1.94490e+00 -1.38595e-01
4.29197e+01 1.91838e+00 -1.41832e-01
4.33381e+01 1.85740e+00 -1.49908e-01
4.37565e+01 1.79272e+00 -1.59636e-01
4.40925e+01 1.73754e+00 -1.69072e-01
4.44285e+01 1.67887e+00 -1.80493e-01
4.47059e+01 1.62725e+00 -1.91968e-01
4.49834e+01 1.57211e+00 -2.06010e-01
4.52194e+01 1.52181e+00 -2.20756e-01
4.54554e+01 1.46763e+00 -2.39157e-01
4.56600e+01 1.41672e+00 -2.59330e-01
4.58645e+01 1.36114e+00 -2.85255e-01
4.60691e+01 1.29942e+00 -3.19917e-01
4.62403e+01 1.24145e+00 -3.59428e-01
4.64115e+01 1.17549e+00 -4.14478e-01
4.65827e+01 1.09805e+00 -4.95939e-01
4.67286e+01 1.01848e+00 -6.02592e-01
4.68458e+01 9.40703e-01 -7.33100e-01
4.69453e+01 8.60087e-01 -8.98875e-01
4.70499e+01 7.52988e-01 -1.17015e+00
4.71545e+01 6.08867e-01 -1.62705e+00
4.72076e+01 5.13431e-01 -1.98351e+00
4.72570e+01 4.05055e-01 -2.43332e+00
4.73016e+01 2.84788e-01 -2.97788e+00
4.73480e+01 1.30171e-01 -3.72590e+00
4.73843e+01 -1.79434e-02 -4.46490e+00
4.74219e+01 -2.02360e-01 -5.36915e+00
4.74594e+01 -4.22500e-01 -6.34634e+00
4.74970e+01 -6.78046e-01 -7.20964e+00
4.75346e+01 -9.58947e-01 -7.63327e+00
4.75580e+01 -1.13666e+00 -7.51945e+00
4.75804e+01 -1.30133e+00 -7.09007e+00
4.76011e+01 -1.44154e+00 -6.44306e+00
4.76218e+01 -1.56644e+00 -5.62301e+00
4.76424e+01 -1.67339e+00 -4.72055e+00
4.76631e+01 -1.76161e+00 -3.82468e+00
4.76893e+01 -1.84790e+00 -2.80331e+00
4.77088e+01 -1.89629e+00 -2.16057e+00
4.77292e+01 -1.93455e+00 -1.61087e+00
4.77496e+01 -1.96279e+00 -1.17607e+00
4.77700e+01 -1.98321e+00 -8.40526e-01
4.77904e+01 -1.99764e+00 -5.86224e-01
4.78108e+01 -2.00756e+00 -3.96003e-01
4.78320e+01 -2.01432e+00 -2.50572e-01
4.78542e+01 -2.01860e+00 -1.40118e-01
4.78778e+01 -2.02087e+00 -5.74390e-02
4.79031e+01 -2.02151e+00 3.35974e-03
4.79303e+01 -2.02078e+00 4.71383e-02
4.79599e+01 -2.01889e+00 7.78986e-02
4.79924e+01 -2.01599e+00 9.89129e-02
4.80284e+01 -2.01216e+00 1.12826e-01
4.80687e+01 -2.00741e+00 1.21741e-01
4.81145e+01 -2.00169e+00 1.27295e-01
4.81675e+01 -1.99484e+00 1.30734e-01
4.82301e+01 -1.98659e+00 1.32976e-01
4.83061e+01 -1.97641e+00 1.34689e-01
4.84019e+01 -1.96343e+00 1.36374e-01
4.85294e+01 -1.94590e+00 1.38476e-01
4.87146e+01 -1.91997e+00 1.41634e-01
4.90894e+01 -1.86559e+00 1.48766e-01
4.94641e+01 -1.80831e+00 1.57168e-01
4.98388e+01 -1.74759e+00 1.67266e-01
5.01490e+01 -1.69418e+00 1.77359e-01
5.04592e+01 -1.63733e+00 1.89610e-01
5.07193e+01 -1.58644e+00 2.02162e-01
5.09793e+01 -1.53194e+00 2.17622e-01
5.12023e+01 -1.48165e+00 2.34117e-01
5.14252e+01 -1.42724e+00 2.54907e-01
5.16198e+01 -1.37545e+00 2.78144e-01
5.18145e+01 -1.31850e+00 3.08459e-01
5.20091e+01 -1.25467e+00 3.49749e-01
5.21786e+01 -1.19134e+00 4.00144e-01
5.23482e+01 -1.11772e+00 4.73323e-01
5.25177e+01 -1.02856e+00 5.87647e-01
5.26304e+01 -9.56131e-01 7.04993e-01
5.27319e+01 -8.77254e-01 8.60859e-01
5.28255e+01 -7.87198e-01 1.07708e+00
5.29192e+01 -6.71730e-01 1.41514e+00
5.29943e+01 -5.50536e-01 1.84017e+00
5.30464e+01 -4.44272e-01 2.26552e+00
5.30926e+01 -3.28419e-01 2.77561e+00
5.31347e+01 -1.99302e-01 3.38655e+00
5.31767e+01 -4.09294e-02 4.17050e+00
5.32136e+01 1.27577e-01 5.00796e+00
5.32504e+01 3.29073e-01 5.95121e+00
5.32872e+01 5.65503e-01 6.87499e+00
5.33240e+01 8.31848e-01 7.52312e+00
5.33553e+01 1.07015e+00 7.60161e+00
5.33767e+01 1.23006e+00 7.31727e+00
5.33967e+01 1.37199e+00 6.79841e+00
5.34185e+01 1.51151e+00 6.01344e+00
5.34402e+01 1.63229e+00 5.09031e+00
5.34619e+01 1.73248e+00 4.13631e+00
5.34852e+01 1.81758e+00 3.17948e+00
5.35051e+01 1.87365e+00 2.46807e+00
5.35266e+01 1.91946e+00 1.83250e+00
5.35480e+01 1.95309e+00 1.32870e+00
5.35694e+01 1.97721e+00 9.41421e-01
5.35908e+01 1.99411e+00 6.50293e-01
5.36122e+01 2.00561e+00 4.34918e-01
5.36337e+01 2.01315e+00 2.77364e-01
5.36551e+01 2.01780e+00 1.62991e-01
5.36783e+01 2.02050e+00 7.44476e-02
5.37032e+01 2.02149e+00 9.04724e-03
5.37299e+01 2.02105e+00 -3.82891e-02
5.37585e+01 2.01945e+00 -7.13541e-02
5.37902e+01 2.01679e+00 -9.44982e-02
5.38253e+01 2.01319e+00 -1.09942e-01
5.38644e+01 2.00867e+00 -1.19917e-01
5.39088e+01 2.00319e+00 -1.26168e-01
5.39599e+01 1.99664e+00 -1.30030e-01
5.40198e+01 1.98877e+00 -1.32496e-01
5.40920e+01 1.97913e+00 -1.34288e-01
5.41821e+01 1.96695e+00 -1.35939e-01
5.43002e+01 1.95078e+00 -1.37893e-01
5.44673e+01 1.92751e+00 -1.40701e-01
5.47499e+01 1.88703e+00 -1.45864e-01
5.50663e+01 1.83986e+00 -1.52420e-01
5.53828e+01 1.79046e+00 -1.60001e-01
5.56992e+01 1.73846e+00 -1.68903e-01
5.60157e+01 1.68338e+00 -1.79557e-01
5.63321e+01 1.62458e+00 -1.92604e-01
5.65868e+01 1.57393e+00 -2.05515e-01
5.68415e+01 1.51962e+00 -2.21446e-01
5.70607e+01 1.46927e+00 -2.38556e-01
5.72799e+01 1.41471e+00 -2.60194e-01
5.74718e+01 1.36256e+00 -2.84535e-01
5.76636e+01 1.30507e+00 -3.16454e-01
5.78554e+01 1.24041e+00 -3.60208e-01
5.80472e+01 1.16563e+00 -4.23767e-01
5.82066e+01 1.09219e+00 -5.02947e-01
5.83660e+01 1.00298e+00 -6.26426e-01
5.84721e+01 9.30282e-01 -7.52731e-01
5.85705e+01 8.48210e-01 -9.26054e-01
5.86732e+01 7.39826e-01 -1.20756e+00
5.87759e+01 5.93772e-01 -1.68072e+00
5.88269e+01 4.99239e-01 -2.03985e+00
5.88752e+01 3.90177e-01 -2.49834e+00
5.89193e+01 2.68246e-01 -3.05578e+00
5.89650e+01 1.12289e-01 -3.81457e+00
5.90012e+01 -3.92718e-02 -4.57132e+00
5.90375e+01 -2.20675e-01 -5.45591e+00
5.90750e+01 -4.43956e-01 -6.43202e+00
5.91126e+01 -7.02174e-01 -7.27052e+00
5.91501e+01 -9.84196e-01 -7.63712e+00
5.91717e+01 -1.14809e+00 -7.50028e+00
5.91940e+01 -1.31051e+00 -7.05603e+00
5.92147e+01 -1.44997e+00 -6.39519e+00
5.92353e+01 -1.57389e+00 -5.56636e+00
5.92560e+01 -1.67971e+00 -4.66104e+00
5.92775e+01 -1.76971e+00 -3.73512e+00
5.93007e+01 -1.84575e+00 -2.83058e+00
5.93210e+01 -1.89615e+00 -2.16254e+00
5.93413e+01 -1.93423e+00 -1.61564e+00
5.93615e+01 -1.96240e+00 -1.18228e+00
5.93818e+01 -1.98282e+00 -8.47170e-01
5.94021e+01 -1.99729e+00 -5.92657e-01
5.94223e+01 -2.00727e+00 -4.01859e-01
5.94435e+01 -2.01413e+00 -2.55052e-01
5.94657e+01 -2.01849e+00 -1.43497e-01
5.94892e+01 -2.02082e+00 -5.99472e-02
5.95144e+01 -2.02151e+00 1.53388e-03
5.95415e+01 -2.02082e+00 4.58391e-02
5.95710e+01 -2.01898e+00 7.69983e-02
5.96034e+01 -2.01611e+00 9.83074e-02
5.96393e+01 -2.01231e+00 1.12432e-01
5.96794e+01 -2.00760e+00 1.21492e-01
5.97251e+01 -2.00191e+00 1.27142e-01
5.97778e+01 -1.99511e+00 1.30637e-01
5.98400e+01 -1.98691e+00 1.32909e-01
5.99154e+01 -1.97681e+00 1.34632e-01
6.00103e+01 -1.96395e+00 1.36310e-01
6.01364e+01 -1.94663e+00 1.38389e-01
6.03188e+01 -1.92111e+00 1.41492e-01
6.06253e+01 -1.87688e+00 1.47224e-01
6.09319e+01 -1.83077e+00 1.53757e-01
6.12384e+01 -1.78251e+00 1.61298e-01
6.15450e+01 -1.73175e+00 1.70131e-01
6.18515e+01 -1.67803e+00 1.80669e-01
6.21580e+01 -1.62075e+00 1.93522e-01
6.24115e+01 -1.57011e+00 2.06559e-01
6.26649e+01 -1.51580e+00 2.22661e-01
6.28829e+01 -1.46543e+00 2.39967e-01
6.31010e+01 -1.41082e+00 2.61877e-01
6.32919e+01 -1.35855e+00 2.86578e-01
6.34829e+01 -1.30087e+00 3.19023e-01
6.36739e+01 -1.23593e+00 3.63591e-01
6.38649e+01 -1.16072e+00 4.28503e-01
6.40229e+01 -1.08705e+00 5.09207e-01
6.41810e+01 -9.97417e-01 6.35231e-01
6.42855e+01 -9.24734e-01 7.63395e-01
6.43833e+01 -8.41946e-01 9.40678e-01
6.44851e+01 -7.32818e-01 1.22784e+00
6.45736e+01 -6.07644e-01 1.63136e+00
6.46326e+01 -5.00167e-01 2.03614e+00
6.46814e+01 -3.90111e-01 2.49863e+00
6.47255e+01 -2.68173e-01 3.05612e+00
6.47711e+01 -1.12210e-01 3.81496e+00
6.48074e+01 3.93663e-02 4.57179e+00
6.48436e+01 2.20787e-01 5.45644e+00
6.48812e+01 4.44098e-01 6.43259e+00
6.49187e+01 7.02346e-01 7.27094e+00
6.49563e+01 9.84389e-01 7.63713e+00
6.49779e+01 1.14828e+00 7.49995e+00
6.50001e+01 1.31065e+00 7.05546e+00
6.50208e+01 1.45011e+00 6.39441e+00
6.50415e+01 1.57401e+00 5.56544e+00
6.50622e+01 1.67981e+00 4.66008e+00
6.50836e+01 1.76980e+00 3.73412e+00
6.51069e+01 1.84578e+00 2.83019e+00
6.51271e+01 1.89617e+00 2.16215e+00
6.51474e+01 1.93426e+00 1.61527e+00
6.51677e+01 1.96242e+00 1.18195e+00
6.51879e+01 1.98284e+00 8.46887e-01
6.52082e+01 1.99730e+00 5.92420e-01
6.52285e+01 2.00728e+00 4.01665e-01
6.52496e+01 2.01414e+00 2.54903e-01
6.52718e+01 2.01849e+00 1.43385e-01
6.52954e+01 2.02082e+00 5.98638e-02
6.53205e+01 2.02151e+00 -1.59465e-03
6.53477e+01 2.02082e+00 -4.58824e-02
6.53772e+01 2.01897e+00 -7.70283e-02
6.54096e+01 2.01611e+00 -9.83276e-02
6.54454e+01 2.01231e+00 -1.12445e-01
6.54856e+01 2.00759e+00 -1.21501e-01
6.55312e+01 2.00190e+00 -1.27147e-01
6.55839e+01 1.99510e+00 -1.30641e-01
6.56461e+01 1.98689e+00 -1.32911e-01
6.57216e+01 1.97680e+00 -1.34634e-01
6.58166e+01 1.96393e+00 -1.36312e-01
6.59427e+01 1.94661e+00 -1.38391e-01
6.61252e+01 1.92107e+00 -1.41497e-01
6.64315e+01 1.87686e+00 -1.47226e-01
6.67379e+01 1.83078e+00 -1.53755e-01
6.70443e+01 1.78255e+00 -1.61291e-01
6.73506e+01 1.73182e+00 -1.70117e-01
6.76570e+01 1.67814e+00 -1.80646e-01
6.79634e+01 1.62090e+00 -1.93486e-01
6.82169e+01 1.57025e+00 -2.06519e-01
6.84703e+01 1.51594e+00 -2.22616e-01
6.86884e+01 1.46558e+00 -2.39914e-01
6.89065e+01 1.41097e+00 -2.61813e-01
6.90975e+01 1.35870e+00 -2.86501e-01
6.92885e+01 1.30103e+00 -3.18926e-01
6.94795e+01 1.23610e+00 -3.63464e-01
6.96706e+01 1.16090e+00 -4.28324e-01
6.98286e+01 1.08724e+00 -5.08971e-01
6.99867e+01 9.97625e-01 -6.34898e-01
7.00913e+01 9.24943e-01 -7.62990e-01
7.01892e+01 8.42183e-01 -9.40123e-01
7.02910e+01 7.33083e-01 -1.22707e+00
7.03796e+01 6.07876e-01 -1.63054e+00
7.04386e+01 5.00415e-01 -2.03515e+00
7.04874e+01 3.90387e-01 -2.49742e+00
7.05315e+01 2.68481e-01 -3.05467e+00
7.05771e+01 1.12543e-01 -3.81331e+00
7.06134e+01 -3.89680e-02 -4.56980e+00
7.06496e+01 -2.20312e-01 -5.45420e+00
7.06872e+01 -4.43497e-01 -6.43021e+00
7.07247e+01 -7.01620e-01 -7.26916e+00
7.07623e+01 -9.83577e-01 -7.63710e+00
7.07839e+01 -1.14749e+00 -7.50132e+00
7.08061e+01 -1.31003e+00 -7.05783e+00
7.08268e+01 -1.44954e+00 -6.39770e+00
7.08475e+01 -1.57350e+00 -5.56932e+00
7.08682e+01 -1.67938e+00 -4.66415e+00
7.08896e+01 -1.76942e+00 -3.73835e+00
7.09129e+01 -1.84565e+00 -2.83181e+00
7.09332e+01 -1.89606e+00 -2.16378e+00
7.09534e+01 -1.93415e+00 -1.61681e+00
7.09737e+01 -1.96234e+00 -1.18333e+00
7.09940e+01 -1.98277e+00 -8.48077e-01
7.10142e+01 -1.99725e+00 -5.93419e-01
7.10345e+01 -2.00724e+00 -4.02485e-01
7.10556e+01 -2.01411e+00 -2.55531e-01
7.10778e+01 -2.01847e+00 -1.43859e-01
7.11014e+01 -2.02082e+00 -6.02154e-02
7.11265e+01 -2.02151e+00 1.33858e-03
7.11537e+01 -2.02083e+00 4.57001e-02
7.11832e+01 -2.01898e+00 7.69019e-02
7.12155e+01 -2.01612e+00 9.82425e-02
7.12513e+01 -2.01233e+00 1.12390e-01
7.12915e+01 -2.00762e+00 1.21466e-01
7.13371e+01 -2.00193e+00 1.27125e-01
7.13898e+01 -1.99513e+00 1.30627e-01
7.14519e+01 -1.98694e+00 1.32902e-01
7.15273e+01 -1.97686e+00 1.34626e-01
7.16221e+01 -1.96400e+00 1.36303e-01
7.17481e+01 -1.94671e+00 1.38379e-01
7.19302e+01 -1.92123e+00 1.41477e-01
7.22373e+01 -1.87692e+00 1.47218e-01
7.25444e+01 -1.83073e+00 1.53763e-01
7.28514e+01 -1.78238e+00 1.61319e-01
7.31585e+01 -1.73152e+00 1.70173e-01
7.34656e+01 -1.67769e+00 1.80740e-01
7.37727e+01 -1.62028e+00 1.93636e-01
7.40259e+01 -1.56965e+00 2.06686e-01
7.42791e+01 -1.51535e+00 2.22806e-01
7.44970e+01 -1.46498e+00 2.40136e-01
7.47150e+01 -1.41036e+00 2.62078e-01
7.49058e+01 -1.35807e+00 2.86823e-01
7.50967e+01 -1.30037e+00 3.19332e-01
7.52876e+01 -1.23540e+00 3.63998e-01
7.54785e+01 -1.16013e+00 4.29073e-01
7.56364e+01 -1.08643e+00 5.09962e-01
7.57942e+01 -9.96751e-01 6.36294e-01
7.58986e+01 -9.24067e-01 7.64687e-01
7.59964e+01 -8.41192e-01 9.42454e-01
7.60980e+01 -7.31970e-01 1.23031e+00
7.61863e+01 -6.06900e-01 1.63398e+00
7.62452e+01 -4.99376e-01 2.03930e+00
7.62940e+01 -3.89228e-01 2.50252e+00
7.63380e+01 -2.67191e-01 3.06077e+00
7.63836e+01 -1.11146e-01 3.82025e+00
7.64199e+01 4.06411e-02 4.57814e+00
7.64561e+01 2.22308e-01 5.46361e+00
7.64937e+01 4.46025e-01 6.44018e+00
7.65313e+01 7.04675e-01 7.27659e+00
7.65689e+01 9.86992e-01 7.63716e+00
7.65904e+01 1.15081e+00 7.49550e+00
7.66126e+01 1.31266e+00 7.04788e+00
7.66333e+01 1.45195e+00 6.38383e+00
7.66540e+01 1.57563e+00 5.55299e+00
7.66747e+01 1.68118e+00 4.64707e+00
7.66962e+01 1.77101e+00 3.72057e+00
7.67192e+01 1.84619e+00 2.82495e+00
7.67393e+01 1.89614e+00 2.16269e+00
7.67594e+01 1.93396e+00 1.61965e+00
7.67795e+01 1.96202e+00 1.18846e+00
7.67997e+01 1.98240e+00 8.54244e-01
7.68198e+01 1.99690e+00 5.99758e-01
7.68399e+01 2.00694e+00 4.08477e-01
7.68609e+01 2.01391e+00 2.60117e-01
7.68831e+01 2.01835e+00 1.47320e-01
7.69066e+01 2.02076e+00 6.27865e-02
7.69317e+01 2.02151e+00 5.34560e-04
7.69588e+01 2.02087e+00 -4.43660e-02
7.69882e+01 2.01907e+00 -7.59763e-02
7.70204e+01 2.01624e+00 -9.76193e-02
7.70561e+01 2.01248e+00 -1.11983e-01
7.70961e+01 2.00780e+00 -1.21209e-01
7.71415e+01 2.00215e+00 -1.26967e-01
7.71939e+01 1.99540e+00 -1.30528e-01
7.72556e+01 1.98726e+00 -1.32834e-01
7.73304e+01 1.97726e+00 -1.34568e-01
7.74244e+01 1.96453e+00 -1.36240e-01
7.75490e+01 1.94743e+00 -1.38293e-01
7.77283e+01 1.92236e+00 -1.41337e-01
7.80628e+01 1.87406e+00 -1.47607e-01
7.83974e+01 1.82350e+00 -1.54846e-01
7.87319e+01 1.77032e+00 -1.63328e-01
7.90664e+01 1.71404e+00 -1.73460e-01
7.93595e+01 1.66167e+00 -1.84155e-01
7.96527e+01 1.60585e+00 -1.97180e-01
7.99006e+01 1.55533e+00 -2.10706e-01
8.01486e+01 1.50108e+00 -2.27462e-01
8.03624e+01 1.45060e+00 -2.45567e-01
8.05761e+01 1.39576e+00 -2.68585e-01
8.07639e+01 1.34296e+00 -2.94763e-01
8.09517e+01 1.28451e+00 -3.29377e-01
8.11396e+01 1.21841e+00 -3.77325e-01
8.13274e+01 1.14138e+00 -4.47906e-01
8.14803e+01 1.06667e+00 -5.34998e-01
8.16386e+01 9.71663e-01 -6.77829e-01
8.17353e+01 8.99952e-01 -8.12869e-01
8.18308e+01 8.13605e-01 -1.00936e+00
8.19262e+01 7.03806e-01 -1.31445e+00
8.20086e+01 5.79609e-01 -1.73203e+00
8.20644e+01 4.71913e-01 -2.15059e+00
8.21120e+01 3.58726e-01 -2.63812e+00
8.21550e+01 2.33197e-01 -3.22279e+00
8.21980e+01 7.89027e-02 -3.98078e+00
8.22346e+01 -8.10194e-02 -4.77874e+00
8.22712e+01 -2.72506e-01 -5.69696e+00
8.23091e+01 -5.07027e-01 -6.67140e+00
8.23423e+01 -7.40234e-01 -7.35806e+00
8.23754e+01 -9.90157e-01 -7.63711e+00
8.23975e+01 -1.15762e+00 -7.48313e+00
8.24195e+01 -1.31804e+00 -7.02722e+00
8.24429e+01 -1.47403e+00 -6.25283e+00
8.24632e+01 -1.59280e+00 -5.41840e+00
8.24836e+01 -1.69387e+00 -4.52518e+00
8.25054e+01 -1.78243e+00 -3.59193e+00
8.25268e+01 -1.85023e+00 -2.77355e+00
8.25469e+01 -1.89929e+00 -2.11889e+00
8.25671e+01 -1.93637e+00 -1.58368e+00
8.25872e+01 -1.96382e+00 -1.15974e+00
8.26073e+01 -1.98372e+00 -8.31777e-01
8.26275e+01 -1.99784e+00 -5.82452e-01
8.26476e+01 -2.00760e+00 -3.95293e-01
8.26688e+01 -2.01434e+00 -2.50041e-01
8.26910e+01 -2.01861e+00 -1.39717e-01
8.27146e+01 -2.02088e+00 -5.71417e-02
8.27399e+01 -2.02151e+00 3.57609e-03
8.27671e+01 -2.02077e+00 4.72922e-02
8.27967e+01 -2.01888e+00 7.80051e-02
8.28292e+01 -2.01598e+00 9.89845e-02
8.28652e+01 -2.01214e+00 1.12873e-01
8.29056e+01 -2.00739e+00 1.21770e-01
8.29515e+01 -2.00166e+00 1.27313e-01
8.30045e+01 -1.99481e+00 1.30745e-01
8.30671e+01 -1.98655e+00 1.32983e-01
8.31432e+01 -1.97637e+00 1.34696e-01
8.32391e+01 -1.96337e+00 1.36381e-01
8.33667e+01 -1.94582e+00 1.38486e-01
8.35523e+01 -1.91983e+00 1.41651e-01
8.39300e+01 -1.86500e+00 1.48848e-01
8.43078e+01 -1.80722e+00 1.57339e-01
8.46855e+01 -1.74591e+00 1.67563e-01
8.49951e+01 -1.69252e+00 1.77693e-01
8.53046e+01 -1.63568e+00 1.89992e-01
8.55640e+01 -1.58482e+00 2.02591e-01
8.58234e+01 -1.53033e+00 2.18113e-01
8.60458e+01 -1.48004e+00 2.34686e-01
8.62683e+01 -1.42561e+00 2.55582e-01
8.64625e+01 -1.37378e+00 2.78958e-01
8.66568e+01 -1.31676e+00 3.09475e-01
8.68511e+01 -1.25283e+00 3.51072e-01
8.70206e+01 -1.18922e+00 4.02024e-01
8.71902e+01 -1.11518e+00 4.76165e-01
8.73598e+01 -1.02538e+00 5.92314e-01
8.74711e+01 -9.53314e-01 7.10041e-01
8.75722e+01 -8.74099e-01 8.67732e-01
8.76657e+01 -7.83451e-01 1.08698e+00
8.77592e+01 -6.67070e-01 1.43019e+00
8.78334e+01 -5.46250e-01 1.85643e+00
8.78850e+01 -4.39840e-01 2.28421e+00
8.79310e+01 -3.23553e-01 2.79792e+00
8.79730e+01 -1.93849e-01 3.41307e+00
8.80149e+01 -3.48116e-02 4.20110e+00
8.80568e+01 1.61154e-01 5.17138e+00
8.80988e+01 4.00699e-01 6.25723e+00
8.81327e+01 6.27085e-01 7.06805e+00
8.81690e+01 8.94820e-01 7.59601e+00
8.81957e+01 1.09830e+00 7.57286e+00
8.82170e+01 1.25650e+00 7.24059e+00
8.82368e+01 1.39496e+00 6.68873e+00
8.82580e+01 1.52855e+00 5.89749e+00
8.82792e+01 1.64395e+00 4.98836e+00
8.83004e+01 1.73973e+00 4.06025e+00
8.83242e+01 1.82483e+00 3.09134e+00
8.83443e+01 1.87953e+00 2.38930e+00
8.83654e+01 1.92331e+00 1.77659e+00
8.83865e+01 1.95551e+00 1.29107e+00
8.84077e+01 1.97866e+00 9.17346e-01
8.84288e+01 1.99492e+00 6.35699e-01
8.84499e+01 2.00603e+00 4.26649e-01
8.84710e+01 2.01334e+00 2.73137e-01
8.84931e+01 2.01801e+00 1.57154e-01
8.85164e+01 2.02060e+00 7.00992e-02
8.85414e+01 2.02150e+00 5.86962e-03
8.85682e+01 2.02099e+00 -4.05602e-02
8.85969e+01 2.01933e+00 -7.28850e-02
8.86288e+01 2.01662e+00 -9.55344e-02
8.86640e+01 2.01296e+00 -1.10621e-01
8.87035e+01 2.00839e+00 -1.20348e-01
8.87481e+01 2.00286e+00 -1.26435e-01
8.87996e+01 1.99624e+00 -1.30196e-01
8.88601e+01 1.98829e+00 -1.32607e-01
8.89332e+01 1.97853e+00 -1.34379e-01
8.90245e+01 1.96618e+00 -1.36035e-01
8.91446e+01 1.94972e+00 -1.38020e-01
8.93155e+01 1.92589e+00 -1.40901e-01
8.96117e+01 1.88336e+00 -1.46352e-01
8.99257e+01 1.83641e+00 -1.52925e-01
9.02397e+01 1.78723e+00 -1.60526e-01
9.05536e+01 1.73547e+00 -1.69449e-01
9.08676e+01 1.68064e+00 -1.80125e-01
9.11816e+01 1.62211e+00 -1.93194e-01
9.14354e+01 1.57149e+00 -2.06180e-01
9.16891e+01 1.51721e+00 -2.22212e-01
9.19076e+01 1.46684e+00 -2.39447e-01
9.21261e+01 1.41225e+00 -2.61257e-01
9.23174e+01 1.36002e+00 -2.85825e-01
9.25087e+01 1.30241e+00 -3.18075e-01
9.26999e+01 1.23758e+00 -3.62342e-01
9.28912e+01 1.16252e+00 -4.26751e-01
9.30498e+01 1.08894e+00 -5.06890e-01
9.32083e+01 9.99466e-01 -6.31970e-01
9.33134e+01 9.26784e-01 -7.59437e-01
9.34114e+01 8.44263e-01 -9.35245e-01
9.35135e+01 7.35416e-01 -1.22029e+00
9.36028e+01 6.09876e-01 -1.62350e+00
9.36620e+01 5.02577e-01 -2.02652e+00
9.37109e+01 3.92800e-01 -2.48683e+00
9.37551e+01 2.71165e-01 -3.04199e+00
9.38008e+01 1.15448e-01 -3.79888e+00
9.38371e+01 -3.54904e-02 -4.55247e+00
9.38733e+01 -2.16166e-01 -5.43462e+00
9.39108e+01 -4.38262e-01 -6.40948e+00
9.39483e+01 -6.95306e-01 -7.25360e+00
9.39858e+01 -9.76524e-01 -7.63662e+00
9.40076e+01 -1.14196e+00 -7.51076e+00
9.40300e+01 -1.30564e+00 -7.07423e+00
9.40507e+01 -1.44550e+00 -6.42072e+00
9.40713e+01 -1.56994e+00 -5.59651e+00
9.40920e+01 -1.67636e+00 -4.69267e+00
9.41134e+01 -1.76674e+00 -3.76802e+00
9.41401e+01 -1.85322e+00 -2.73528e+00
9.41594e+01 -1.89986e+00 -2.11095e+00
9.41797e+01 -1.93699e+00 -1.57433e+00
9.42000e+01 -1.96442e+00 -1.15011e+00
9.42202e+01 -1.98426e+00 -8.22629e-01
9.42405e+01 -1.99829e+00 -5.74213e-01
9.42607e+01 -2.00795e+00 -3.88146e-01
9.42819e+01 -2.01458e+00 -2.44578e-01
9.43043e+01 -2.01875e+00 -1.35599e-01
9.43279e+01 -2.02094e+00 -5.40871e-02
9.43533e+01 -2.02150e+00 5.79757e-03
9.43806e+01 -2.02071e+00 4.88711e-02
9.44103e+01 -2.01878e+00 7.90980e-02
9.44429e+01 -2.01583e+00 9.97185e-02
9.44791e+01 -2.01196e+00 1.13350e-01
9.45197e+01 -2.00716e+00 1.22071e-01
9.45658e+01 -2.00139e+00 1.27499e-01
9.46192e+01 -1.99449e+00 1.30861e-01
9.46823e+01 -1.98615e+00 1.33065e-01
9.47591e+01 -1.97587e+00 1.34767e-01
9.48561e+01 -1.96272e+00 1.36461e-01
9.49856e+01 -1.94491e+00 1.38595e-01
9.51747e+01 -1.91838e+00 1.41832e-01
9.55930e+01 -1.85743e+00 1.49904e-01
9.60112e+01 -1.79277e+00 1.59627e-01
9.63472e+01 -1.73759e+00 1.69061e-01
9.66832e+01 -1.67893e+00 1.80481e-01
9.69607e+01 -1.62731e+00 1.91955e-01
9.72382e+01 -1.57217e+00 2.05995e-01
9.74742e+01 -1.52187e+00 2.20739e-01
9.77102e+01 -1.46769e+00 2.39137e-01
9.79148e+01 -1.41678e+00 2.59306e-01
9.81194e+01 -1.36120e+00 2.85226e-01
9.83240e+01 -1.29948e+00 3.19880e-01
9.84952e+01 -1.24151e+00 3.59379e-01
9.86663e+01 -1.17556e+00 4.14410e-01
9.88375e+01 -1.09814e+00 4.95838e-01
9.89835e+01 -1.01857e+00 6.02454e-01
9.91007e+01 -9.40790e-01 7.32939e-01
9.92002e+01 -8.60185e-01 8.98655e-01
9.93048e+01 -7.53096e-01 1.16985e+00
9.94095e+01 -6.08989e-01 1.62662e+00
9.94626e+01 -5.13545e-01 1.98306e+00
9.95120e+01 -4.05174e-01 2.43280e+00
9.95566e+01 -2.84920e-01 2.97726e+00
9.96030e+01 -1.30314e-01 3.72519e+00
9.96393e+01 1.77737e-02 4.46406e+00
9.96769e+01 2.02166e-01 5.36823e+00
9.97145e+01 4.22283e-01 6.34546e+00
9.97520e+01 6.77812e-01 7.20903e+00
9.97896e+01 9.58714e-01 7.63320e+00
9.98130e+01 1.13649e+00 7.51973e+00
9.98355e+01 1.30120e+00 7.09057e+00
9.98561e+01 1.44141e+00 6.44377e+00
9.98768e+01 1.56633e+00 5.62385e+00
9.98975e+01 1.67329e+00 4.72144e+00
9.99181e+01 1.76153e+00 3.82554e+00
9.99443e+01 1.84781e+00 2.80443e+00
9.99638e+01 1.89623e+00 2.16137e+00
9.99842e+01 1.93451e+00 1.61146e+00
1.00000e+02 1.95709e+00 1.26627e+00
