1.00000e-06 1.00000e+00 -1.00000e-06
6.00000e-06 1.00000e+00 -6.00000e-06
3.10000e-05 1.00000e+00 -3.10000e-05
1.56000e-04 1.00000e+00 -1.56000e-04
7.81000e-04 1.00000e+00 -7.81000e-04
3.90600e-03 9.99992e-01 -3.90599e-03
1.95310e-02 9.99809e-01 -1.95300e-02
9.76560e-02 9.95232e-01 -9.76824e-02
2.37815e-01 9.71551e-01 -2.41981e-01
3.51803e-01 9.36574e-01 -3.75967e-01
4.51177e-01 8.92162e-01 -5.25139e-01
5.41322e-01 8.36806e-01 -7.14976e-01
6.31466e-01 7.60186e-01 -1.00899e+00
6.95688e-01 6.85492e-01 -1.34058e+00
7.39047e-01 6.20691e-01 -1.66606e+00
7.78766e-01 5.46761e-01 -2.07895e+00
8.13226e-01 4.67092e-01 -2.56970e+00
8.43684e-01 3.80384e-01 -3.15133e+00
8.74142e-01 2.73166e-01 -3.92667e+00
8.97806e-01 1.71376e-01 -4.70536e+00
9.22643e-01 4.22810e-02 -5.72760e+00
9.47480e-01 -1.15068e-01 -6.98129e+00
9.72317e-01 -3.06180e-01 -8.43255e+00
9.97154e-01 -5.34284e-01 -9.91686e+00
1.01587e+00 -7.28953e-01 -1.08362e+01
1.03562e+00 -9.48975e-01 -1.13338e+01
1.05064e+00 -1.11895e+00 -1.12211e+01
1.06447e+00 -1.27084e+00 -1.06824e+01
1.07640e+00 -1.39388e+00 -9.90219e+00
1.08892e+00 -1.51145e+00 -8.83868e+00
1.10145e+00 -1.61465e+00 -7.62689e+00
1.11397e+00 -1.70233e+00 -6.37770e+00
1.12759e+00 -1.78026e+00 -5.08687e+00
1.13861e+00 -1.83105e+00 -4.14842e+00
1.15183e+00 -1.87930e+00 -3.18126e+00
1.16338e+00 -1.91190e+00 -2.48306e+00
1.17534e+00 -1.93795e+00 -1.89619e+00
1.18730e+00 -1.95773e+00 -1.43077e+00
1.19926e+00 -1.97257e+00 -1.06742e+00
1.21121e+00 -1.98359e+00 -7.87111e-01
1.22364e+00 -1.99193e+00 -5.65462e-01
1.23661e+00 -1.99808e+00 -3.92868e-01
1.25023e+00 -2.00248e+00 -2.60030e-01
1.26464e+00 -2.00546e+00 -1.59241e-01
1.28000e+00 -2.00729e+00 -8.40616e-02
1.29648e+00 -2.00820e+00 -2.91007e-02
1.31428e+00 -2.00834e+00 1.01423e-02
1.33367e+00 -2.00786e+00 3.73955e-02
1.35496e+00 -2.00685e+00 5.57124e-02
1.37859e+00 -2.00538e+00 6.75558e-02
1.40510e+00 -2.00348e+00 7.48728e-02
1.43528e+00 -2.00115e+00 7.91640e-02
1.46924e+00 -1.99842e+00 8.15026e-02
1.50930e+00 -1.99512e+00 8.27800e-02
1.55789e+00 -1.99108e+00 8.35076e-02
1.61893e+00 -1.98597e+00 8.40219e-02
1.69883e+00 -1.97923e+00 8.45391e-02
1.80541e+00 -1.97019e+00 8.51948e-02
2.00338e+00 -1.95320e+00 8.64452e-02
2.39110e+00 -1.91918e+00 8.90757e-02
2.77883e+00 -1.88409e+00 9.19799e-02
3.16655e+00 -1.84781e+00 9.52117e-02
3.55427e+00 -1.81021e+00 9.88381e-02
3.88205e+00 -1.77726e+00 1.02274e-01
4.20982e+00 -1.74312e+00 1.06126e-01
4.53759e+00 -1.70764e+00 1.10482e-01
4.86536e+00 -1.67063e+00 1.15463e-01
5.19313e+00 -1.63186e+00 1.21234e-01
5.52090e+00 -1.59105e+00 1.28023e-01
5.86087e+00 -1.54613e+00 1.36508e-01
6.14966e+00 -1.50548e+00 1.45285e-01
6.43845e+00 -1.46202e+00 1.56075e-01
6.67766e+00 -1.42341e+00 1.67145e-01
6.91688e+00 -1.38183e+00 1.80974e-01
7.11919e+00 -1.34379e+00 1.95749e-01
7.32149e+00 -1.30236e+00 2.14674e-01
7.49588e+00 -1.26314e+00 2.35929e-01
7.67028e+00 -1.21966e+00 2.64210e-01
7.84468e+00 -1.17034e+00 3.03760e-01
7.99382e+00 -1.12162e+00 3.52587e-01
8.14297e+00 -1.06396e+00 4.26006e-01
8.27305e+00 -1.00248e+00 5.27169e-01
8.37137e+00 -9.45191e-01 6.46562e-01
8.45584e+00 -8.84438e-01 8.03050e-01
8.54557e+00 -8.01422e-01 1.07073e+00
8.63530e+00 -6.86131e-01 1.54886e+00
8.67181e+00 -6.24251e-01 1.85519e+00
8.70931e+00 -5.47095e-01 2.28242e+00
8.74268e+00 -4.62701e-01 2.80196e+00
8.77217e+00 -3.71440e-01 3.41689e+00
8.80166e+00 -2.59219e-01 4.23380e+00
8.82479e+00 -1.52063e-01 5.05877e+00
8.84899e+00 -1.71566e-02 6.13076e+00
8.87318e+00 1.46449e-01 7.42971e+00
8.89738e+00 3.43805e-01 8.90271e+00
8.92157e+00 5.77134e-01 1.03540e+01
8.94022e+00 7.78722e-01 1.12075e+01
8.95950e+00 9.99301e-01 1.15532e+01
8.97236e+00 1.14699e+00 1.13580e+01
8.98580e+00 1.29601e+00 1.07528e+01
8.99747e+00 1.41692e+00 9.92327e+00
9.00960e+00 1.53087e+00 8.83566e+00
9.02173e+00 1.63073e+00 7.61831e+00
9.03386e+00 1.71558e+00 6.37618e+00
9.04753e+00 1.79357e+00 5.05500e+00
9.05908e+00 1.84610e+00 4.06237e+00
9.07221e+00 1.89295e+00 3.10264e+00
9.08356e+00 1.92415e+00 2.42138e+00
9.09490e+00 1.94835e+00 1.86705e+00
9.10624e+00 1.96692e+00 1.42413e+00
9.11758e+00 1.98101e+00 1.07518e+00
9.12945e+00 1.99202e+00 7.92101e-01
9.14173e+00 2.00031e+00 5.69575e-01
9.15453e+00 2.00644e+00 3.96229e-01
9.16798e+00 2.01083e+00 2.62755e-01
9.18222e+00 2.01380e+00 1.61442e-01
9.19739e+00 2.01564e+00 8.58392e-02
9.21366e+00 2.01656e+00 3.05431e-02
9.23125e+00 2.01673e+00 -8.95909e-03
9.25039e+00 2.01627e+00 -3.64075e-02
9.27115e+00 2.01531e+00 -5.46901e-02
9.29444e+00 2.01388e+00 -6.66991e-02
9.32056e+00 2.01203e+00 -7.41267e-02
9.35028e+00 2.00976e+00 -7.84872e-02
9.38372e+00 2.00709e+00 -8.08649e-02
9.42314e+00 2.00387e+00 -8.21594e-02
9.47092e+00 1.99993e+00 -8.28889e-02
9.53089e+00 1.99494e+00 -8.33941e-02
9.60938e+00 1.98837e+00 -8.38935e-02
9.71455e+00 1.97952e+00 -8.45252e-02
9.90748e+00 1.96310e+00 -8.57122e-02
1.02966e+01 1.92926e+00 -8.82787e-02
1.06856e+01 1.89437e+00 -9.11077e-02
1.10747e+01 1.85832e+00 -9.42500e-02
1.14638e+01 1.82098e+00 -9.77685e-02
1.17953e+01 1.78803e+00 -1.01123e-01
1.21268e+01 1.75390e+00 -1.04877e-01
1.24583e+01 1.71844e+00 -1.09115e-01
1.27898e+01 1.68149e+00 -1.13952e-01
1.31213e+01 1.64281e+00 -1.19542e-01
1.34528e+01 1.60213e+00 -1.26100e-01
1.38006e+01 1.55688e+00 -1.34370e-01
1.40966e+01 1.51588e+00 -1.42929e-01
1.43926e+01 1.47207e+00 -1.53435e-01
1.46371e+01 1.43328e+00 -1.64165e-01
1.48817e+01 1.39157e+00 -1.77537e-01
1.50880e+01 1.35353e+00 -1.91747e-01
1.52943e+01 1.31219e+00 -2.09881e-01
1.54716e+01 1.27324e+00 -2.30107e-01
1.56490e+01 1.23017e+00 -2.56866e-01
1.58264e+01 1.18150e+00 -2.94021e-01
1.59753e+01 1.13463e+00 -3.38478e-01
1.61241e+01 1.07972e+00 -4.04058e-01
1.62582e+01 1.01984e+00 -4.95954e-01
1.63650e+01 9.61198e-01 -6.10570e-01
1.64516e+01 9.02582e-01 -7.52930e-01
1.65321e+01 8.34370e-01 -9.56849e-01
1.66126e+01 7.45140e-01 -1.28874e+00
1.66683e+01 6.63880e-01 -1.65513e+00
1.67077e+01 5.91597e-01 -2.03009e+00
1.67438e+01 5.10414e-01 -2.50192e+00
1.67752e+01 4.23300e-01 -3.06123e+00
1.68067e+01 3.15685e-01 -3.81547e+00
1.68307e+01 2.15536e-01 -4.56588e+00
1.68561e+01 8.74251e-02 -5.56974e+00
1.68776e+01 -4.36646e-02 -6.61697e+00
1.68992e+01 -1.99266e-01 -7.83833e+00
1.69208e+01 -3.82597e-01 -9.17051e+00
1.69419e+01 -5.89654e-01 -1.04194e+01
1.69610e+01 -7.98290e-01 -1.12653e+01
1.69802e+01 -1.01820e+00 -1.15488e+01
1.69929e+01 -1.16383e+00 -1.13112e+01
1.70061e+01 -1.30949e+00 -1.06759e+01
1.70178e+01 -1.42879e+00 -9.82428e+00
1.70294e+01 -1.53693e+00 -8.76906e+00
1.70417e+01 -1.63750e+00 -7.52638e+00
1.70540e+01 -1.72253e+00 -6.26553e+00
1.70679e+01 -1.80018e+00 -4.93478e+00
1.70798e+01 -1.85245e+00 -3.93645e+00
1.70927e+01 -1.89713e+00 -3.01338e+00
1.71056e+01 -1.93103e+00 -2.26621e+00
1.71185e+01 -1.95634e+00 -1.67867e+00
1.71314e+01 -1.97496e+00 -1.22659e+00
1.71443e+01 -1.98848e+00 -8.84319e-01
1.71572e+01 -1.99817e+00 -6.28234e-01
1.71701e+01 -2.00499e+00 -4.38276e-01
1.71831e+01 -2.00970e+00 -2.98240e-01
1.71970e+01 -2.01306e+00 -1.88220e-01
1.72119e+01 -2.01521e+00 -1.05682e-01
1.72279e+01 -2.01638e+00 -4.49357e-02
1.72450e+01 -2.01675e+00 -1.22213e-03
1.72637e+01 -2.01646e+00 2.94149e-02
1.72839e+01 -2.01564e+00 5.00956e-02
1.73065e+01 -2.01434e+00 6.37737e-02
1.73318e+01 -2.01261e+00 7.23522e-02
1.73603e+01 -2.01046e+00 7.74680e-02
1.73933e+01 -2.00786e+00 8.03558e-02
1.74309e+01 -2.00480e+00 8.18833e-02
1.74761e+01 -2.00108e+00 8.27254e-02
1.75323e+01 -1.99642e+00 8.32656e-02
1.76050e+01 -1.99035e+00 8.37500e-02
1.77023e+01 -1.98217e+00 8.43367e-02
1.78689e+01 -1.96803e+00 8.53518e-02
1.82439e+01 -1.93557e+00 8.77870e-02
1.86334e+01 -1.90085e+00 9.05675e-02
1.90229e+01 -1.86498e+00 9.36518e-02
1.94124e+01 -1.82784e+00 9.71004e-02
1.97464e+01 -1.79488e+00 1.00405e-01
2.00804e+01 -1.76074e+00 1.04100e-01
2.04143e+01 -1.72529e+00 1.08267e-01
2.07483e+01 -1.68836e+00 1.13017e-01
2.10823e+01 -1.64973e+00 1.18499e-01
2.14162e+01 -1.60911e+00 1.24919e-01
2.17692e+01 -1.56363e+00 1.33062e-01
2.20698e+01 -1.52240e+00 1.41490e-01
2.23704e+01 -1.47837e+00 1.51827e-01
2.26184e+01 -1.43946e+00 1.62355e-01
2.28664e+01 -1.39764e+00 1.75457e-01
2.30752e+01 -1.35960e+00 1.89334e-01
2.32841e+01 -1.31829e+00 2.07004e-01
2.34634e+01 -1.27949e+00 2.26629e-01
2.36427e+01 -1.23664e+00 2.52506e-01
2.38220e+01 -1.18835e+00 2.88286e-01
2.39710e+01 -1.14245e+00 3.30386e-01
2.41199e+01 -1.08897e+00 3.91851e-01
2.42689e+01 -1.02398e+00 4.88823e-01
2.43720e+01 -9.68496e-01 5.94851e-01
2.44598e+01 -9.10670e-01 7.31529e-01
2.45409e+01 -8.44036e-01 9.25362e-01
2.46220e+01 -7.57328e-01 1.23902e+00
2.46832e+01 -6.70704e-01 1.62207e+00
2.47225e+01 -6.00325e-01 1.98247e+00
2.47591e+01 -5.19736e-01 2.44518e+00
2.47910e+01 -4.33339e-01 2.99423e+00
2.48229e+01 -3.26496e-01 3.73698e+00
2.48471e+01 -2.27669e-01 4.47298e+00
2.48727e+01 -1.00800e-01 5.46347e+00
2.48943e+01 2.79374e-02 6.49140e+00
2.49159e+01 1.80821e-01 7.69655e+00
2.49375e+01 3.61220e-01 9.02403e+00
2.49617e+01 5.97876e-01 1.04615e+01
2.49805e+01 8.02853e-01 1.12781e+01
2.49993e+01 1.01846e+00 1.15487e+01
2.50121e+01 1.16427e+00 1.13099e+01
2.50253e+01 1.30985e+00 1.06739e+01
2.50369e+01 1.42910e+00 9.82164e+00
2.50485e+01 1.53719e+00 8.76612e+00
2.50608e+01 1.63773e+00 7.52326e+00
2.50732e+01 1.72272e+00 6.26247e+00
2.50871e+01 1.80037e+00 4.93137e+00
2.50989e+01 1.85262e+00 3.93310e+00
2.51118e+01 1.89724e+00 3.01100e+00
2.51247e+01 1.93110e+00 2.26460e+00
2.51376e+01 1.95638e+00 1.67764e+00
2.51505e+01 1.97498e+00 1.22599e+00
2.51634e+01 1.98850e+00 8.83995e-01
2.51763e+01 1.99817e+00 6.28090e-01
2.51892e+01 2.00499e+00 4.38242e-01
2.52021e+01 2.00970e+00 2.98268e-01
2.52161e+01 2.01306e+00 1.88241e-01
2.52310e+01 2.01521e+00 1.05697e-01
2.52469e+01 2.01638e+00 4.49471e-02
2.52641e+01 2.01675e+00 1.23022e-03
2.52828e+01 2.01646e+00 -2.94093e-02
2.53030e+01 2.01564e+00 -5.00919e-02
2.53256e+01 2.01434e+00 -6.37713e-02
2.53508e+01 2.01261e+00 -7.23508e-02
2.53794e+01 2.01046e+00 -7.74672e-02
2.54123e+01 2.00786e+00 -8.03553e-02
2.54500e+01 2.00480e+00 -8.18831e-02
2.54952e+01 2.00108e+00 -8.27253e-02
2.55513e+01 1.99642e+00 -8.32655e-02
2.56240e+01 1.99035e+00 -8.37499e-02
2.57214e+01 1.98217e+00 -8.43365e-02
2.58879e+01 1.96804e+00 -8.53515e-02
2.62628e+01 1.93559e+00 -8.77858e-02
2.66523e+01 1.90086e+00 -9.05662e-02
2.70418e+01 1.86500e+00 -9.36502e-02
2.74313e+01 1.82786e+00 -9.70985e-02
2.77653e+01 1.79489e+00 -1.00403e-01
2.80993e+01 1.76076e+00 -1.04097e-01
2.84332e+01 1.72531e+00 -1.08265e-01
2.87672e+01 1.68838e+00 -1.13014e-01
2.91012e+01 1.64975e+00 -1.18496e-01
2.94352e+01 1.60913e+00 -1.24916e-01
2.97881e+01 1.56365e+00 -1.33059e-01
3.00888e+01 1.52242e+00 -1.41487e-01
3.03894e+01 1.47838e+00 -1.51823e-01
3.06374e+01 1.43947e+00 -1.62351e-01
3.08854e+01 1.39766e+00 -1.75452e-01
3.10942e+01 1.35962e+00 -1.89328e-01
3.13031e+01 1.31831e+00 -2.06997e-01
3.14824e+01 1.27950e+00 -2.26620e-01
3.16617e+01 1.23666e+00 -2.52496e-01
3.18410e+01 1.18836e+00 -2.88272e-01
3.19900e+01 1.14247e+00 -3.30366e-01
3.21389e+01 1.08900e+00 -3.91821e-01
3.22879e+01 1.02401e+00 -4.88774e-01
3.23910e+01 9.68520e-01 -5.94800e-01
3.24788e+01 9.10698e-01 -7.31458e-01
3.25600e+01 8.44068e-01 -9.25259e-01
3.26411e+01 7.57368e-01 -1.23886e+00
3.27023e+01 6.70723e-01 -1.62198e+00
3.27415e+01 6.00352e-01 -1.98232e+00
3.27782e+01 5.19765e-01 -2.44501e+00
3.28101e+01 4.33370e-01 -2.99402e+00
3.28420e+01 3.26530e-01 -3.73674e+00
3.28662e+01 2.27707e-01 -4.47270e+00
3.28918e+01 1.00842e-01 -5.46313e+00
3.29134e+01 -2.78884e-02 -6.49101e+00
3.29350e+01 -1.80764e-01 -7.69611e+00
3.29566e+01 -3.61154e-01 -9.02357e+00
3.29808e+01 -5.97802e-01 -1.04611e+01
3.29996e+01 -8.02764e-01 -1.12778e+01
3.30184e+01 -1.01836e+00 -1.15488e+01
3.30311e+01 -1.16418e+00 -1.13101e+01
3.30444e+01 -1.30977e+00 -1.06743e+01
3.30560e+01 -1.42903e+00 -9.82219e+00
3.30676e+01 -1.53714e+00 -8.76673e+00
3.30799e+01 -1.63768e+00 -7.52390e+00
3.30923e+01 -1.72268e+00 -6.26310e+00
3.31062e+01 -1.80033e+00 -4.93207e+00
3.31180e+01 -1.85259e+00 -3.93379e+00
3.31309e+01 -1.89721e+00 -3.01149e+00
3.31438e+01 -1.93108e+00 -2.26493e+00
3.31567e+01 -1.95637e+00 -1.67785e+00
3.31696e+01 -1.97498e+00 -1.22611e+00
3.31825e+01 -1.98849e+00 -8.84062e-01
3.31954e+01 -1.99817e+00 -6.28120e-01
3.32083e+01 -2.00499e+00 -4.38249e-01
3.32212e+01 -2.00970e+00 -2.98262e-01
3.32352e+01 -2.01306e+00 -1.88237e-01
3.32501e+01 -2.01521e+00 -1.05694e-01
3.32660e+01 -2.01638e+00 -4.49447e-02
3.32832e+01 -2.01675e+00 -1.22858e-03
3.33019e+01 -2.01646e+00 2.94105e-02
3.33221e+01 -2.01564e+00 5.00926e-02
3.33447e+01 -2.01434e+00 6.37718e-02
3.33699e+01 -2.01261e+00 7.23511e-02
3.33985e+01 -2.01046e+00 7.74674e-02
3.34314e+01 -2.00786e+00 8.03554e-02
3.34690e+01 -2.00480e+00 8.18831e-02
3.35143e+01 -2.00108e+00 8.27253e-02
3.35704e+01 -1.99642e+00 8.32655e-02
3.36431e+01 -1.99035e+00 8.37499e-02
3.37404e+01 -1.98217e+00 8.43366e-02
3.39070e+01 -1.96804e+00 8.53515e-02
3.42820e+01 -1.93558e+00 8.77860e-02
3.46715e+01 -1.90086e+00 9.05665e-02
3.50610e+01 -1.86499e+00 9.36505e-02
3.54505e+01 -1.82786e+00 9.70989e-02
3.57844e+01 -1.79489e+00 1.00403e-01
3.61184e+01 -1.76075e+00 1.04098e-01
3.64524e+01 -1.72531e+00 1.08265e-01
3.67863e+01 -1.68838e+00 1.13015e-01
3.71203e+01 -1.64974e+00 1.18497e-01
3.74543e+01 -1.60913e+00 1.24916e-01
3.78072e+01 -1.56365e+00 1.33060e-01
3.81079e+01 -1.52242e+00 1.41487e-01
3.84085e+01 -1.47838e+00 1.51824e-01
3.86565e+01 -1.43947e+00 1.62352e-01
3.89045e+01 -1.39765e+00 1.75453e-01
3.91133e+01 -1.35961e+00 1.89329e-01
3.93222e+01 -1.31831e+00 2.06998e-01
3.95015e+01 -1.27950e+00 2.26622e-01
3.96808e+01 -1.23666e+00 2.52498e-01
3.98601e+01 -1.18836e+00 2.88275e-01
4.00091e+01 -1.14247e+00 3.30370e-01
4.01580e+01 -1.08899e+00 3.91827e-01
4.03070e+01 -1.02401e+00 4.88784e-01
4.04101e+01 -9.68516e-01 5.94810e-01
4.04979e+01 -9.10692e-01 7.31473e-01
4.05791e+01 -8.44061e-01 9.25280e-01
4.06602e+01 -7.57360e-01 1.23889e+00
4.07214e+01 -6.70719e-01 1.62200e+00
4.07606e+01 -6.00347e-01 1.98235e+00
4.07972e+01 -5.19759e-01 2.44504e+00
4.08292e+01 -4.33364e-01 2.99406e+00
4.08611e+01 -3.26523e-01 3.73679e+00
4.08853e+01 -2.27699e-01 4.47275e+00
4.09109e+01 -1.00833e-01 5.46320e+00
4.09325e+01 2.78983e-02 6.49109e+00
4.09541e+01 1.80775e-01 7.69620e+00
4.09757e+01 3.61167e-01 9.02366e+00
4.09999e+01 5.97817e-01 1.04612e+01
4.10187e+01 8.02782e-01 1.12779e+01
4.10375e+01 1.01838e+00 1.15488e+01
4.10502e+01 1.16420e+00 1.13101e+01
4.10634e+01 1.30979e+00 1.06742e+01
4.10751e+01 1.42905e+00 9.82208e+00
4.10867e+01 1.53715e+00 8.76661e+00
4.10990e+01 1.63769e+00 7.52377e+00
4.11113e+01 1.72269e+00 6.26297e+00
4.11252e+01 1.80033e+00 4.93193e+00
4.11371e+01 1.85259e+00 3.93365e+00
4.11500e+01 1.89722e+00 3.01139e+00
4.11629e+01 1.93109e+00 2.26486e+00
4.11758e+01 1.95637e+00 1.67781e+00
4.11887e+01 1.97498e+00 1.22609e+00
4.12016e+01 1.98849e+00 8.84048e-01
4.12145e+01 1.99817e+00 6.28114e-01
4.12274e+01 2.00499e+00 4.38248e-01
4.12403e+01 2.00970e+00 2.98264e-01
4.12543e+01 2.01306e+00 1.88238e-01
4.12692e+01 2.01521e+00 1.05695e-01
4.12851e+01 2.01638e+00 4.49452e-02
4.13023e+01 2.01675e+00 1.22891e-03
4.13210e+01 2.01646e+00 -2.94102e-02
4.13412e+01 2.01564e+00 -5.00925e-02
4.13638e+01 2.01434e+00 -6.37717e-02
4.13890e+01 2.01261e+00 -7.23510e-02
4.14176e+01 2.01046e+00 -7.74673e-02
4.14505e+01 2.00786e+00 -8.03554e-02
4.14881e+01 2.00480e+00 -8.18831e-02
4.15333e+01 2.00108e+00 -8.27253e-02
4.15895e+01 1.99642e+00 -8.32655e-02
4.16622e+01 1.99035e+00 -8.37499e-02
4.17595e+01 1.98217e+00 -8.43366e-02
4.19261e+01 1.96804e+00 -8.53515e-02
4.23010e+01 1.93558e+00 -8.77860e-02
4.26905e+01 1.90086e+00 -9.05664e-02
4.30800e+01 1.86500e+00 -9.36505e-02
4.34695e+01 1.82786e+00 -9.70988e-02
4.38035e+01 1.79489e+00 -1.00403e-01
4.41375e+01 1.76076e+00 -1.04098e-01
4.44715e+01 1.72531e+00 -1.08265e-01
4.48054e+01 1.68838e+00 -1.13015e-01
4.51394e+01 1.64974e+00 -1.18497e-01
4.54734e+01 1.60913e+00 -1.24916e-01
4.58263e+01 1.56365e+00 -1.33059e-01
4.61270e+01 1.52242e+00 -1.41487e-01
4.64276e+01 1.47838e+00 -1.51824e-01
4.66756e+01 1.43947e+00 -1.62352e-01
4.69235e+01 1.39765e+00 -1.75453e-01
4.71324e+01 1.35961e+00 -1.89329e-01
4.73413e+01 1.31831e+00 -2.06998e-01
4.75206e+01 1.27950e+00 -2.26621e-01
4.76999e+01 1.23666e+00 -2.52497e-01
4.78792e+01 1.18836e+00 -2.88274e-01
4.80282e+01 1.14247e+00 -3.30369e-01
4.81771e+01 1.08899e+00 -3.91825e-01
4.83261e+01 1.02401e+00 -4.88782e-01
4.84292e+01 9.68517e-01 -5.94808e-01
4.85170e+01 9.10693e-01 -7.31470e-01
4.85982e+01 8.44063e-01 -9.25275e-01
4.86793e+01 7.57362e-01 -1.23889e+00
4.87405e+01 6.70720e-01 -1.62200e+00
4.87797e+01 6.00348e-01 -1.98235e+00
4.88163e+01 5.19760e-01 -2.44503e+00
4.88483e+01 4.33365e-01 -2.99406e+00
4.88802e+01 3.26524e-01 -3.73678e+00
4.89043e+01 2.27701e-01 -4.47274e+00
4.89300e+01 1.00835e-01 -5.46319e+00
4.89516e+01 -2.78963e-02 -6.49107e+00
4.89732e+01 -1.80773e-01 -7.69618e+00
4.89948e+01 -3.61164e-01 -9.02364e+00
4.90190e+01 -5.97814e-01 -1.04612e+01
4.90378e+01 -8.02778e-01 -1.12779e+01
4.90566e+01 -1.01838e+00 -1.15488e+01
4.90693e+01 -1.16420e+00 -1.13101e+01
4.90825e+01 -1.30979e+00 -1.06742e+01
4.90941e+01 -1.42904e+00 -9.82210e+00
4.91058e+01 -1.53714e+00 -8.76663e+00
4.91181e+01 -1.63769e+00 -7.52380e+00
4.91304e+01 -1.72269e+00 -6.26300e+00
4.91443e+01 -1.80033e+00 -4.93196e+00
4.91562e+01 -1.85259e+00 -3.93368e+00
4.91691e+01 -1.89722e+00 -3.01141e+00
4.91820e+01 -1.93109e+00 -2.26488e+00
4.91949e+01 -1.95637e+00 -1.67782e+00
4.92078e+01 -1.97498e+00 -1.22609e+00
4.92207e+01 -1.98849e+00 -8.84051e-01
4.92336e+01 -1.99817e+00 -6.28115e-01
4.92465e+01 -2.00499e+00 -4.38248e-01
4.92594e+01 -2.00970e+00 -2.98263e-01
4.92734e+01 -2.01306e+00 -1.88238e-01
4.92883e+01 -2.01521e+00 -1.05695e-01
4.93042e+01 -2.01638e+00 -4.49451e-02
4.93214e+01 -2.01675e+00 -1.22885e-03
4.93400e+01 -2.01646e+00 2.94103e-02
4.93603e+01 -2.01564e+00 5.00925e-02
4.93829e+01 -2.01434e+00 6.37717e-02
4.94081e+01 -2.01261e+00 7.23510e-02
4.94367e+01 -2.01046e+00 7.74673e-02
4.94696e+01 -2.00786e+00 8.03554e-02
4.95072e+01 -2.00480e+00 8.18831e-02
4.95524e+01 -2.00108e+00 8.27253e-02
4.96086e+01 -1.99642e+00 8.32655e-02
4.96813e+01 -1.99035e+00 8.37499e-02
4.97786e+01 -1.98217e+00 8.43366e-02
4.99452e+01 -1.96804e+00 8.53515e-02
5.03201e+01 -1.93558e+00 8.77860e-02
5.07096e+01 -1.90086e+00 9.05664e-02
5.10991e+01 -1.86500e+00 9.36505e-02
5.14886e+01 -1.82786e+00 9.70988e-02
5.18226e+01 -1.79489e+00 1.00403e-01
5.21566e+01 -1.76076e+00 1.04098e-01
5.24905e+01 -1.72531e+00 1.08265e-01
5.28245e+01 -1.68838e+00 1.13015e-01
5.31585e+01 -1.64974e+00 1.18497e-01
5.34925e+01 -1.60913e+00 1.24916e-01
5.38454e+01 -1.56365e+00 1.33059e-01
5.41461e+01 -1.52242e+00 1.41487e-01
5.44467e+01 -1.47838e+00 1.51824e-01
5.46947e+01 -1.43947e+00 1.62352e-01
5.49426e+01 -1.39765e+00 1.75453e-01
5.51515e+01 -1.35961e+00 1.89329e-01
5.53603e+01 -1.31831e+00 2.06998e-01
5.55397e+01 -1.27950e+00 2.26621e-01
5.57190e+01 -1.23666e+00 2.52497e-01
5.58983e+01 -1.18836e+00 2.88274e-01
5.60473e+01 -1.14247e+00 3.30369e-01
5.61962e+01 -1.08899e+00 3.91826e-01
5.63452e+01 -1.02401e+00 4.88782e-01
5.64483e+01 -9.68516e-01 5.94809e-01
5.65361e+01 -9.10693e-01 7.31470e-01
5.66172e+01 -8.44062e-01 9.25276e-01
5.66984e+01 -7.57361e-01 1.23889e+00
5.67596e+01 -6.70720e-01 1.62200e+00
5.67988e+01 -6.00348e-01 1.98235e+00
5.68354e+01 -5.19760e-01 2.44504e+00
5.68673e+01 -4.33365e-01 2.99406e+00
5.68993e+01 -3.26524e-01 3.73678e+00
5.69234e+01 -2.27701e-01 4.47274e+00
5.69491e+01 -1.00835e-01 5.46319e+00
5.69707e+01 2.78967e-02 6.49108e+00
5.69923e+01 1.80773e-01 7.69619e+00
5.70139e+01 3.61165e-01 9.02365e+00
5.70381e+01 5.97815e-01 1.04612e+01
5.70569e+01 8.02779e-01 1.12779e+01
5.70757e+01 1.01838e+00 1.15488e+01
5.70884e+01 1.16420e+00 1.13101e+01
5.71016e+01 1.30979e+00 1.06742e+01
5.71132e+01 1.42905e+00 9.82209e+00
5.71249e+01 1.53715e+00 8.76663e+00
5.71372e+01 1.63769e+00 7.52379e+00
5.71495e+01 1.72269e+00 6.26299e+00
5.71634e+01 1.80033e+00 4.93195e+00
5.71752e+01 1.85259e+00 3.93367e+00
5.71881e+01 1.89722e+00 3.01140e+00
5.72011e+01 1.93109e+00 2.26487e+00
5.72140e+01 1.95637e+00 1.67782e+00
5.72269e+01 1.97498e+00 1.22609e+00
5.72398e+01 1.98849e+00 8.84050e-01
5.72527e+01 1.99817e+00 6.28115e-01
5.72656e+01 2.00499e+00 4.38248e-01
5.72785e+01 2.00970e+00 2.98263e-01
5.72925e+01 2.01306e+00 1.88238e-01
5.73074e+01 2.01521e+00 1.05695e-01
5.73233e+01 2.01638e+00 4.49451e-02
5.73405e+01 2.01675e+00 1.22886e-03
5.73591e+01 2.01646e+00 -2.94103e-02
5.73794e+01 2.01564e+00 -5.00925e-02
5.74020e+01 2.01434e+00 -6.37717e-02
5.74272e+01 2.01261e+00 -7.23510e-02
5.74558e+01 2.01046e+00 -7.74673e-02
5.74887e+01 2.00786e+00 -8.03554e-02
5.75263e+01 2.00480e+00 -8.18831e-02
5.75715e+01 2.00108e+00 -8.27253e-02
5.76277e+01 1.99642e+00 -8.32655e-02
5.77004e+01 1.99035e+00 -8.37499e-02
5.77977e+01 1.98217e+00 -8.43366e-02
5.79643e+01 1.96804e+00 -8.53515e-02
5.83392e+01 1.93558e+00 -8.77860e-02
5.87287e+01 1.90086e+00 -9.05664e-02
5.91182e+01 1.86500e+00 -9.36505e-02
5.95077e+01 1.82786e+00 -9.70988e-02
5.98417e+01 1.79489e+00 -1.00403e-01
6.01757e+01 1.76076e+00 -1.04098e-01
6.05096e+01 1.72531e+00 -1.08265e-01
6.08436e+01 1.68838e+00 -1.13015e-01
6.11776e+01 1.64974e+00 -1.18497e-01
6.15115e+01 1.60913e+00 -1.24916e-01
6.18645e+01 1.56365e+00 -1.33059e-01
6.21651e+01 1.52242e+00 -1.41487e-01
6.24658e+01 1.47838e+00 -1.51824e-01
6.27138e+01 1.43947e+00 -1.62352e-01
6.29617e+01 1.39765e+00 -1.75453e-01
6.31706e+01 1.35961e+00 -1.89329e-01
6.33794e+01 1.31831e+00 -2.06998e-01
6.35588e+01 1.27950e+00 -2.26621e-01
6.37381e+01 1.23666e+00 -2.52497e-01
6.39174e+01 1.18836e+00 -2.88274e-01
6.40664e+01 1.14247e+00 -3.30369e-01
6.42153e+01 1.08899e+00 -3.91826e-01
6.43643e+01 1.02401e+00 -4.88782e-01
6.44674e+01 9.68516e-01 -5.94809e-01
6.45552e+01 9.10693e-01 -7.31470e-01
6.46363e+01 8.44063e-01 -9.25276e-01
6.47175e+01 7.57361e-01 -1.23889e+00
6.47786e+01 6.70720e-01 -1.62200e+00
6.48179e+01 6.00348e-01 -1.98235e+00
6.48545e+01 5.19760e-01 -2.44504e+00
6.48864e+01 4.33365e-01 -2.99406e+00
6.49184e+01 3.26524e-01 -3.73678e+00
6.49425e+01 2.27701e-01 -4.47274e+00
6.49682e+01 1.00835e-01 -5.46319e+00
6.49898e+01 -2.78966e-02 -6.49108e+00
6.50113e+01 -1.80773e-01 -7.69619e+00
6.50329e+01 -3.61165e-01 -9.02365e+00
6.50572e+01 -5.97815e-01 -1.04612e+01
6.50760e+01 -8.02779e-01 -1.12779e+01
6.50948e+01 -1.01838e+00 -1.15488e+01
6.51075e+01 -1.16420e+00 -1.13101e+01
6.51207e+01 -1.30979e+00 -1.06742e+01
6.51323e+01 -1.42904e+00 -9.82209e+00
6.51439e+01 -1.53714e+00 -8.76663e+00
6.51563e+01 -1.63769e+00 -7.52379e+00
6.51686e+01 -1.72269e+00 -6.26299e+00
6.51825e+01 -1.80033e+00 -4.93195e+00
6.51943e+01 -1.85259e+00 -3.93367e+00
6.52072e+01 -1.89722e+00 -3.01140e+00
6.52201e+01 -1.93109e+00 -2.26487e+00
6.52331e+01 -1.95637e+00 -1.67782e+00
6.52460e+01 -1.97498e+00 -1.22609e+00
6.52589e+01 -1.98849e+00 -8.84050e-01
6.52718e+01 -1.99817e+00 -6.28115e-01
6.52847e+01 -2.00499e+00 -4.38248e-01
6.52976e+01 -2.00970e+00 -2.98263e-01
6.53116e+01 -2.01306e+00 -1.88238e-01
6.53265e+01 -2.01521e+00 -1.05695e-01
6.53424e+01 -2.01638e+00 -4.49451e-02
6.53596e+01 -2.01675e+00 -1.22886e-03
6.53782e+01 -2.01646e+00 2.94103e-02
6.53985e+01 -2.01564e+00 5.00925e-02
6.54211e+01 -2.01434e+00 6.37717e-02
6.54463e+01 -2.01261e+00 7.23510e-02
6.54749e+01 -2.01046e+00 7.74673e-02
6.55078e+01 -2.00786e+00 8.03554e-02
6.55454e+01 -2.00480e+00 8.18831e-02
6.55906e+01 -2.00108e+00 8.27253e-02
6.56468e+01 -1.99642e+00 8.32655e-02
6.57195e+01 -1.99035e+00 8.37499e-02
6.58168e+01 -1.98217e+00 8.43366e-02
6.59834e+01 -1.96804e+00 8.53515e-02
6.63583e+01 -1.93558e+00 8.77860e-02
6.67478e+01 -1.90086e+00 9.05664e-02
6.71373e+01 -1.86500e+00 9.36505e-02
6.75268e+01 -1.82786e+00 9.70988e-02
6.78608e+01 -1.79489e+00 1.00403e-01
6.81948e+01 -1.76076e+00 1.04098e-01
6.85287e+01 -1.72531e+00 1.08265e-01
6.88627e+01 -1.68838e+00 1.13015e-01
6.91967e+01 -1.64974e+00 1.18497e-01
6.95306e+01 -1.60913e+00 1.24916e-01
6.98836e+01 -1.56365e+00 1.33059e-01
7.01842e+01 -1.52242e+00 1.41487e-01
7.04849e+01 -1.47838e+00 1.51824e-01
7.07328e+01 -1.43947e+00 1.62352e-01
7.09808e+01 -1.39765e+00 1.75453e-01
7.11897e+01 -1.35961e+00 1.89329e-01
7.13985e+01 -1.31831e+00 2.06998e-01
7.15778e+01 -1.27950e+00 2.26621e-01
7.17572e+01 -1.23666e+00 2.52497e-01
7.19365e+01 -1.18836e+00 2.88274e-01
7.20854e+01 -1.14247e+00 3.30369e-01
7.22344e+01 -1.08899e+00 3.91826e-01
7.23833e+01 -1.02401e+00 4.88782e-01
7.24865e+01 -9.68516e-01 5.94809e-01
7.25743e+01 -9.10693e-01 7.31470e-01
7.26554e+01 -8.44063e-01 9.25276e-01
7.27366e+01 -7.57361e-01 1.23889e+00
7.27977e+01 -6.70720e-01 1.62200e+00
7.28370e+01 -6.00348e-01 1.98235e+00
7.28736e+01 -5.19760e-01 2.44504e+00
7.29055e+01 -4.33365e-01 2.99406e+00
7.29375e+01 -3.26524e-01 3.73678e+00
7.29616e+01 -2.27701e-01 4.47274e+00
7.29873e+01 -1.00835e-01 5.46319e+00
7.30088e+01 2.78967e-02 6.49108e+00
7.30304e+01 1.80773e-01 7.69619e+00
7.30520e+01 3.61165e-01 9.02365e+00
7.30763e+01 5.97815e-01 1.04612e+01
7.30951e+01 8.02779e-01 1.12779e+01
7.31139e+01 1.01838e+00 1.15488e+01
7.31266e+01 1.16420e+00 1.13101e+01
7.31398e+01 1.30979e+00 1.06742e+01
7.31514e+01 1.42904e+00 9.82209e+00
7.31630e+01 1.53715e+00 8.76663e+00
7.31754e+01 1.63769e+00 7.52379e+00
7.31877e+01 1.72269e+00 6.26299e+00
7.32016e+01 1.80033e+00 4.93195e+00
7.32134e+01 1.85259e+00 3.93367e+00
7.32263e+01 1.89722e+00 3.01140e+00
7.32392e+01 1.93109e+00 2.26487e+00
7.32521e+01 1.95637e+00 1.67782e+00
7.32650e+01 1.97498e+00 1.22609e+00
7.32780e+01 1.98849e+00 8.84050e-01
7.32909e+01 1.99817e+00 6.28115e-01
7.33038e+01 2.00499e+00 4.38248e-01
7.33167e+01 2.00970e+00 2.98263e-01
7.33307e+01 2.01306e+00 1.88238e-01
7.33455e+01 2.01521e+00 1.05695e-01
7.33615e+01 2.01638e+00 4.49451e-02
7.33787e+01 2.01675e+00 1.22886e-03
7.33973e+01 2.01646e+00 -2.94103e-02
7.34176e+01 2.01564e+00 -5.00925e-02
7.34401e+01 2.01434e+00 -6.37717e-02
7.34654e+01 2.01261e+00 -7.23510e-02
7.34940e+01 2.01046e+00 -7.74673e-02
7.35269e+01 2.00786e+00 -8.03554e-02
7.35645e+01 2.00480e+00 -8.18831e-02
7.36097e+01 2.00108e+00 -8.27253e-02
7.36659e+01 1.99642e+00 -8.32655e-02
7.37386e+01 1.99035e+00 -8.37499e-02
7.38359e+01 1.98217e+00 -8.43366e-02
7.40025e+01 1.96804e+00 -8.53515e-02
7.43774e+01 1.93558e+00 -8.77860e-02
7.47669e+01 1.90086e+00 -9.05664e-02
7.51564e+01 1.86500e+00 -9.36505e-02
7.55459e+01 1.82786e+00 -9.70988e-02
7.58799e+01 1.79489e+00 -1.00403e-01
7.62138e+01 1.76076e+00 -1.04098e-01
7.65478e+01 1.72531e+00 -1.08265e-01
7.68818e+01 1.68838e+00 -1.13015e-01
7.72157e+01 1.64974e+00 -1.18497e-01
7.75497e+01 1.60913e+00 -1.24916e-01
7.79027e+01 1.56365e+00 -1.33059e-01
7.82033e+01 1.52242e+00 -1.41487e-01
7.85040e+01 1.47838e+00 -1.51824e-01
7.87519e+01 1.43947e+00 -1.62352e-01
7.89999e+01 1.39765e+00 -1.75453e-01
7.92088e+01 1.35961e+00 -1.89329e-01
7.94176e+01 1.31831e+00 -2.06998e-01
7.95969e+01 1.27950e+00 -2.26621e-01
7.97763e+01 1.23666e+00 -2.52497e-01
7.99556e+01 1.18836e+00 -2.88274e-01
8.01045e+01 1.14247e+00 -3.30369e-01
8.02535e+01 1.08899e+00 -3.91826e-01
8.04024e+01 1.02401e+00 -4.88782e-01
8.05056e+01 9.68516e-01 -5.94809e-01
8.05934e+01 9.10693e-01 -7.31470e-01
8.06745e+01 8.44063e-01 -9.25276e-01
8.07556e+01 7.57361e-01 -1.23889e+00
8.08168e+01 6.70720e-01 -1.62200e+00
8.08561e+01 6.00348e-01 -1.98235e+00
8.08927e+01 5.19760e-01 -2.44504e+00
8.09246e+01 4.33365e-01 -2.99406e+00
8.09565e+01 3.26524e-01 -3.73678e+00
8.09807e+01 2.27701e-01 -4.47274e+00
8.10063e+01 1.00835e-01 -5.46319e+00
8.10279e+01 -2.78967e-02 -6.49108e+00
8.10495e+01 -1.80773e-01 -7.69619e+00
8.10711e+01 -3.61165e-01 -9.02365e+00
8.10954e+01 -5.97815e-01 -1.04612e+01
8.11142e+01 -8.02779e-01 -1.12779e+01
8.11330e+01 -1.01838e+00 -1.15488e+01
8.11457e+01 -1.16420e+00 -1.13101e+01
8.11589e+01 -1.30979e+00 -1.06742e+01
8.11705e+01 -1.42904e+00 -9.82209e+00
8.11821e+01 -1.53715e+00 -8.76663e+00
8.11945e+01 -1.63769e+00 -7.52379e+00
8.12068e+01 -1.72269e+00 -6.26299e+00
8.12207e+01 -1.80033e+00 -4.93195e+00
8.12325e+01 -1.85259e+00 -3.93367e+00
8.12454e+01 -1.89722e+00 -3.01140e+00
8.12583e+01 -1.93109e+00 -2.26487e+00
8.12712e+01 -1.95637e+00 -1.67782e+00
8.12841e+01 -1.97498e+00 -1.22609e+00
8.12970e+01 -1.98849e+00 -8.84050e-01
8.13100e+01 -1.99817e+00 -6.28115e-01
8.13229e+01 -2.00499e+00 -4.38248e-01
8.13358e+01 -2.00970e+00 -2.98263e-01
8.13498e+01 -2.01306e+00 -1.88238e-01
8.13646e+01 -2.01521e+00 -1.05695e-01
8.13806e+01 -2.01638e+00 -4.49451e-02
8.13977e+01 -2.01675e+00 -1.22886e-03
8.14164e+01 -2.01646e+00 2.94103e-02
8.14367e+01 -2.01564e+00 5.00925e-02
8.14592e+01 -2.01434e+00 6.37717e-02
8.14845e+01 -2.01261e+00 7.23510e-02
8.15131e+01 -2.01046e+00 7.74673e-02
8.15460e+01 -2.00786e+00 8.03554e-02
8.15836e+01 -2.00480e+00 8.18831e-02
8.16288e+01 -2.00108e+00 8.27253e-02
8.16850e+01 -1.99642e+00 8.32655e-02
8.17577e+01 -1.99035e+00 8.37499e-02
8.18550e+01 -1.98217e+00 8.43366e-02
8.20215e+01 -1.96804e+00 8.53515e-02
8.23965e+01 -1.93558e+00 8.77860e-02
8.27860e+01 -1.90086e+00 9.05664e-02
8.31755e+01 -1.86500e+00 9.36505e-02
8.35650e+01 -1.82786e+00 9.70988e-02
8.38990e+01 -1.79489e+00 1.00403e-01
8.42329e+01 -1.76076e+00 1.04098e-01
8.45669e+01 -1.72531e+00 1.08265e-01
8.49009e+01 -1.68838e+00 1.13015e-01
8.52348e+01 -1.64974e+00 1.18497e-01
8.55688e+01 -1.60913e+00 1.24916e-01
8.59218e+01 -1.56365e+00 1.33059e-01
8.62224e+01 -1.52242e+00 1.41487e-01
8.65231e+01 -1.47838e+00 1.51824e-01
8.67710e+01 -1.43947e+00 1.62352e-01
8.70190e+01 -1.39765e+00 1.75453e-01
8.72279e+01 -1.35961e+00 1.89329e-01
8.74367e+01 -1.31831e+00 2.06998e-01
8.76160e+01 -1.27950e+00 2.26621e-01
8.77953e+01 -1.23666e+00 2.52497e-01
8.79747e+01 -1.18836e+00 2.88274e-01
8.81236e+01 -1.14247e+00 3.30369e-01
8.82726e+01 -1.08899e+00 3.91826e-01
8.84215e+01 -1.02401e+00 4.88782e-01
8.85246e+01 -9.68516e-01 5.94809e-01
8.86125e+01 -9.10693e-01 7.31470e-01
8.86936e+01 -8.44063e-01 9.25276e-01
8.87747e+01 -7.57361e-01 1.23889e+00
8.88359e+01 -6.70720e-01 1.62200e+00
8.88752e+01 -6.00348e-01 1.98235e+00
8.89118e+01 -5.19760e-01 2.44504e+00
8.89437e+01 -4.33365e-01 2.99406e+00
8.89756e+01 -3.26524e-01 3.73678e+00
8.89998e+01 -2.27701e-01 4.47274e+00
8.90254e+01 -1.00835e-01 5.46319e+00
8.90470e+01 2.78967e-02 6.49108e+00
8.90686e+01 1.80773e-01 7.69619e+00
8.90902e+01 3.61165e-01 9.02365e+00
8.91145e+01 5.97815e-01 1.04612e+01
8.91333e+01 8.02779e-01 1.12779e+01
8.91521e+01 1.01838e+00 1.15488e+01
8.91648e+01 1.16420e+00 1.13101e+01
8.91780e+01 1.30979e+00 1.06742e+01
8.91896e+01 1.42904e+00 9.82209e+00
8.92012e+01 1.53715e+00 8.76663e+00
8.92135e+01 1.63769e+00 7.52379e+00
8.92259e+01 1.72269e+00 6.26299e+00
8.92398e+01 1.80033e+00 4.93195e+00
8.92516e+01 1.85259e+00 3.93367e+00
8.92645e+01 1.89722e+00 3.01140e+00
8.92774e+01 1.93109e+00 2.26487e+00
8.92903e+01 1.95637e+00 1.67782e+00
8.93032e+01 1.97498e+00 1.22609e+00
8.93161e+01 1.98849e+00 8.84050e-01
8.93290e+01 1.99817e+00 6.28115e-01
8.93419e+01 2.00499e+00 4.38248e-01
8.93549e+01 2.00970e+00 2.98263e-01
8.93688e+01 2.01306e+00 1.88238e-01
8.93837e+01 2.01521e+00 1.05695e-01
8.93997e+01 2.01638e+00 4.49451e-02
8.94168e+01 2.01675e+00 1.22886e-03
8.94355e+01 2.01646e+00 -2.94103e-02
8.94558e+01 2.01564e+00 -5.00925e-02
8.94783e+01 2.01434e+00 -6.37717e-02
8.95036e+01 2.01261e+00 -7.23510e-02
8.95321e+01 2.01046e+00 -7.74673e-02
8.95651e+01 2.00786e+00 -8.03554e-02
8.96027e+01 2.00480e+00 -8.18831e-02
8.96479e+01 2.00108e+00 -8.27253e-02
8.97041e+01 1.99642e+00 -8.32655e-02
8.97768e+01 1.99035e+00 -8.37499e-02
8.98741e+01 1.98217e+00 -8.43366e-02
9.00406e+01 1.96804e+00 -8.53515e-02
9.04156e+01 1.93558e+00 -8.77860e-02
9.08051e+01 1.90086e+00 -9.05664e-02
9.11946e+01 1.86500e+00 -9.36505e-02
9.15841e+01 1.82786e+00 -9.70988e-02
9.19181e+01 1.79489e+00 -1.00403e-01
9.22520e+01 1.76076e+00 -1.04098e-01
9.25860e+01 1.72531e+00 -1.08265e-01
9.29200e+01 1.68838e+00 -1.13015e-01
9.32539e+01 1.64974e+00 -1.18497e-01
9.35879e+01 1.60913e+00 -1.24916e-01
9.39408e+01 1.56365e+00 -1.33059e-01
9.42415e+01 1.52242e+00 -1.41487e-01
9.45421e+01 1.47838e+00 -1.51824e-01
9.47901e+01 1.43947e+00 -1.62352e-01
9.50381e+01 1.39765e+00 -1.75453e-01
9.52469e+01 1.35961e+00 -1.89329e-01
9.54558e+01 1.31831e+00 -2.06998e-01
9.56351e+01 1.27950e+00 -2.26621e-01
9.58144e+01 1.23666e+00 -2.52497e-01
9.59938e+01 1.18836e+00 -2.88274e-01
9.61427e+01 1.14247e+00 -3.30369e-01
9.62917e+01 1.08899e+00 -3.91826e-01
9.64406e+01 1.02401e+00 -4.88782e-01
9.65437e+01 9.68516e-01 -5.94809e-01
9.66316e+01 9.10693e-01 -7.31470e-01
9.67127e+01 8.44063e-01 -9.25276e-01
9.67938e+01 7.57361e-01 -1.23889e+00
9.68550e+01 6.70720e-01 -1.62200e+00
9.68943e+01 6.00348e-01 -1.98235e+00
9.69309e+01 5.19760e-01 -2.44504e+00
9.69628e+01 4.33365e-01 -2.99406e+00
9.69947e+01 3.26524e-01 -3.73678e+00
9.70189e+01 2.27701e-01 -4.47274e+00
9.70445e+01 1.00835e-01 -5.46319e+00
9.70661e+01 -2.78967e-02 -6.49108e+00
9.70877e+01 -1.80773e-01 -7.69619e+00
9.71093e+01 -3.61165e-01 -9.02365e+00
9.71335e+01 -5.97815e-01 -1.04612e+01
9.71523e+01 -8.02779e-01 -1.12779e+01
9.71711e+01 -1.01838e+00 -1.15488e+01
9.71839e+01 -1.16420e+00 -1.13101e+01
9.71971e+01 -1.30979e+00 -1.06742e+01
9.72087e+01 -1.42904e+00 -9.82209e+00
9.72203e+01 -1.53715e+00 -8.76663e+00
9.72326e+01 -1.63769e+00 -7.52379e+00
9.72450e+01 -1.72269e+00 -6.26299e+00
9.72589e+01 -1.80033e+00 -4.93195e+00
9.72707e+01 -1.85259e+00 -3.93367e+00
9.72836e+01 -1.89722e+00 -3.01140e+00
9.72965e+01 -1.93109e+00 -2.26487e+00
9.73094e+01 -1.95637e+00 -1.67782e+00
9.73223e+01 -1.97498e+00 -1.22609e+00
9.73352e+01 -1.98849e+00 -8.84050e-01
9.73481e+01 -1.99817e+00 -6.28115e-01
9.73610e+01 -2.00499e+00 -4.38248e-01
9.73739e+01 -2.00970e+00 -2.98263e-01
9.73879e+01 -2.01306e+00 -1.88238e-01
9.74028e+01 -2.01521e+00 -1.05695e-01
9.74187e+01 -2.01638e+00 -4.49451e-02
9.74359e+01 -2.01675e+00 -1.22886e-03
9.74546e+01 -2.01646e+00 2.94103e-02
9.74748e+01 -2.01564e+00 5.00925e-02
9.74974e+01 -2.01434e+00 6.37717e-02
9.75227e+01 -2.01261e+00 7.23510e-02
9.75512e+01 -2.01046e+00 7.74673e-02
9.75841e+01 -2.00786e+00 8.03554e-02
9.76218e+01 -2.00480e+00 8.18831e-02
9.76670e+01 -2.00108e+00 8.27253e-02
9.77232e+01 -1.99642e+00 8.32655e-02
9.77958e+01 -1.99035e+00 8.37499e-02
9.78932e+01 -1.98217e+00 8.43366e-02
9.80597e+01 -1.96804e+00 8.53515e-02
9.84347e+01 -1.93558e+00 8.77860e-02
9.88242e+01 -1.90086e+00 9.05664e-02
9.92137e+01 -1.86500e+00 9.36505e-02
9.96032e+01 -1.82786e+00 9.70988e-02
9.99371e+01 -1.79489e+00 1.00403e-01
1.00000e+02 -1.78856e+00 1.01066e-01
