1.00000e-06 1.00000e+00 -1.00000e-06
6.00000e-06 1.00000e+00 -6.00000e-06
3.10000e-05 1.00000e+00 -3.10000e-05
1.56000e-04 1.00000e+00 -1.56000e-04
7.81000e-04 1.00000e+00 -7.81000e-04
3.90600e-03 9.99992e-01 -3.90599e-03
1.95310e-02 9.99809e-01 -1.95300e-02
9.76560e-02 9.95232e-01 -9.76597e-02
2.41589e-01 9.70672e-01 -2.45197e-01
3.61379e-01 9.33238e-01 -3.83940e-01
4.65400e-01 8.85759e-01 -5.36056e-01
5.59706e-01 8.26746e-01 -7.27052e-01
6.54013e-01 7.45532e-01 -1.01825e+00
7.27297e-01 6.58724e-01 -1.37758e+00
7.73274e-01 5.88195e-01 -1.70790e+00
8.15863e-01 5.06968e-01 -2.12907e+00
8.52987e-01 4.19105e-01 -2.62909e+00
8.90112e-01 3.09569e-01 -3.30691e+00
9.18284e-01 2.07269e-01 -3.98188e+00
9.48141e-01 7.53699e-02 -4.88968e+00
9.73552e-01 -6.06029e-02 -5.84021e+00
9.98962e-01 -2.22775e-01 -6.94660e+00
1.02437e+00 -4.14405e-01 -8.13972e+00
1.04849e+00 -6.23827e-01 -9.19280e+00
1.07261e+00 -8.55123e-01 -9.90151e+00
1.09673e+00 -1.09615e+00 -9.95102e+00
1.11121e+00 -1.23786e+00 -9.57346e+00
1.12535e+00 -1.36884e+00 -8.91309e+00
1.14038e+00 -1.49588e+00 -7.95511e+00
1.15541e+00 -1.60716e+00 -6.83480e+00
1.17044e+00 -1.70111e+00 -5.66766e+00
1.18619e+00 -1.78106e+00 -4.50313e+00
1.19913e+00 -1.83367e+00 -3.64493e+00
1.21452e+00 -1.88284e+00 -2.77189e+00
1.22799e+00 -1.91581e+00 -2.14451e+00
1.24146e+00 -1.94114e+00 -1.63629e+00
1.25493e+00 -1.96036e+00 -1.23269e+00
1.26840e+00 -1.97475e+00 -9.16991e-01
1.28245e+00 -1.98577e+00 -6.63761e-01
1.29699e+00 -1.99391e+00 -4.66080e-01
1.31218e+00 -1.99977e+00 -3.13218e-01
1.32818e+00 -2.00380e+00 -1.96460e-01
1.34515e+00 -2.00634e+00 -1.08623e-01
1.36329e+00 -2.00769e+00 -4.37332e-02
1.38281e+00 -2.00805e+00 3.18971e-03
1.40398e+00 -2.00761e+00 3.62776e-02
1.42682e+00 -2.00650e+00 5.86971e-02
1.45235e+00 -2.00479e+00 7.37611e-02
1.48082e+00 -2.00254e+00 8.33344e-02
1.51300e+00 -1.99976e+00 8.91489e-02
1.54994e+00 -1.99640e+00 9.25204e-02
1.59319e+00 -1.99235e+00 9.44155e-02
1.64320e+00 -1.98760e+00 9.54854e-02
1.70466e+00 -1.98170e+00 9.62303e-02
1.78268e+00 -1.97417e+00 9.69269e-02
1.88323e+00 -1.96438e+00 9.77529e-02
2.05378e+00 -1.94759e+00 9.91762e-02
2.41161e+00 -1.91153e+00 1.02387e-01
2.76944e+00 -1.87427e+00 1.05955e-01
3.12727e+00 -1.83566e+00 1.09953e-01
3.48511e+00 -1.79552e+00 1.14476e-01
3.79392e+00 -1.75950e+00 1.18896e-01
4.10273e+00 -1.72203e+00 1.23910e-01
4.41155e+00 -1.68290e+00 1.29661e-01
4.66455e+00 -1.64942e+00 1.35059e-01
4.95337e+00 -1.60942e+00 1.42180e-01
5.26442e+00 -1.56381e+00 1.51340e-01
5.57548e+00 -1.51505e+00 1.62616e-01
5.82486e+00 -1.47315e+00 1.73791e-01
6.07424e+00 -1.42814e+00 1.87666e-01
6.28569e+00 -1.38696e+00 2.02432e-01
6.49714e+00 -1.34225e+00 2.21204e-01
6.67968e+00 -1.30005e+00 2.42137e-01
6.86223e+00 -1.25345e+00 2.69711e-01
7.04477e+00 -1.20095e+00 3.07766e-01
7.19882e+00 -1.15024e+00 3.53266e-01
7.35286e+00 -1.09104e+00 4.19896e-01
7.50691e+00 -1.01891e+00 5.25361e-01
7.60934e+00 -9.59834e-01 6.35423e-01
7.70010e+00 -8.95976e-01 7.81721e-01
7.78376e+00 -8.22578e-01 9.87927e-01
7.86742e+00 -7.27242e-01 1.31906e+00
7.92908e+00 -6.34780e-01 1.70777e+00
7.97102e+00 -5.55563e-01 2.09059e+00
8.00961e+00 -4.66061e-01 2.57298e+00
8.04361e+00 -3.69283e-01 3.14598e+00
8.07762e+00 -2.49917e-01 3.91106e+00
8.10432e+00 -1.35506e-01 4.68651e+00
8.13223e+00 8.85883e-03 5.69309e+00
8.16015e+00 1.84213e-01 6.90337e+00
8.18806e+00 3.95487e-01 8.24454e+00
8.21209e+00 6.07097e-01 9.33605e+00
8.23712e+00 8.51643e-01 1.01105e+01
8.25894e+00 1.07437e+00 1.01962e+01
8.27359e+00 1.22169e+00 9.84963e+00
8.28763e+00 1.35577e+00 9.20989e+00
8.30271e+00 1.48772e+00 8.24371e+00
8.31780e+00 1.60355e+00 7.09324e+00
8.33288e+00 1.70142e+00 5.88209e+00
8.34797e+00 1.78127e+00 4.71963e+00
8.36187e+00 1.84005e+00 3.75675e+00
8.37772e+00 1.89197e+00 2.82507e+00
8.39091e+00 1.92491e+00 2.19062e+00
8.40460e+00 1.95111e+00 1.65865e+00
8.41828e+00 1.97082e+00 1.23921e+00
8.43197e+00 1.98545e+00 9.13713e-01
8.44565e+00 1.99617e+00 6.64109e-01
8.45999e+00 2.00421e+00 4.66636e-01
8.47497e+00 2.01000e+00 3.13871e-01
8.49075e+00 2.01398e+00 1.97164e-01
8.50750e+00 2.01650e+00 1.09355e-01
8.52539e+00 2.01784e+00 4.44809e-02
8.54465e+00 2.01821e+00 -2.43205e-03
8.56554e+00 2.01779e+00 -3.55121e-02
8.58810e+00 2.01672e+00 -5.79371e-02
8.61329e+00 2.01505e+00 -7.29887e-02
8.64139e+00 2.01285e+00 -8.25501e-02
8.67314e+00 2.01013e+00 -8.83526e-02
8.70959e+00 2.00684e+00 -9.17112e-02
8.75226e+00 2.00288e+00 -9.35921e-02
8.80165e+00 1.99823e+00 -9.46467e-02
8.86239e+00 1.99246e+00 -9.53723e-02
8.93960e+00 1.98507e+00 -9.60450e-02
9.03952e+00 1.97543e+00 -9.68423e-02
9.20840e+00 1.95896e+00 -9.82090e-02
9.55966e+00 1.92394e+00 -1.01257e-01
9.91093e+00 1.88779e+00 -1.04629e-01
1.02622e+01 1.85039e+00 -1.08389e-01
1.06135e+01 1.81159e+00 -1.12617e-01
1.09647e+01 1.77121e+00 -1.17420e-01
1.12671e+01 1.73501e+00 -1.22121e-01
1.15694e+01 1.69729e+00 -1.27479e-01
1.18718e+01 1.65784e+00 -1.33657e-01
1.21741e+01 1.61637e+00 -1.40885e-01
1.24939e+01 1.56990e+00 -1.50047e-01
1.27725e+01 1.52678e+00 -1.59746e-01
1.30512e+01 1.48067e+00 -1.71670e-01
1.32845e+01 1.43923e+00 -1.84048e-01
1.35178e+01 1.39455e+00 -1.99543e-01
1.37169e+01 1.35321e+00 -2.16308e-01
1.39161e+01 1.30808e+00 -2.37883e-01
1.40895e+01 1.26478e+00 -2.62520e-01
1.42629e+01 1.21654e+00 -2.95592e-01
1.44364e+01 1.16148e+00 -3.42339e-01
1.46098e+01 1.09643e+00 -4.13140e-01
1.47467e+01 1.03431e+00 -5.00328e-01
1.48633e+01 9.69778e-01 -6.15266e-01
1.49551e+01 9.07372e-01 -7.53415e-01
1.50397e+01 8.36051e-01 -9.46929e-01
1.51243e+01 7.43985e-01 -1.25571e+00
1.51945e+01 6.42338e-01 -1.67359e+00
1.52365e+01 5.64580e-01 -2.04483e+00
1.52757e+01 4.75757e-01 -2.51837e+00
1.53098e+01 3.80797e-01 -3.07533e+00
1.53439e+01 2.63810e-01 -3.81931e+00
1.53709e+01 1.50719e-01 -4.58174e+00
1.53991e+01 8.04095e-03 -5.57480e+00
1.54273e+01 -1.65631e-01 -6.77776e+00
1.54555e+01 -3.75568e-01 -8.12677e+00
1.54801e+01 -5.90019e-01 -9.26044e+00
1.55026e+01 -8.07096e-01 -1.00169e+01
1.55250e+01 -1.03557e+00 -1.02310e+01
1.55397e+01 -1.18462e+00 -9.97031e+00
1.55547e+01 -1.33008e+00 -9.35813e+00
1.55704e+01 -1.46922e+00 -8.40055e+00
1.55860e+01 -1.59154e+00 -7.22643e+00
1.56016e+01 -1.69471e+00 -5.97253e+00
1.56173e+01 -1.77848e+00 -4.76298e+00
1.56316e+01 -1.83965e+00 -3.76366e+00
1.56456e+01 -1.88614e+00 -2.93373e+00
1.56595e+01 -1.92206e+00 -2.24689e+00
1.56734e+01 -1.94937e+00 -1.69475e+00
1.56874e+01 -1.96983e+00 -1.26065e+00
1.57013e+01 -1.98496e+00 -9.25034e-01
1.57152e+01 -1.99598e+00 -6.68791e-01
1.57292e+01 -2.00388e+00 -4.74959e-01
1.57441e+01 -2.00976e+00 -3.20289e-01
1.57599e+01 -2.01382e+00 -2.02033e-01
1.57765e+01 -2.01641e+00 -1.12987e-01
1.57944e+01 -2.01780e+00 -4.71367e-02
1.58136e+01 -2.01822e+00 5.34494e-04
1.58344e+01 -2.01783e+00 3.41929e-02
1.58569e+01 -2.01678e+00 5.70610e-02
1.58819e+01 -2.01514e+00 7.24205e-02
1.59099e+01 -2.01297e+00 8.21973e-02
1.59414e+01 -2.01027e+00 8.81437e-02
1.59776e+01 -2.00701e+00 9.15930e-02
1.60200e+01 -2.00309e+00 9.35260e-02
1.60689e+01 -1.99848e+00 9.46058e-02
1.61290e+01 -1.99277e+00 9.53401e-02
1.62053e+01 -1.98547e+00 9.60106e-02
1.63040e+01 -1.97596e+00 9.67991e-02
1.64691e+01 -1.95986e+00 9.81335e-02
1.68011e+01 -1.92681e+00 1.00999e-01
1.71630e+01 -1.88965e+00 1.04450e-01
1.75249e+01 -1.85116e+00 1.08308e-01
1.78868e+01 -1.81120e+00 1.12662e-01
1.81999e+01 -1.77527e+00 1.16915e-01
1.85130e+01 -1.73793e+00 1.21727e-01
1.88261e+01 -1.69898e+00 1.27229e-01
1.91392e+01 -1.65818e+00 1.33603e-01
1.94522e+01 -1.61521e+00 1.41100e-01
1.97653e+01 -1.56967e+00 1.50094e-01
2.00784e+01 -1.52101e+00 1.61144e-01
2.03308e+01 -1.47899e+00 1.72138e-01
2.05832e+01 -1.43389e+00 1.85774e-01
2.07969e+01 -1.39270e+00 2.00238e-01
2.10106e+01 -1.34804e+00 2.18592e-01
2.11948e+01 -1.30597e+00 2.38987e-01
2.13790e+01 -1.25959e+00 2.65772e-01
2.15633e+01 -1.20743e+00 3.02607e-01
2.17174e+01 -1.15763e+00 3.46019e-01
2.18715e+01 -1.09977e+00 4.09035e-01
2.20257e+01 -1.02974e+00 5.07608e-01
2.21343e+01 -9.69121e-01 6.16577e-01
2.22262e+01 -9.06460e-01 7.55645e-01
2.23107e+01 -8.34985e-01 9.50121e-01
2.23952e+01 -7.42678e-01 1.26058e+00
2.24646e+01 -6.41925e-01 1.67544e+00
2.25067e+01 -5.64078e-01 2.04736e+00
2.25458e+01 -4.75218e-01 2.52139e+00
2.25799e+01 -3.80210e-01 3.07892e+00
2.26139e+01 -2.63170e-01 3.82352e+00
2.26409e+01 -1.49996e-01 4.58671e+00
2.26691e+01 -7.23777e-03 5.58042e+00
2.26973e+01 1.66514e-01 6.78375e+00
2.27255e+01 3.76515e-01 8.13242e+00
2.27501e+01 5.90809e-01 9.26399e+00
2.27725e+01 8.08069e-01 1.00191e+01
2.27950e+01 1.03668e+00 1.02303e+01
2.28097e+01 1.18562e+00 9.96737e+00
2.28247e+01 1.33088e+00 9.35369e+00
2.28403e+01 1.46980e+00 8.39581e+00
2.28559e+01 1.59191e+00 7.22244e+00
2.28715e+01 1.69490e+00 5.96991e+00
2.28871e+01 1.77855e+00 4.76186e+00
2.29015e+01 1.83965e+00 3.76354e+00
2.29155e+01 1.88614e+00 2.93361e+00
2.29294e+01 1.92207e+00 2.24677e+00
2.29433e+01 1.94938e+00 1.69465e+00
2.29572e+01 1.96984e+00 1.26056e+00
2.29712e+01 1.98496e+00 9.24955e-01
2.29851e+01 1.99598e+00 6.68725e-01
2.29990e+01 2.00388e+00 4.74904e-01
2.30140e+01 2.00977e+00 3.20247e-01
2.30297e+01 2.01382e+00 2.02001e-01
2.30464e+01 2.01641e+00 1.12963e-01
2.30643e+01 2.01780e+00 4.71194e-02
2.30835e+01 2.01822e+00 -5.46875e-04
2.31043e+01 2.01783e+00 -3.42015e-02
2.31267e+01 2.01678e+00 -5.70668e-02
2.31518e+01 2.01514e+00 -7.24242e-02
2.31798e+01 2.01297e+00 -8.21996e-02
2.32113e+01 2.01027e+00 -8.81451e-02
2.32475e+01 2.00701e+00 -9.15938e-02
2.32899e+01 2.00308e+00 -9.35265e-02
2.33388e+01 1.99848e+00 -9.46061e-02
2.33989e+01 1.99277e+00 -9.53403e-02
2.34752e+01 1.98547e+00 -9.60108e-02
2.35739e+01 1.97595e+00 -9.67994e-02
2.37391e+01 1.95986e+00 -9.81340e-02
2.40712e+01 1.92680e+00 -1.01001e-01
2.44331e+01 1.88963e+00 -1.04452e-01
2.47950e+01 1.85114e+00 -1.08310e-01
2.51569e+01 1.81118e+00 -1.12664e-01
2.54700e+01 1.77525e+00 -1.16918e-01
2.57830e+01 1.73791e+00 -1.21730e-01
2.60961e+01 1.69896e+00 -1.27232e-01
2.64092e+01 1.65816e+00 -1.33606e-01
2.67222e+01 1.61519e+00 -1.41103e-01
2.70353e+01 1.56965e+00 -1.50099e-01
2.73484e+01 1.52099e+00 -1.61149e-01
2.76008e+01 1.47897e+00 -1.72144e-01
2.78532e+01 1.43387e+00 -1.85780e-01
2.80669e+01 1.39268e+00 -2.00246e-01
2.82806e+01 1.34802e+00 -2.18601e-01
2.84648e+01 1.30595e+00 -2.38997e-01
2.86490e+01 1.25957e+00 -2.65786e-01
2.88332e+01 1.20741e+00 -3.02624e-01
2.89874e+01 1.15761e+00 -3.46043e-01
2.91415e+01 1.09974e+00 -4.09071e-01
2.92956e+01 1.02971e+00 -5.07667e-01
2.94042e+01 9.69090e-01 -6.16638e-01
2.94961e+01 9.06426e-01 -7.55729e-01
2.95806e+01 8.34944e-01 -9.50242e-01
2.96651e+01 7.42628e-01 -1.26076e+00
2.97345e+01 6.41909e-01 -1.67552e+00
2.97765e+01 5.64058e-01 -2.04746e+00
2.98156e+01 4.75197e-01 -2.52151e+00
2.98497e+01 3.80187e-01 -3.07906e+00
2.98838e+01 2.63145e-01 -3.82368e+00
2.99108e+01 1.49967e-01 -4.58690e+00
2.99390e+01 7.20626e-03 -5.58064e+00
2.99672e+01 -1.66549e-01 -6.78398e+00
2.99954e+01 -3.76552e-01 -8.13264e+00
3.00200e+01 -5.90840e-01 -9.26413e+00
3.00424e+01 -8.08107e-01 -1.00192e+01
3.00649e+01 -1.03672e+00 -1.02303e+01
3.00796e+01 -1.18566e+00 -9.96725e+00
3.00946e+01 -1.33091e+00 -9.35352e+00
3.01102e+01 -1.46982e+00 -8.39562e+00
3.01258e+01 -1.59192e+00 -7.22228e+00
3.01414e+01 -1.69491e+00 -5.96981e+00
3.01570e+01 -1.77855e+00 -4.76181e+00
3.01714e+01 -1.83965e+00 -3.76354e+00
3.01853e+01 -1.88614e+00 -2.93360e+00
3.01993e+01 -1.92207e+00 -2.24677e+00
3.02132e+01 -1.94938e+00 -1.69464e+00
3.02271e+01 -1.96984e+00 -1.26056e+00
3.02411e+01 -1.98496e+00 -9.24952e-01
3.02550e+01 -1.99598e+00 -6.68723e-01
3.02689e+01 -2.00388e+00 -4.74902e-01
3.02839e+01 -2.00977e+00 -3.20246e-01
3.02996e+01 -2.01382e+00 -2.02000e-01
3.03163e+01 -2.01641e+00 -1.12962e-01
3.03341e+01 -2.01780e+00 -4.71187e-02
3.03533e+01 -2.01822e+00 5.47370e-04
3.03741e+01 -2.01783e+00 3.42018e-02
3.03966e+01 -2.01678e+00 5.70670e-02
3.04217e+01 -2.01514e+00 7.24243e-02
3.04496e+01 -2.01297e+00 8.21997e-02
3.04812e+01 -2.01027e+00 8.81452e-02
3.05174e+01 -2.00701e+00 9.15938e-02
3.05597e+01 -2.00308e+00 9.35265e-02
3.06087e+01 -1.99848e+00 9.46061e-02
3.06688e+01 -1.99277e+00 9.53403e-02
3.07450e+01 -1.98547e+00 9.60108e-02
3.08438e+01 -1.97595e+00 9.67994e-02
3.10089e+01 -1.95986e+00 9.81340e-02
3.13410e+01 -1.92679e+00 1.01001e-01
3.17030e+01 -1.88963e+00 1.04452e-01
3.20649e+01 -1.85114e+00 1.08310e-01
3.24268e+01 -1.81117e+00 1.12664e-01
3.27398e+01 -1.77525e+00 1.16918e-01
3.30529e+01 -1.73791e+00 1.21730e-01
3.33660e+01 -1.69896e+00 1.27232e-01
3.36791e+01 -1.65815e+00 1.33606e-01
3.39921e+01 -1.61519e+00 1.41104e-01
3.43052e+01 -1.56965e+00 1.50099e-01
3.46183e+01 -1.52099e+00 1.61149e-01
3.48707e+01 -1.47897e+00 1.72144e-01
3.51231e+01 -1.43387e+00 1.85781e-01
3.53368e+01 -1.39268e+00 2.00246e-01
3.55504e+01 -1.34802e+00 2.18602e-01
3.57347e+01 -1.30595e+00 2.38998e-01
3.59189e+01 -1.25957e+00 2.65786e-01
3.61031e+01 -1.20741e+00 3.02625e-01
3.62572e+01 -1.15761e+00 3.46044e-01
3.64114e+01 -1.09974e+00 4.09072e-01
3.65655e+01 -1.02970e+00 5.07669e-01
3.66741e+01 -9.69089e-01 6.16640e-01
3.67660e+01 -9.06424e-01 7.55732e-01
3.68505e+01 -8.34943e-01 9.50247e-01
3.69350e+01 -7.42626e-01 1.26077e+00
3.70044e+01 -6.41908e-01 1.67552e+00
3.70464e+01 -5.64057e-01 2.04747e+00
3.70855e+01 -4.75196e-01 2.52152e+00
3.71196e+01 -3.80186e-01 3.07906e+00
3.71537e+01 -2.63144e-01 3.82369e+00
3.71807e+01 -1.49966e-01 4.58691e+00
3.72089e+01 -7.20500e-03 5.58065e+00
3.72371e+01 1.66550e-01 6.78399e+00
3.72652e+01 3.76554e-01 8.13265e+00
3.72898e+01 5.90841e-01 9.26414e+00
3.73123e+01 8.08108e-01 1.00192e+01
3.73348e+01 1.03673e+00 1.02302e+01
3.73495e+01 1.18566e+00 9.96725e+00
3.73645e+01 1.33091e+00 9.35351e+00
3.73801e+01 1.46982e+00 8.39561e+00
3.73957e+01 1.59192e+00 7.22227e+00
3.74113e+01 1.69491e+00 5.96980e+00
3.74269e+01 1.77855e+00 4.76181e+00
3.74413e+01 1.83965e+00 3.76354e+00
3.74552e+01 1.88614e+00 2.93360e+00
3.74691e+01 1.92207e+00 2.24677e+00
3.74831e+01 1.94938e+00 1.69464e+00
3.74970e+01 1.96984e+00 1.26056e+00
3.75109e+01 1.98496e+00 9.24952e-01
3.75249e+01 1.99598e+00 6.68723e-01
3.75388e+01 2.00388e+00 4.74902e-01
3.75537e+01 2.00977e+00 3.20246e-01
3.75695e+01 2.01382e+00 2.02000e-01
3.75862e+01 2.01641e+00 1.12962e-01
3.76040e+01 2.01780e+00 4.71186e-02
3.76232e+01 2.01822e+00 -5.47389e-04
3.76440e+01 2.01783e+00 -3.42019e-02
3.76665e+01 2.01678e+00 -5.70670e-02
3.76916e+01 2.01514e+00 -7.24243e-02
3.77195e+01 2.01297e+00 -8.21997e-02
3.77511e+01 2.01027e+00 -8.81452e-02
3.77873e+01 2.00701e+00 -9.15938e-02
3.78296e+01 2.00308e+00 -9.35265e-02
3.78785e+01 1.99848e+00 -9.46061e-02
3.79386e+01 1.99277e+00 -9.53403e-02
3.80149e+01 1.98547e+00 -9.60108e-02
3.81136e+01 1.97595e+00 -9.67994e-02
3.82788e+01 1.95986e+00 -9.81340e-02
3.86109e+01 1.92679e+00 -1.01001e-01
3.89728e+01 1.88963e+00 -1.04452e-01
3.93347e+01 1.85114e+00 -1.08310e-01
3.96966e+01 1.81117e+00 -1.12664e-01
4.00097e+01 1.77525e+00 -1.16918e-01
4.03228e+01 1.73791e+00 -1.21730e-01
4.06359e+01 1.69896e+00 -1.27232e-01
4.09489e+01 1.65815e+00 -1.33606e-01
4.12620e+01 1.61519e+00 -1.41104e-01
4.15751e+01 1.56965e+00 -1.50099e-01
4.18881e+01 1.52099e+00 -1.61149e-01
4.21406e+01 1.47897e+00 -1.72144e-01
4.23930e+01 1.43387e+00 -1.85781e-01
4.26066e+01 1.39268e+00 -2.00246e-01
4.28203e+01 1.34802e+00 -2.18602e-01
4.30045e+01 1.30595e+00 -2.38998e-01
4.31887e+01 1.25957e+00 -2.65786e-01
4.33730e+01 1.20741e+00 -3.02625e-01
4.35271e+01 1.15761e+00 -3.46044e-01
4.36812e+01 1.09974e+00 -4.09073e-01
4.38354e+01 1.02970e+00 -5.07669e-01
4.39439e+01 9.69089e-01 -6.16640e-01
4.40359e+01 9.06424e-01 -7.55733e-01
4.41204e+01 8.34942e-01 -9.50247e-01
4.42049e+01 7.42626e-01 -1.26077e+00
4.42742e+01 6.41908e-01 -1.67552e+00
4.43163e+01 5.64057e-01 -2.04747e+00
4.43554e+01 4.75196e-01 -2.52152e+00
4.43895e+01 3.80186e-01 -3.07906e+00
4.44236e+01 2.63144e-01 -3.82369e+00
4.44506e+01 1.49966e-01 -4.58691e+00
4.44788e+01 7.20495e-03 -5.58065e+00
4.45069e+01 -1.66550e-01 -6.78399e+00
4.45351e+01 -3.76554e-01 -8.13265e+00
4.45597e+01 -5.90841e-01 -9.26414e+00
4.45822e+01 -8.08109e-01 -1.00192e+01
4.46046e+01 -1.03673e+00 -1.02302e+01
4.46193e+01 -1.18566e+00 -9.96725e+00
4.46343e+01 -1.33091e+00 -9.35351e+00
4.46499e+01 -1.46982e+00 -8.39561e+00
4.46655e+01 -1.59192e+00 -7.22227e+00
4.46812e+01 -1.69491e+00 -5.96980e+00
4.46968e+01 -1.77855e+00 -4.76181e+00
4.47111e+01 -1.83965e+00 -3.76354e+00
4.47251e+01 -1.88614e+00 -2.93360e+00
4.47390e+01 -1.92207e+00 -2.24677e+00
4.47529e+01 -1.94938e+00 -1.69464e+00
4.47669e+01 -1.96984e+00 -1.26056e+00
4.47808e+01 -1.98496e+00 -9.24952e-01
4.47947e+01 -1.99598e+00 -6.68723e-01
4.48087e+01 -2.00388e+00 -4.74902e-01
4.48236e+01 -2.00977e+00 -3.20246e-01
4.48394e+01 -2.01382e+00 -2.02000e-01
4.48561e+01 -2.01641e+00 -1.12962e-01
4.48739e+01 -2.01780e+00 -4.71186e-02
4.48931e+01 -2.01822e+00 5.47390e-04
4.49139e+01 -2.01783e+00 3.42019e-02
4.49364e+01 -2.01678e+00 5.70670e-02
4.49614e+01 -2.01514e+00 7.24243e-02
4.49894e+01 -2.01297e+00 8.21997e-02
4.50209e+01 -2.01027e+00 8.81452e-02
4.50571e+01 -2.00701e+00 9.15938e-02
4.50995e+01 -2.00308e+00 9.35265e-02
4.51484e+01 -1.99848e+00 9.46061e-02
4.52085e+01 -1.99277e+00 9.53403e-02
4.52848e+01 -1.98547e+00 9.60108e-02
4.53835e+01 -1.97595e+00 9.67994e-02
4.55487e+01 -1.95986e+00 9.81340e-02
4.58808e+01 -1.92679e+00 1.01001e-01
4.62427e+01 -1.88963e+00 1.04452e-01
4.66046e+01 -1.85114e+00 1.08310e-01
4.69665e+01 -1.81117e+00 1.12664e-01
4.72796e+01 -1.77525e+00 1.16918e-01
4.75927e+01 -1.73791e+00 1.21730e-01
4.79057e+01 -1.69896e+00 1.27232e-01
4.82188e+01 -1.65815e+00 1.33606e-01
4.85319e+01 -1.61519e+00 1.41104e-01
4.88450e+01 -1.56965e+00 1.50099e-01
4.91580e+01 -1.52099e+00 1.61149e-01
4.94104e+01 -1.47897e+00 1.72144e-01
4.96629e+01 -1.43387e+00 1.85781e-01
4.98765e+01 -1.39268e+00 2.00246e-01
5.00902e+01 -1.34802e+00 2.18602e-01
5.02744e+01 -1.30595e+00 2.38998e-01
5.04586e+01 -1.25957e+00 2.65786e-01
5.06428e+01 -1.20741e+00 3.02625e-01
5.07970e+01 -1.15761e+00 3.46044e-01
5.09511e+01 -1.09974e+00 4.09073e-01
5.11053e+01 -1.02970e+00 5.07669e-01
5.12138e+01 -9.69089e-01 6.16640e-01
5.13058e+01 -9.06424e-01 7.55733e-01
5.13903e+01 -8.34942e-01 9.50247e-01
5.14747e+01 -7.42626e-01 1.26077e+00
5.15441e+01 -6.41908e-01 1.67552e+00
5.15862e+01 -5.64057e-01 2.04747e+00
5.16253e+01 -4.75196e-01 2.52152e+00
5.16594e+01 -3.80186e-01 3.07906e+00
5.16935e+01 -2.63144e-01 3.82369e+00
5.17205e+01 -1.49966e-01 4.58691e+00
5.17486e+01 -7.20495e-03 5.58065e+00
5.17768e+01 1.66550e-01 6.78399e+00
5.18050e+01 3.76554e-01 8.13265e+00
5.18296e+01 5.90841e-01 9.26414e+00
5.18520e+01 8.08109e-01 1.00192e+01
5.18745e+01 1.03673e+00 1.02302e+01
5.18892e+01 1.18566e+00 9.96725e+00
5.19042e+01 1.33091e+00 9.35351e+00
5.19198e+01 1.46982e+00 8.39561e+00
5.19354e+01 1.59192e+00 7.22227e+00
5.19510e+01 1.69491e+00 5.96980e+00
5.19666e+01 1.77855e+00 4.76181e+00
5.19810e+01 1.83965e+00 3.76354e+00
5.19950e+01 1.88614e+00 2.93360e+00
5.20089e+01 1.92207e+00 2.24677e+00
5.20228e+01 1.94938e+00 1.69464e+00
5.20368e+01 1.96984e+00 1.26056e+00
5.20507e+01 1.98496e+00 9.24952e-01
5.20646e+01 1.99598e+00 6.68723e-01
5.20785e+01 2.00388e+00 4.74902e-01
5.20935e+01 2.00977e+00 3.20246e-01
5.21092e+01 2.01382e+00 2.02000e-01
5.21259e+01 2.01641e+00 1.12962e-01
5.21438e+01 2.01780e+00 4.71186e-02
5.21630e+01 2.01822e+00 -5.47390e-04
5.21838e+01 2.01783e+00 -3.42019e-02
5.22062e+01 2.01678e+00 -5.70670e-02
5.22313e+01 2.01514e+00 -7.24243e-02
5.22593e+01 2.01297e+00 -8.21997e-02
5.22908e+01 2.01027e+00 -8.81452e-02
5.23270e+01 2.00701e+00 -9.15938e-02
5.23694e+01 2.00308e+00 -9.35265e-02
5.24183e+01 1.99848e+00 -9.46061e-02
5.24784e+01 1.99277e+00 -9.53403e-02
5.25547e+01 1.98547e+00 -9.60108e-02
5.26534e+01 1.97595e+00 -9.67994e-02
5.28186e+01 1.95986e+00 -9.81340e-02
5.31507e+01 1.92679e+00 -1.01001e-01
5.35126e+01 1.88963e+00 -1.04452e-01
5.38745e+01 1.85114e+00 -1.08310e-01
5.42364e+01 1.81117e+00 -1.12664e-01
5.45495e+01 1.77525e+00 -1.16918e-01
5.48625e+01 1.73791e+00 -1.21730e-01
5.51756e+01 1.69896e+00 -1.27232e-01
5.54887e+01 1.65815e+00 -1.33606e-01
5.58018e+01 1.61519e+00 -1.41104e-01
5.61148e+01 1.56965e+00 -1.50099e-01
5.64279e+01 1.52099e+00 -1.61149e-01
5.66803e+01 1.47897e+00 -1.72144e-01
5.69327e+01 1.43387e+00 -1.85781e-01
5.71464e+01 1.39268e+00 -2.00246e-01
5.73601e+01 1.34802e+00 -2.18602e-01
5.75443e+01 1.30595e+00 -2.38998e-01
5.77285e+01 1.25957e+00 -2.65786e-01
5.79127e+01 1.20741e+00 -3.02625e-01
5.80669e+01 1.15761e+00 -3.46044e-01
5.82210e+01 1.09974e+00 -4.09073e-01
5.83751e+01 1.02970e+00 -5.07669e-01
5.84837e+01 9.69089e-01 -6.16640e-01
5.85756e+01 9.06424e-01 -7.55733e-01
5.86601e+01 8.34942e-01 -9.50247e-01
5.87446e+01 7.42626e-01 -1.26077e+00
5.88140e+01 6.41908e-01 -1.67552e+00
5.88560e+01 5.64057e-01 -2.04747e+00
5.88951e+01 4.75196e-01 -2.52152e+00
5.89292e+01 3.80186e-01 -3.07906e+00
5.89633e+01 2.63144e-01 -3.82369e+00
5.89903e+01 1.49966e-01 -4.58691e+00
5.90185e+01 7.20495e-03 -5.58065e+00
5.90467e+01 -1.66550e-01 -6.78399e+00
5.90749e+01 -3.76554e-01 -8.13265e+00
5.90995e+01 -5.90841e-01 -9.26414e+00
5.91219e+01 -8.08109e-01 -1.00192e+01
5.91444e+01 -1.03673e+00 -1.02302e+01
5.91591e+01 -1.18566e+00 -9.96725e+00
5.91741e+01 -1.33091e+00 -9.35351e+00
5.91897e+01 -1.46982e+00 -8.39561e+00
5.92053e+01 -1.59192e+00 -7.22227e+00
5.92209e+01 -1.69491e+00 -5.96980e+00
5.92365e+01 -1.77855e+00 -4.76181e+00
5.92509e+01 -1.83965e+00 -3.76354e+00
5.92648e+01 -1.88614e+00 -2.93360e+00
5.92788e+01 -1.92207e+00 -2.24677e+00
5.92927e+01 -1.94938e+00 -1.69464e+00
5.93066e+01 -1.96984e+00 -1.26056e+00
5.93206e+01 -1.98496e+00 -9.24952e-01
5.93345e+01 -1.99598e+00 -6.68723e-01
5.93484e+01 -2.00388e+00 -4.74902e-01
5.93634e+01 -2.00977e+00 -3.20246e-01
5.93791e+01 -2.01382e+00 -2.02000e-01
5.93958e+01 -2.01641e+00 -1.12962e-01
5.94136e+01 -2.01780e+00 -4.71186e-02
5.94328e+01 -2.01822e+00 5.47390e-04
5.94536e+01 -2.01783e+00 3.42019e-02
5.94761e+01 -2.01678e+00 5.70670e-02
5.95012e+01 -2.01514e+00 7.24243e-02
5.95291e+01 -2.01297e+00 8.21997e-02
5.95607e+01 -2.01027e+00 8.81452e-02
5.95969e+01 -2.00701e+00 9.15938e-02
5.96392e+01 -2.00308e+00 9.35265e-02
5.96882e+01 -1.99848e+00 9.46061e-02
5.97483e+01 -1.99277e+00 9.53403e-02
5.98245e+01 -1.98547e+00 9.60108e-02
5.99233e+01 -1.97595e+00 9.67994e-02
6.00884e+01 -1.95986e+00 9.81340e-02
6.04205e+01 -1.92679e+00 1.01001e-01
6.07825e+01 -1.88963e+00 1.04452e-01
6.11444e+01 -1.85114e+00 1.08310e-01
6.15063e+01 -1.81117e+00 1.12664e-01
6.18193e+01 -1.77525e+00 1.16918e-01
6.21324e+01 -1.73791e+00 1.21730e-01
6.24455e+01 -1.69896e+00 1.27232e-01
6.27586e+01 -1.65815e+00 1.33606e-01
6.30716e+01 -1.61519e+00 1.41104e-01
6.33847e+01 -1.56965e+00 1.50099e-01
6.36978e+01 -1.52099e+00 1.61149e-01
6.39502e+01 -1.47897e+00 1.72144e-01
6.42026e+01 -1.43387e+00 1.85781e-01
6.44163e+01 -1.39268e+00 2.00246e-01
6.46299e+01 -1.34802e+00 2.18602e-01
6.48142e+01 -1.30595e+00 2.38998e-01
6.49984e+01 -1.25957e+00 2.65786e-01
6.51826e+01 -1.20741e+00 3.02625e-01
6.53367e+01 -1.15761e+00 3.46044e-01
6.54909e+01 -1.09974e+00 4.09073e-01
6.56450e+01 -1.02970e+00 5.07669e-01
6.57536e+01 -9.69089e-01 6.16640e-01
6.58455e+01 -9.06424e-01 7.55733e-01
6.59300e+01 -8.34942e-01 9.50247e-01
6.60145e+01 -7.42626e-01 1.26077e+00
6.60839e+01 -6.41908e-01 1.67552e+00
6.61259e+01 -5.64057e-01 2.04747e+00
6.61650e+01 -4.75196e-01 2.52152e+00
6.61991e+01 -3.80186e-01 3.07906e+00
6.62332e+01 -2.63144e-01 3.82369e+00
6.62602e+01 -1.49966e-01 4.58691e+00
6.62884e+01 -7.20495e-03 5.58065e+00
6.63166e+01 1.66550e-01 6.78399e+00
6.63447e+01 3.76554e-01 8.13265e+00
6.63693e+01 5.90841e-01 9.26414e+00
6.63918e+01 8.08109e-01 1.00192e+01
6.64143e+01 1.03673e+00 1.02302e+01
6.64290e+01 1.18566e+00 9.96725e+00
6.64440e+01 1.33091e+00 9.35351e+00
6.64596e+01 1.46982e+00 8.39561e+00
6.64752e+01 1.59192e+00 7.22227e+00
6.64908e+01 1.69491e+00 5.96980e+00
6.65064e+01 1.77855e+00 4.76181e+00
6.65208e+01 1.83965e+00 3.76354e+00
6.65347e+01 1.88614e+00 2.93360e+00
6.65486e+01 1.92207e+00 2.24677e+00
6.65626e+01 1.94938e+00 1.69464e+00
6.65765e+01 1.96984e+00 1.26056e+00
6.65904e+01 1.98496e+00 9.24952e-01
6.66044e+01 1.99598e+00 6.68723e-01
6.66183e+01 2.00388e+00 4.74902e-01
6.66332e+01 2.00977e+00 3.20246e-01
6.66490e+01 2.01382e+00 2.02000e-01
6.66657e+01 2.01641e+00 1.12962e-01
6.66835e+01 2.01780e+00 4.71186e-02
6.67027e+01 2.01822e+00 -5.47390e-04
6.67235e+01 2.01783e+00 -3.42019e-02
6.67460e+01 2.01678e+00 -5.70670e-02
6.67711e+01 2.01514e+00 -7.24243e-02
6.67990e+01 2.01297e+00 -8.21997e-02
6.68306e+01 2.01027e+00 -8.81452e-02
6.68668e+01 2.00701e+00 -9.15938e-02
6.69091e+01 2.00308e+00 -9.35265e-02
6.69580e+01 1.99848e+00 -9.46061e-02
6.70181e+01 1.99277e+00 -9.53403e-02
6.70944e+01 1.98547e+00 -9.60108e-02
6.71931e+01 1.97595e+00 -9.67994e-02
6.73583e+01 1.95986e+00 -9.81340e-02
6.76904e+01 1.92679e+00 -1.01001e-01
6.80523e+01 1.88963e+00 -1.04452e-01
6.84142e+01 1.85114e+00 -1.08310e-01
6.87761e+01 1.81117e+00 -1.12664e-01
6.90892e+01 1.77525e+00 -1.16918e-01
6.94023e+01 1.73791e+00 -1.21730e-01
6.97154e+01 1.69896e+00 -1.27232e-01
7.00284e+01 1.65815e+00 -1.33606e-01
7.03415e+01 1.61519e+00 -1.41104e-01
7.06546e+01 1.56965e+00 -1.50099e-01
7.09676e+01 1.52099e+00 -1.61149e-01
7.12201e+01 1.47897e+00 -1.72144e-01
7.14725e+01 1.43387e+00 -1.85781e-01
7.16861e+01 1.39268e+00 -2.00246e-01
7.18998e+01 1.34802e+00 -2.18602e-01
7.20840e+01 1.30595e+00 -2.38998e-01
7.22683e+01 1.25957e+00 -2.65786e-01
7.24525e+01 1.20741e+00 -3.02625e-01
7.26066e+01 1.15761e+00 -3.46044e-01
7.27607e+01 1.09974e+00 -4.09073e-01
7.29149e+01 1.02970e+00 -5.07669e-01
7.30234e+01 9.69089e-01 -6.16640e-01
7.31154e+01 9.06424e-01 -7.55733e-01
7.31999e+01 8.34942e-01 -9.50247e-01
7.32844e+01 7.42626e-01 -1.26077e+00
7.33537e+01 6.41908e-01 -1.67552e+00
7.33958e+01 5.64057e-01 -2.04747e+00
7.34349e+01 4.75196e-01 -2.52152e+00
7.34690e+01 3.80186e-01 -3.07906e+00
7.35031e+01 2.63144e-01 -3.82369e+00
7.35301e+01 1.49966e-01 -4.58691e+00
7.35583e+01 7.20495e-03 -5.58065e+00
7.35864e+01 -1.66550e-01 -6.78399e+00
7.36146e+01 -3.76554e-01 -8.13265e+00
7.36392e+01 -5.90841e-01 -9.26414e+00
7.36617e+01 -8.08109e-01 -1.00192e+01
7.36841e+01 -1.03673e+00 -1.02302e+01
7.36988e+01 -1.18566e+00 -9.96725e+00
7.37138e+01 -1.33091e+00 -9.35351e+00
7.37294e+01 -1.46982e+00 -8.39561e+00
7.37451e+01 -1.59192e+00 -7.22227e+00
7.37607e+01 -1.69491e+00 -5.96980e+00
7.37763e+01 -1.77855e+00 -4.76181e+00
7.37906e+01 -1.83965e+00 -3.76354e+00
7.38046e+01 -1.88614e+00 -2.93360e+00
7.38185e+01 -1.92207e+00 -2.24677e+00
7.38324e+01 -1.94938e+00 -1.69464e+00
7.38464e+01 -1.96984e+00 -1.26056e+00
7.38603e+01 -1.98496e+00 -9.24952e-01
7.38742e+01 -1.99598e+00 -6.68723e-01
7.38882e+01 -2.00388e+00 -4.74902e-01
7.39031e+01 -2.00977e+00 -3.20246e-01
7.39189e+01 -2.01382e+00 -2.02000e-01
7.39356e+01 -2.01641e+00 -1.12962e-01
7.39534e+01 -2.01780e+00 -4.71186e-02
7.39726e+01 -2.01822e+00 5.47390e-04
7.39934e+01 -2.01783e+00 3.42019e-02
7.40159e+01 -2.01678e+00 5.70670e-02
7.40409e+01 -2.01514e+00 7.24243e-02
7.40689e+01 -2.01297e+00 8.21997e-02
7.41004e+01 -2.01027e+00 8.81452e-02
7.41366e+01 -2.00701e+00 9.15938e-02
7.41790e+01 -2.00308e+00 9.35265e-02
7.42279e+01 -1.99848e+00 9.46061e-02
7.42880e+01 -1.99277e+00 9.53403e-02
7.43643e+01 -1.98547e+00 9.60108e-02
7.44630e+01 -1.97595e+00 9.67994e-02
7.46282e+01 -1.95986e+00 9.81340e-02
7.49603e+01 -1.92679e+00 1.01001e-01
7.53222e+01 -1.88963e+00 1.04452e-01
7.56841e+01 -1.85114e+00 1.08310e-01
7.60460e+01 -1.81117e+00 1.12664e-01
7.63591e+01 -1.77525e+00 1.16918e-01
7.66722e+01 -1.73791e+00 1.21730e-01
7.69852e+01 -1.69896e+00 1.27232e-01
7.72983e+01 -1.65815e+00 1.33606e-01
7.76114e+01 -1.61519e+00 1.41104e-01
7.79245e+01 -1.56965e+00 1.50099e-01
7.82375e+01 -1.52099e+00 1.61149e-01
7.84899e+01 -1.47897e+00 1.72144e-01
7.87424e+01 -1.43387e+00 1.85781e-01
7.89560e+01 -1.39268e+00 2.00246e-01
7.91697e+01 -1.34802e+00 2.18602e-01
7.93539e+01 -1.30595e+00 2.38998e-01
7.95381e+01 -1.25957e+00 2.65786e-01
7.97223e+01 -1.20741e+00 3.02625e-01
7.98765e+01 -1.15761e+00 3.46044e-01
8.00306e+01 -1.09974e+00 4.09073e-01
8.01848e+01 -1.02970e+00 5.07669e-01
8.02933e+01 -9.69089e-01 6.16640e-01
8.03853e+01 -9.06424e-01 7.55733e-01
8.04698e+01 -8.34942e-01 9.50247e-01
8.05542e+01 -7.42626e-01 1.26077e+00
8.06236e+01 -6.41908e-01 1.67552e+00
8.06657e+01 -5.64057e-01 2.04747e+00
8.07048e+01 -4.75196e-01 2.52152e+00
8.07389e+01 -3.80186e-01 3.07906e+00
8.07730e+01 -2.63144e-01 3.82369e+00
8.08000e+01 -1.49966e-01 4.58691e+00
8.08281e+01 -7.20495e-03 5.58065e+00
8.08563e+01 1.66550e-01 6.78399e+00
8.08845e+01 3.76554e-01 8.13265e+00
8.09091e+01 5.90841e-01 9.26414e+00
8.09316e+01 8.08109e-01 1.00192e+01
8.09540e+01 1.03673e+00 1.02302e+01
8.09687e+01 1.18566e+00 9.96725e+00
8.09837e+01 1.33091e+00 9.35351e+00
8.09993e+01 1.46982e+00 8.39561e+00
8.10149e+01 1.59192e+00 7.22227e+00
8.10305e+01 1.69491e+00 5.96980e+00
8.10461e+01 1.77855e+00 4.76181e+00
8.10605e+01 1.83965e+00 3.76354e+00
8.10745e+01 1.88614e+00 2.93360e+00
8.10884e+01 1.92207e+00 2.24677e+00
8.11023e+01 1.94938e+00 1.69464e+00
8.11163e+01 1.96984e+00 1.26056e+00
8.11302e+01 1.98496e+00 9.24952e-01
8.11441e+01 1.99598e+00 6.68723e-01
8.11580e+01 2.00388e+00 4.74902e-01
8.11730e+01 2.00977e+00 3.20246e-01
8.11887e+01 2.01382e+00 2.02000e-01
8.12054e+01 2.01641e+00 1.12962e-01
8.12233e+01 2.01780e+00 4.71186e-02
8.12425e+01 2.01822e+00 -5.47390e-04
8.12633e+01 2.01783e+00 -3.42019e-02
8.12857e+01 2.01678e+00 -5.70670e-02
8.13108e+01 2.01514e+00 -7.24243e-02
8.13388e+01 2.01297e+00 -8.21997e-02
8.13703e+01 2.01027e+00 -8.81452e-02
8.14065e+01 2.00701e+00 -9.15938e-02
8.14489e+01 2.00308e+00 -9.35265e-02
8.14978e+01 1.99848e+00 -9.46061e-02
8.15579e+01 1.99277e+00 -9.53403e-02
8.16342e+01 1.98547e+00 -9.60108e-02
8.17329e+01 1.97595e+00 -9.67994e-02
8.18981e+01 1.95986e+00 -9.81340e-02
8.22302e+01 1.92679e+00 -1.01001e-01
8.25921e+01 1.88963e+00 -1.04452e-01
8.29540e+01 1.85114e+00 -1.08310e-01
8.33159e+01 1.81117e+00 -1.12664e-01
8.36290e+01 1.77525e+00 -1.16918e-01
8.39420e+01 1.73791e+00 -1.21730e-01
8.42551e+01 1.69896e+00 -1.27232e-01
8.45682e+01 1.65815e+00 -1.33606e-01
8.48813e+01 1.61519e+00 -1.41104e-01
8.51943e+01 1.56965e+00 -1.50099e-01
8.55074e+01 1.52099e+00 -1.61149e-01
8.57598e+01 1.47897e+00 -1.72144e-01
8.60122e+01 1.43387e+00 -1.85781e-01
8.62259e+01 1.39268e+00 -2.00246e-01
8.64396e+01 1.34802e+00 -2.18602e-01
8.66238e+01 1.30595e+00 -2.38998e-01
8.68080e+01 1.25957e+00 -2.65786e-01
8.69922e+01 1.20741e+00 -3.02625e-01
8.71464e+01 1.15761e+00 -3.46044e-01
8.73005e+01 1.09974e+00 -4.09073e-01
8.74546e+01 1.02970e+00 -5.07669e-01
8.75632e+01 9.69089e-01 -6.16640e-01
8.76551e+01 9.06424e-01 -7.55733e-01
8.77396e+01 8.34942e-01 -9.50247e-01
8.78241e+01 7.42626e-01 -1.26077e+00
8.78935e+01 6.41908e-01 -1.67552e+00
8.79355e+01 5.64057e-01 -2.04747e+00
8.79746e+01 4.75196e-01 -2.52152e+00
8.80087e+01 3.80186e-01 -3.07906e+00
8.80428e+01 2.63144e-01 -3.82369e+00
8.80698e+01 1.49966e-01 -4.58691e+00
8.80980e+01 7.20495e-03 -5.58065e+00
8.81262e+01 -1.66550e-01 -6.78399e+00
8.81544e+01 -3.76554e-01 -8.13265e+00
8.81790e+01 -5.90841e-01 -9.26414e+00
8.82014e+01 -8.08109e-01 -1.00192e+01
8.82239e+01 -1.03673e+00 -1.02302e+01
8.82386e+01 -1.18566e+00 -9.96725e+00
8.82536e+01 -1.33091e+00 -9.35351e+00
8.82692e+01 -1.46982e+00 -8.39561e+00
8.82848e+01 -1.59192e+00 -7.22227e+00
8.83004e+01 -1.69491e+00 -5.96980e+00
8.83160e+01 -1.77855e+00 -4.76181e+00
8.83304e+01 -1.83965e+00 -3.76354e+00
8.83443e+01 -1.88614e+00 -2.93360e+00
8.83583e+01 -1.92207e+00 -2.24677e+00
8.83722e+01 -1.94938e+00 -1.69464e+00
8.83861e+01 -1.96984e+00 -1.26056e+00
8.84001e+01 -1.98496e+00 -9.24952e-01
8.84140e+01 -1.99598e+00 -6.68723e-01
8.84279e+01 -2.00388e+00 -4.74902e-01
8.84429e+01 -2.00977e+00 -3.20246e-01
8.84586e+01 -2.01382e+00 -2.02000e-01
8.84753e+01 -2.01641e+00 -1.12962e-01
8.84931e+01 -2.01780e+00 -4.71186e-02
8.85123e+01 -2.01822e+00 5.47390e-04
8.85331e+01 -2.01783e+00 3.42019e-02
8.85556e+01 -2.01678e+00 5.70670e-02
8.85807e+01 -2.01514e+00 7.24243e-02
8.86086e+01 -2.01297e+00 8.21997e-02
8.86402e+01 -2.01027e+00 8.81452e-02
8.86764e+01 -2.00701e+00 9.15938e-02
8.87187e+01 -2.00308e+00 9.35265e-02
8.87677e+01 -1.99848e+00 9.46061e-02
8.88278e+01 -1.99277e+00 9.53403e-02
8.89040e+01 -1.98547e+00 9.60108e-02
8.90028e+01 -1.97595e+00 9.67994e-02
8.91679e+01 -1.95986e+00 9.81340e-02
8.95001e+01 -1.92679e+00 1.01001e-01
8.98620e+01 -1.88963e+00 1.04452e-01
9.02239e+01 -1.85114e+00 1.08310e-01
9.05858e+01 -1.81117e+00 1.12664e-01
9.08988e+01 -1.77525e+00 1.16918e-01
9.12119e+01 -1.73791e+00 1.21730e-01
9.15250e+01 -1.69896e+00 1.27232e-01
9.18381e+01 -1.65815e+00 1.33606e-01
9.21511e+01 -1.61519e+00 1.41104e-01
9.24642e+01 -1.56965e+00 1.50099e-01
9.27773e+01 -1.52099e+00 1.61149e-01
9.30297e+01 -1.47897e+00 1.72144e-01
9.32821e+01 -1.43387e+00 1.85781e-01
9.34958e+01 -1.39268e+00 2.00246e-01
9.37094e+01 -1.34802e+00 2.18602e-01
9.38937e+01 -1.30595e+00 2.38998e-01
9.40779e+01 -1.25957e+00 2.65786e-01
9.42621e+01 -1.20741e+00 3.02625e-01
9.44162e+01 -1.15761e+00 3.46044e-01
9.45704e+01 -1.09974e+00 4.09073e-01
9.47245e+01 -1.02970e+00 5.07669e-01
9.48331e+01 -9.69089e-01 6.16640e-01
9.49250e+01 -9.06424e-01 7.55733e-01
9.50095e+01 -8.34942e-01 9.50247e-01
9.50940e+01 -7.42626e-01 1.26077e+00
9.51634e+01 -6.41908e-01 1.67552e+00
9.52054e+01 -5.64057e-01 2.04747e+00
9.52445e+01 -4.75196e-01 2.52152e+00
9.52786e+01 -3.80186e-01 3.07906e+00
9.53127e+01 -2.63144e-01 3.82369e+00
9.53397e+01 -1.49966e-01 4.58691e+00
9.53679e+01 -7.20495e-03 5.58065e+00
9.53961e+01 1.66550e-01 6.78399e+00
9.54242e+01 3.76554e-01 8.13265e+00
9.54488e+01 5.90841e-01 9.26414e+00
9.54713e+01 8.08109e-01 1.00192e+01
9.54938e+01 1.03673e+00 1.02302e+01
9.55085e+01 1.18566e+00 9.96725e+00
9.55235e+01 1.33091e+00 9.35351e+00
9.55391e+01 1.46982e+00 8.39561e+00
9.55547e+01 1.59192e+00 7.22227e+00
9.55703e+01 1.69491e+00 5.96980e+00
9.55859e+01 1.77855e+00 4.76181e+00
9.56003e+01 1.83965e+00 3.76354e+00
9.56142e+01 1.88614e+00 2.93360e+00
9.56281e+01 1.92207e+00 2.24677e+00
9.56421e+01 1.94938e+00 1.69464e+00
9.56560e+01 1.96984e+00 1.26056e+00
9.56699e+01 1.98496e+00 9.24952e-01
9.56839e+01 1.99598e+00 6.68723e-01
9.56978e+01 2.00388e+00 4.74902e-01
9.57127e+01 2.00977e+00 3.20246e-01
9.57285e+01 2.01382e+00 2.02000e-01
9.57452e+01 2.01641e+00 1.12962e-01
9.57630e+01 2.01780e+00 4.71186e-02
9.57822e+01 2.01822e+00 -5.47390e-04
9.58030e+01 2.01783e+00 -3.42019e-02
9.58255e+01 2.01678e+00 -5.70670e-02
9.58506e+01 2.01514e+00 -7.24243e-02
9.58785e+01 2.01297e+00 -8.21997e-02
9.59101e+01 2.01027e+00 -8.81452e-02
9.59463e+01 2.00701e+00 -9.15938e-02
9.59886e+01 2.00308e+00 -9.35265e-02
9.60375e+01 1.99848e+00 -9.46061e-02
9.60976e+01 1.99277e+00 -9.53403e-02
9.61739e+01 1.98547e+00 -9.60108e-02
9.62726e+01 1.97595e+00 -9.67994e-02
9.64378e+01 1.95986e+00 -9.81340e-02
9.67699e+01 1.92679e+00 -1.01001e-01
9.71318e+01 1.88963e+00 -1.04452e-01
9.74937e+01 1.85114e+00 -1.08310e-01
9.78556e+01 1.81117e+00 -1.12664e-01
9.81687e+01 1.77525e+00 -1.16918e-01
9.84818e+01 1.73791e+00 -1.21730e-01
9.87949e+01 1.69896e+00 -1.27232e-01
9.91079e+01 1.65815e+00 -1.33606e-01
9.94210e+01 1.61519e+00 -1.41104e-01
9.97341e+01 1.56965e+00 -1.50099e-01
1.00000e+02 1.52854e+00 -1.59324e-01
