1.00000e-06 1.00000e+00 -1.00000e-06
6.00000e-06 1.00000e+00 -6.00000e-06
3.10000e-05 1.00000e+00 -3.10000e-05
1.56000e-04 1.00000e+00 -1.56000e-04
7.81000e-04 1.00000e+00 -7.81000e-04
3.90600e-03 9.99992e-01 -3.90599e-03
1.95310e-02 9.99809e-01 -1.95298e-02
9.76560e-02 9.95235e-01 -9.75009e-02
3.77276e-01 9.29671e-01 -3.68390e-01
6.56897e-01 7.91891e-01 -6.10662e-01
9.49860e-01 5.81797e-01 -8.13334e-01
1.24282e+00 3.22125e-01 -9.46697e-01
1.53579e+00 3.50030e-02 -9.99387e-01
1.82875e+00 -2.55102e-01 -9.66914e-01
2.12171e+00 -5.23468e-01 -8.52045e-01
2.41468e+00 -7.47227e-01 -6.64569e-01
2.70764e+00 -9.07310e-01 -4.20461e-01
3.00060e+00 -9.90077e-01 -1.40524e-01
3.29357e+00 -9.88474e-01 1.51388e-01
3.58653e+00 -9.02638e-01 4.30400e-01
3.87949e+00 -7.39884e-01 6.72735e-01
4.17246e+00 -5.14079e-01 8.57743e-01
4.46542e+00 -2.44468e-01 9.69657e-01
4.75838e+00 4.59760e-02 9.98943e-01
5.05135e+00 3.32502e-01 9.43103e-01
5.34431e+00 5.90694e-01 8.06896e-01
5.63727e+00 7.98550e-01 6.01929e-01
5.93024e+00 9.38357e-01 3.45669e-01
6.22320e+00 9.98201e-01 5.99522e-02
6.51616e+00 9.72984e-01 -2.30873e-01
6.80913e+00 8.64853e-01 -5.02025e-01
7.10209e+00 6.83024e-01 -7.30396e-01
7.39505e+00 4.42991e-01 -8.96526e-01
7.68802e+00 1.65208e-01 -9.86259e-01
7.98098e+00 -1.26654e-01 -9.91947e-01
8.27394e+00 -4.07722e-01 -9.13106e-01
8.56691e+00 -6.54046e-01 -7.56455e-01
8.85987e+00 -8.44636e-01 -5.35342e-01
9.15283e+00 -9.63249e-01 -2.68609e-01
9.44580e+00 -9.99779e-01 2.10126e-02
9.73876e+00 -9.51113e-01 3.08844e-01
1.00317e+01 -8.21397e-01 5.70357e-01
1.03247e+01 -6.21685e-01 7.83267e-01
1.06177e+01 -3.68997e-01 9.29431e-01
1.09106e+01 -8.48640e-02 9.96393e-01
1.12036e+01 2.06500e-01 9.78447e-01
1.14965e+01 4.80268e-01 8.77122e-01
1.17895e+01 7.13109e-01 7.01053e-01
1.20825e+01 8.85183e-01 4.65244e-01
1.23754e+01 9.81825e-01 1.89788e-01
1.26684e+01 9.94801e-01 -1.01840e-01
1.29614e+01 9.23004e-01 -3.84789e-01
1.32543e+01 7.72554e-01 -6.34949e-01
1.35473e+01 5.56270e-01 -8.31002e-01
1.38402e+01 2.92583e-01 -9.56240e-01
1.41332e+01 3.96388e-03 -9.99992e-01
1.44262e+01 -2.84993e-01 -9.58530e-01
1.47191e+01 -5.49664e-01 -8.35386e-01
1.50121e+01 -7.67496e-01 -6.41054e-01
1.53051e+01 -9.19925e-01 -3.92095e-01
1.55980e+01 -9.93962e-01 -1.09723e-01
1.58910e+01 -9.83299e-01 1.81999e-01
1.61840e+01 -8.88843e-01 4.58212e-01
1.64769e+01 -7.18645e-01 6.95378e-01
1.67699e+01 -4.87206e-01 8.73287e-01
1.70628e+01 -2.14251e-01 9.76779e-01
1.73558e+01 7.69623e-02 9.97034e-01
1.76488e+01 3.61617e-01 9.32327e-01
1.79417e+01 6.15456e-01 7.88171e-01
1.82347e+01 8.16849e-01 5.76851e-01
1.85277e+01 9.48634e-01 3.16374e-01
1.88206e+01 9.99581e-01 2.89379e-02
1.91136e+01 9.65348e-01 -2.60965e-01
1.94066e+01 8.48853e-01 -5.28629e-01
1.96995e+01 6.60023e-01 -7.51246e-01
1.99925e+01 4.14948e-01 -9.09845e-01
2.02854e+01 1.34513e-01 -9.90912e-01
2.05784e+01 -1.57384e-01 -9.87538e-01
2.08714e+01 -4.35869e-01 -9.00010e-01
2.11643e+01 -6.77212e-01 -7.35788e-01
2.14573e+01 -8.60846e-01 -5.08865e-01
2.17503e+01 -9.71123e-01 -2.38579e-01
2.20432e+01 -9.98645e-01 5.20369e-02
2.23362e+01 -9.41067e-01 3.38219e-01
2.26291e+01 -8.03296e-01 5.95579e-01
2.29221e+01 -5.97072e-01 8.02187e-01
2.32151e+01 -3.39968e-01 9.40437e-01
2.35080e+01 -5.38939e-02 9.98547e-01
2.38010e+01 2.36773e-01 9.71565e-01
2.40940e+01 5.07263e-01 8.61791e-01
2.43869e+01 7.34527e-01 6.78579e-01
2.46799e+01 8.99198e-01 4.37542e-01
2.49729e+01 9.87243e-01 1.59220e-01
2.52658e+01 9.91160e-01 -1.32670e-01
2.55588e+01 9.10615e-01 -4.13255e-01
2.58517e+01 7.52472e-01 -6.58624e-01
2.61447e+01 5.30206e-01 -8.47869e-01
2.64377e+01 2.62759e-01 -9.64861e-01
2.67306e+01 -2.70790e-02 -9.99633e-01
2.70236e+01 -3.14610e-01 -9.49221e-01
2.73166e+01 -5.75331e-01 -8.17921e-01
2.76095e+01 -7.87025e-01 -6.16921e-01
2.79025e+01 -9.31653e-01 -3.63350e-01
2.81955e+01 -9.96889e-01 -7.88163e-02
2.84884e+01 -9.77175e-01 2.12434e-01
2.87814e+01 -8.74191e-01 4.85582e-01
2.90743e+01 -6.96713e-01 7.17350e-01
2.93673e+01 -4.59864e-01 8.87990e-01
2.96603e+01 -1.83827e-01 9.82959e-01
2.99532e+01 1.07874e-01 9.94165e-01
3.02462e+01 3.90383e-01 9.20652e-01
3.05392e+01 6.39626e-01 7.68687e-01
3.08321e+01 8.34362e-01 5.51217e-01
3.11251e+01 9.57998e-01 2.86775e-01
3.14181e+01 9.99998e-01 -2.10426e-03
3.17110e+01 9.56783e-01 -2.90804e-01
3.20040e+01 8.32035e-01 -5.54724e-01
3.22969e+01 6.36385e-01 -7.71372e-01
3.25899e+01 3.86505e-01 -9.22287e-01
3.28829e+01 1.03689e-01 -9.94610e-01
3.31758e+01 -1.87962e-01 -9.82176e-01
3.34688e+01 -4.63597e-01 -8.86046e-01
3.37618e+01 -6.99726e-01 -7.14412e-01
3.40547e+01 -8.76227e-01 -4.81898e-01
3.43477e+01 -9.78061e-01 -2.08320e-01
3.46406e+01 -9.96549e-01 8.30110e-02
3.49336e+01 -9.30115e-01 3.67268e-01
3.52266e+01 -7.84422e-01 6.20228e-01
3.55195e+01 -5.71884e-01 8.20335e-01
3.58125e+01 -3.10612e-01 9.50537e-01
3.61055e+01 -2.28718e-02 9.99738e-01
3.63984e+01 2.66818e-01 9.63747e-01
3.66914e+01 5.33770e-01 8.45630e-01
3.69844e+01 7.55237e-01 6.55452e-01
3.72773e+01 9.12346e-01 4.09419e-01
3.75703e+01 9.91710e-01 1.28498e-01
3.78632e+01 9.86564e-01 -1.63373e-01
3.81562e+01 8.97348e-01 -4.41323e-01
3.84492e+01 7.31665e-01 -6.81665e-01
3.87421e+01 5.03632e-01 -8.63918e-01
3.90351e+01 2.32682e-01 -9.72553e-01
3.93281e+01 -5.80958e-02 -9.98311e-01
3.96210e+01 -3.43923e-01 -9.38998e-01
3.99140e+01 -6.00443e-01 -7.99668e-01
4.02070e+01 -8.05796e-01 -5.92193e-01
4.04999e+01 -9.42483e-01 -3.34255e-01
4.07929e+01 -9.98855e-01 -4.78336e-02
4.10858e+01 -9.70110e-01 2.42664e-01
4.13788e+01 -8.58697e-01 5.12484e-01
4.16718e+01 -6.74110e-01 7.38631e-01
4.19647e+01 -4.32078e-01 9.01836e-01
4.22577e+01 -1.53226e-01 9.88191e-01
4.25507e+01 1.38682e-01 9.90337e-01
4.28436e+01 4.18773e-01 9.08091e-01
4.31366e+01 6.63178e-01 7.48461e-01
4.34295e+01 8.51070e-01 5.25052e-01
4.37225e+01 9.66438e-01 2.56900e-01
4.40155e+01 9.99451e-01 -3.31444e-02
4.43084e+01 9.47295e-01 -3.20364e-01
4.46014e+01 8.14414e-01 -5.80284e-01
4.48944e+01 6.12134e-01 -7.90754e-01
4.51873e+01 3.57690e-01 -9.33840e-01
4.54803e+01 7.27656e-02 -9.97349e-01
4.57733e+01 -2.18360e-01 -9.75868e-01
4.60662e+01 -4.90877e-01 -8.71229e-01
4.63592e+01 -7.21565e-01 -6.92347e-01
4.66521e+01 -8.90764e-01 -4.54467e-01
4.69451e+01 -9.84056e-01 -1.77859e-01
4.72381e+01 -9.93492e-01 1.13905e-01
4.75310e+01 -9.18267e-01 3.95963e-01
4.78240e+01 -7.64791e-01 6.44278e-01
4.81170e+01 -5.46144e-01 8.37691e-01
4.84099e+01 -2.80957e-01 9.59720e-01
4.87029e+01 8.17233e-03 9.99967e-01
4.89959e+01 2.96605e-01 9.55000e-01
4.92888e+01 5.59762e-01 8.28653e-01
4.95818e+01 7.75219e-01 6.31692e-01
4.98747e+01 9.24616e-01 3.80902e-01
5.01677e+01 9.95221e-01 9.76521e-02
5.04607e+01 9.81018e-01 -1.93919e-01
5.07536e+01 8.83217e-01 -4.68965e-01
5.10466e+01 7.10152e-01 -7.04048e-01
5.13396e+01 4.76572e-01 -8.79135e-01
5.16325e+01 2.02381e-01 -9.79307e-01
5.19255e+01 -8.90566e-02 -9.96027e-01
5.22184e+01 -3.72905e-01 -9.27870e-01
5.25114e+01 -6.24976e-01 -7.80644e-01
5.28044e+01 -8.23790e-01 -5.66895e-01
5.30973e+01 -9.52404e-01 -3.04838e-01
5.33903e+01 -9.99859e-01 -1.68049e-02
5.36833e+01 -9.62110e-01 2.72661e-01
5.39762e+01 -8.42375e-01 5.38892e-01
5.42692e+01 -6.50857e-01 7.59201e-01
5.45622e+01 -4.03875e-01 9.14814e-01
5.48551e+01 -1.22478e-01 9.92471e-01
5.51481e+01 1.69357e-01 9.85555e-01
5.54410e+01 4.46760e-01 8.94654e-01
5.57340e+01 6.86092e-01 7.27515e-01
5.60270e+01 8.66958e-01 4.98380e-01
5.63199e+01 9.73947e-01 2.26776e-01
5.66129e+01 9.97940e-01 -6.41526e-02
5.69059e+01 9.36894e-01 -3.49615e-01
5.71988e+01 7.96009e-01 -6.05284e-01
5.74918e+01 5.87293e-01 -8.09374e-01
5.77848e+01 3.28530e-01 -9.44493e-01
5.80777e+01 4.17716e-02 -9.99127e-01
5.83707e+01 -2.48547e-01 -9.68620e-01
5.86636e+01 -5.17685e-01 -8.55571e-01
5.89566e+01 -7.42708e-01 -6.69615e-01
5.92496e+01 -9.04442e-01 -4.26597e-01
5.95425e+01 -9.89103e-01 -1.47227e-01
5.98355e+01 -9.89477e-01 1.44689e-01
6.01285e+01 -9.05533e-01 4.24276e-01
6.04214e+01 -7.44423e-01 6.67708e-01
6.07144e+01 -5.19878e-01 8.54241e-01
6.10074e+01 -2.51030e-01 9.67979e-01
6.13003e+01 3.92086e-02 9.99231e-01
6.15933e+01 3.26106e-01 9.45333e-01
6.18862e+01 5.85215e-01 8.10878e-01
6.21792e+01 7.94454e-01 6.07324e-01
6.24722e+01 9.35994e-01 3.52017e-01
6.27651e+01 9.97772e-01 6.67122e-02
6.30581e+01 9.74525e-01 -2.24277e-01
6.33511e+01 8.68234e-01 -4.96155e-01
6.36440e+01 6.87956e-01 -7.25753e-01
6.39370e+01 4.49053e-01 -8.93505e-01
6.42299e+01 1.71884e-01 -9.85117e-01
6.45229e+01 -1.19932e-01 -9.92782e-01
6.48159e+01 -4.01528e-01 -9.15847e-01
6.51088e+01 -6.48907e-01 -7.60868e-01
6.54018e+01 -8.40990e-01 -5.41051e-01
6.56948e+01 -9.61408e-01 -2.75128e-01
6.59877e+01 -9.99899e-01 1.42401e-02
6.62807e+01 -9.53183e-01 3.02394e-01
6.65737e+01 -8.25241e-01 5.64780e-01
6.68666e+01 -6.26977e-01 7.79038e-01
6.71596e+01 -3.75284e-01 9.26910e-01
6.74525e+01 -9.16112e-02 9.95795e-01
6.77455e+01 1.99868e-01 9.79823e-01
6.80385e+01 4.74316e-01 8.80355e-01
6.83314e+01 7.08344e-01 7.05867e-01
6.86244e+01 8.82011e-01 4.71229e-01
6.89174e+01 9.80517e-01 1.96435e-01
6.92103e+01 9.95468e-01 -9.50990e-02
6.95033e+01 9.25590e-01 -3.78529e-01
6.97963e+01 7.76837e-01 -6.29702e-01
7.00892e+01 5.61886e-01 -8.27215e-01
7.03822e+01 2.99054e-01 -9.54236e-01
7.06751e+01 1.07373e-02 -9.99942e-01
7.09681e+01 -2.78494e-01 -9.60438e-01
7.12611e+01 -5.43993e-01 -8.39090e-01
7.15540e+01 -7.63136e-01 -6.46238e-01
7.18470e+01 -9.17248e-01 -3.98317e-01
7.21400e+01 -9.93196e-01 -1.16453e-01
7.24329e+01 -9.84509e-01 1.75334e-01
7.27259e+01 -8.91926e-01 4.52180e-01
7.30188e+01 -7.23338e-01 6.90494e-01
7.33118e+01 -4.93110e-01 8.69967e-01
7.36048e+01 -2.20862e-01 9.75305e-01
7.38977e+01 7.02071e-02 9.97532e-01
7.41907e+01 3.55294e-01 9.34755e-01
7.44837e+01 6.10104e-01 7.92322e-01
7.47766e+01 8.12923e-01 5.82371e-01
7.50696e+01 9.46470e-01 3.22793e-01
7.53626e+01 9.99362e-01 3.57080e-02
7.56555e+01 9.67094e-01 -2.54420e-01
7.59485e+01 8.52414e-01 -5.22867e-01
7.62414e+01 6.65096e-01 -7.46758e-01
7.65344e+01 4.21101e-01 -9.07014e-01
7.68274e+01 1.41222e-01 -9.89978e-01
7.71203e+01 -1.50691e-01 -9.88581e-01
7.74133e+01 -4.29763e-01 -9.02942e-01
7.77063e+01 -6.72213e-01 -7.40358e-01
7.79992e+01 -8.57380e-01 -5.14684e-01
7.82922e+01 -9.69485e-01 -2.45152e-01
7.85852e+01 -9.98975e-01 4.52713e-02
7.88781e+01 -9.43337e-01 3.31837e-01
7.91711e+01 -8.07312e-01 5.90125e-01
7.94640e+01 -6.02492e-01 7.98125e-01
7.97570e+01 -3.46331e-01 9.38113e-01
8.00500e+01 -6.06564e-02 9.98159e-01
8.03429e+01 2.30187e-01 9.73146e-01
8.06359e+01 5.01414e-01 8.65207e-01
8.09289e+01 7.29914e-01 6.83539e-01
8.12218e+01 8.96213e-01 4.43623e-01
8.15148e+01 9.86142e-01 1.65903e-01
8.18078e+01 9.92036e-01 -1.25954e-01
8.21007e+01 9.13394e-01 -4.07078e-01
8.23937e+01 7.56916e-01 -6.53512e-01
8.26866e+01 5.35937e-01 -8.44258e-01
8.29796e+01 2.69289e-01 -9.63059e-01
8.32726e+01 -2.03073e-02 -9.99794e-01
8.35655e+01 -3.08173e-01 -9.51330e-01
8.38585e+01 -5.69778e-01 -8.21799e-01
8.41515e+01 -7.82828e-01 -6.22238e-01
8.44444e+01 -9.29170e-01 -3.69652e-01
8.47374e+01 -9.96332e-01 -8.55669e-02
8.50303e+01 -9.78592e-01 2.05810e-01
8.53233e+01 -8.77460e-01 4.79649e-01
8.56163e+01 -7.01556e-01 7.12614e-01
8.59092e+01 -4.65868e-01 8.84854e-01
8.62022e+01 -1.90481e-01 9.81691e-01
8.64952e+01 1.01138e-01 9.94872e-01
8.67881e+01 3.84138e-01 9.23276e-01
8.70811e+01 6.34404e-01 7.73002e-01
8.73741e+01 8.30609e-01 5.56856e-01
8.76670e+01 9.56033e-01 2.93258e-01
8.79600e+01 9.99989e-01 4.66932e-03
8.82529e+01 9.58730e-01 -2.84317e-01
8.85459e+01 8.35773e-01 -5.49075e-01
8.88389e+01 6.41595e-01 -7.67043e-01
8.91318e+01 3.92744e-01 -9.19648e-01
8.94248e+01 1.10424e-01 -9.93885e-01
8.97178e+01 -1.81305e-01 -9.83427e-01
9.00107e+01 -4.57584e-01 -8.89166e-01
9.03037e+01 -6.94870e-01 -7.19135e-01
9.05967e+01 -8.72943e-01 -4.87822e-01
9.08896e+01 -9.76627e-01 -2.14940e-01
9.11826e+01 -9.97088e-01 7.62589e-02
9.14755e+01 -9.32582e-01 3.60959e-01
9.17685e+01 -7.88605e-01 6.14900e-01
9.20615e+01 -5.77427e-01 8.16442e-01
9.23544e+01 -3.17044e-01 9.48411e-01
9.26474e+01 -2.96431e-02 9.99561e-01
9.29404e+01 2.60283e-01 9.65532e-01
9.32333e+01 5.28030e-01 8.49226e-01
9.35263e+01 7.50780e-01 6.60552e-01
9.38192e+01 9.09552e-01 4.15590e-01
9.41122e+01 9.90817e-01 1.35212e-01
9.44052e+01 9.87648e-01 -1.56687e-01
9.46981e+01 9.00317e-01 -4.35234e-01
9.49911e+01 7.36265e-01 -6.76693e-01
9.52841e+01 5.09472e-01 -8.60487e-01
9.55770e+01 2.39264e-01 -9.70954e-01
9.58700e+01 -5.13324e-02 -9.98682e-01
9.61630e+01 -3.37555e-01 -9.41306e-01
9.64559e+01 -5.95013e-01 -8.03716e-01
9.67489e+01 -8.01766e-01 -5.97638e-01
9.70418e+01 -9.40197e-01 -3.40632e-01
9.73348e+01 -9.98508e-01 -5.45983e-02
9.76278e+01 -9.71732e-01 2.36088e-01
9.79207e+01 -8.62149e-01 5.06655e-01
9.82137e+01 -6.79097e-01 7.34048e-01
9.85067e+01 -4.38177e-01 8.98889e-01
9.87996e+01 -1.59916e-01 9.87131e-01
9.90926e+01 1.31971e-01 9.91254e-01
9.93856e+01 4.12613e-01 9.10907e-01
9.96785e+01 6.58093e-01 7.52936e-01
9.99715e+01 8.47494e-01 5.30804e-01
1.00000e+02 8.62287e-01 5.06421e-01
