1.00000e-06 1.00000e+00 -1.00000e-06
6.00000e-06 1.00000e+00 -6.00000e-06
3.10000e-05 1.00000e+00 -3.10000e-05
1.56000e-04 1.00000e+00 -1.56000e-04
7.81000e-04 1.00000e+00 -7.81000e-04
3.90600e-03 9.99992e-01 -3.90599e-03
1.95310e-02 9.99809e-01 -1.95301e-02
9.76560e-02 9.95231e-01 -9.77051e-02
2.34573e-01 9.72294e-01 -2.39260e-01
3.43759e-01 9.39302e-01 -3.69391e-01
4.39464e-01 8.97261e-01 -5.16644e-01
5.26565e-01 8.44505e-01 -7.07205e-01
6.13666e-01 7.70938e-01 -1.00759e+00
6.70249e-01 7.05786e-01 -1.31593e+00
7.11721e-01 6.44819e-01 -1.64229e+00
7.48933e-01 5.76533e-01 -2.05021e+00
7.81128e-01 5.03115e-01 -2.53554e+00
8.09358e-01 4.23835e-01 -3.10854e+00
8.37588e-01 3.25773e-01 -3.87704e+00
8.59114e-01 2.34416e-01 -4.64024e+00
8.81895e-01 1.17527e-01 -5.66252e+00
9.01042e-01 -7.40803e-04 -6.72321e+00
9.20190e-01 -1.41182e-01 -7.97742e+00
9.39337e-01 -3.07260e-01 -9.38929e+00
9.59969e-01 -5.17146e-01 -1.09419e+01
9.76299e-01 -7.04755e-01 -1.19853e+01
9.93682e-01 -9.19549e-01 -1.26218e+01
1.00838e+00 -1.10536e+00 -1.25602e+01
1.01975e+00 -1.24573e+00 -1.20623e+01
1.03036e+00 -1.36971e+00 -1.12546e+01
1.04155e+00 -1.48952e+00 -1.01118e+01
1.05275e+00 -1.59536e+00 -8.77988e+00
1.06394e+00 -1.68582e+00 -7.38375e+00
1.07513e+00 -1.76083e+00 -6.03435e+00
1.08663e+00 -1.82283e+00 -4.77995e+00
1.09727e+00 -1.86824e+00 -3.77691e+00
1.10792e+00 -1.90384e+00 -2.93744e+00
1.11857e+00 -1.93135e+00 -2.25423e+00
1.12922e+00 -1.95234e+00 -1.71010e+00
1.13986e+00 -1.96819e+00 -1.28387e+00
1.15051e+00 -1.98002e+00 -9.54177e-01
1.16116e+00 -1.98878e+00 -7.01577e-01
1.17234e+00 -1.99545e+00 -5.01089e-01
1.18406e+00 -2.00036e+00 -3.45424e-01
1.19642e+00 -2.00385e+00 -2.26140e-01
1.20954e+00 -2.00620e+00 -1.36154e-01
1.22357e+00 -2.00761e+00 -6.95102e-02
1.23866e+00 -2.00827e+00 -2.12082e-02
1.25501e+00 -2.00831e+00 1.29230e-02
1.27291e+00 -2.00786e+00 3.63568e-02
1.29237e+00 -2.00699e+00 5.17021e-02
1.31428e+00 -2.00573e+00 6.15801e-02
1.33898e+00 -2.00413e+00 6.75439e-02
1.36662e+00 -2.00221e+00 7.08881e-02
1.39876e+00 -1.99990e+00 7.27061e-02
1.43707e+00 -1.99710e+00 7.36559e-02
1.48418e+00 -1.99361e+00 7.41785e-02
1.54455e+00 -1.98912e+00 7.45539e-02
1.62589e+00 -1.98304e+00 7.49563e-02
1.73808e+00 -1.97460e+00 7.54946e-02
1.96912e+00 -1.95703e+00 7.66386e-02
2.38179e+00 -1.92496e+00 7.88302e-02
2.79446e+00 -1.89194e+00 8.12354e-02
3.20714e+00 -1.85788e+00 8.38937e-02
3.61981e+00 -1.82266e+00 8.68537e-02
3.96839e+00 -1.79191e+00 8.96326e-02
4.31696e+00 -1.76014e+00 9.27205e-02
4.66554e+00 -1.72723e+00 9.61773e-02
5.01411e+00 -1.69303e+00 1.00083e-01
5.36269e+00 -1.65739e+00 1.04545e-01
5.65764e+00 -1.62593e+00 1.08859e-01
5.95259e+00 -1.59311e+00 1.13796e-01
6.24754e+00 -1.55873e+00 1.19517e-01
6.54248e+00 -1.52251e+00 1.26250e-01
6.85296e+00 -1.48203e+00 1.34802e-01
7.12071e+00 -1.44477e+00 1.43826e-01
7.38845e+00 -1.40482e+00 1.54997e-01
7.61086e+00 -1.36911e+00 1.66584e-01
7.83327e+00 -1.33050e+00 1.81199e-01
8.02176e+00 -1.29491e+00 1.97024e-01
8.21025e+00 -1.25593e+00 2.17567e-01
8.37330e+00 -1.21863e+00 2.41097e-01
8.53636e+00 -1.17685e+00 2.73027e-01
8.69942e+00 -1.12884e+00 3.18841e-01
8.86248e+00 -1.07154e+00 3.89724e-01
8.98872e+00 -1.01723e+00 4.77215e-01
9.09052e+00 -9.63450e-01 5.87322e-01
9.17400e+00 -9.09044e-01 7.25877e-01
9.25156e+00 -8.45592e-01 9.25356e-01
9.32913e+00 -7.62247e-01 1.25276e+00
9.38121e+00 -6.88453e-01 1.60504e+00
9.41885e+00 -6.21490e-01 1.97364e+00
9.45286e+00 -5.46932e-01 2.43524e+00
9.48245e+00 -4.67168e-01 2.98321e+00
9.50866e+00 -3.80871e-01 3.63092e+00
9.53488e+00 -2.74974e-01 4.48926e+00
9.55536e+00 -1.74530e-01 5.35146e+00
9.57681e+00 -4.80898e-02 6.47624e+00
9.59826e+00 1.05153e-01 7.85105e+00
9.61972e+00 2.90373e-01 9.44388e+00
9.64117e+00 5.10828e-01 1.10930e+01
9.65742e+00 7.00121e-01 1.21572e+01
9.67468e+00 9.16492e-01 1.28107e+01
9.68969e+00 1.10921e+00 1.27452e+01
9.70094e+00 1.25000e+00 1.22338e+01
9.71142e+00 1.37421e+00 1.14119e+01
9.72246e+00 1.49410e+00 1.02546e+01
9.73351e+00 1.60004e+00 8.90800e+00
9.74455e+00 1.69064e+00 7.49725e+00
9.75560e+00 1.76583e+00 6.13338e+00
9.76700e+00 1.82833e+00 4.85842e+00
9.77753e+00 1.87397e+00 3.84212e+00
9.78805e+00 1.90978e+00 2.99093e+00
9.79857e+00 1.93748e+00 2.29759e+00
9.80910e+00 1.95863e+00 1.74491e+00
9.81962e+00 1.97462e+00 1.31160e+00
9.83014e+00 1.98658e+00 9.76126e-01
9.84067e+00 1.99544e+00 7.18869e-01
9.85170e+00 2.00219e+00 5.14742e-01
9.86326e+00 2.00718e+00 3.56087e-01
9.87545e+00 2.01074e+00 2.34369e-01
9.88839e+00 2.01314e+00 1.42423e-01
9.90222e+00 2.01461e+00 7.42226e-02
9.91708e+00 2.01532e+00 2.47051e-02
9.93318e+00 2.01541e+00 -1.03571e-02
9.95076e+00 2.01500e+00 -3.44606e-02
9.96992e+00 2.01418e+00 -5.03295e-02
9.99144e+00 2.01297e+00 -6.05653e-02
1.00157e+01 2.01142e+00 -6.67688e-02
1.00428e+01 2.00956e+00 -7.02628e-02
1.00742e+01 2.00731e+00 -7.21676e-02
1.01117e+01 2.00459e+00 -7.31610e-02
1.01576e+01 2.00122e+00 -7.36985e-02
1.02162e+01 1.99689e+00 -7.40702e-02
1.02950e+01 1.99103e+00 -7.44558e-02
1.04042e+01 1.98288e+00 -7.49691e-02
1.06215e+01 1.96647e+00 -7.60194e-02
1.10445e+01 1.93386e+00 -7.82086e-02
1.14674e+01 1.90028e+00 -8.06125e-02
1.18904e+01 1.86564e+00 -8.32716e-02
1.22548e+01 1.83484e+00 -8.58028e-02
1.26192e+01 1.80307e+00 -8.86008e-02
1.29836e+01 1.77023e+00 -9.17144e-02
1.33480e+01 1.73619e+00 -9.52084e-02
1.37124e+01 1.70079e+00 -9.91674e-02
1.40209e+01 1.66961e+00 -1.02965e-01
1.43295e+01 1.63719e+00 -1.07271e-01
1.46381e+01 1.60334e+00 -1.12206e-01
1.49467e+01 1.56786e+00 -1.17939e-01
1.52553e+01 1.53045e+00 -1.24705e-01
1.55751e+01 1.48926e+00 -1.33186e-01
1.58477e+01 1.45179e+00 -1.42032e-01
1.61203e+01 1.41163e+00 -1.52969e-01
1.63463e+01 1.37584e+00 -1.64271e-01
1.65723e+01 1.33717e+00 -1.78498e-01
1.67634e+01 1.30164e+00 -1.93838e-01
1.69546e+01 1.26277e+00 -2.13688e-01
1.71196e+01 1.22573e+00 -2.36286e-01
1.72847e+01 1.18436e+00 -2.66799e-01
1.74497e+01 1.13697e+00 -3.10301e-01
1.76147e+01 1.08069e+00 -3.77042e-01
1.77440e+01 1.02697e+00 -4.59882e-01
1.78518e+01 9.72004e-01 -5.68099e-01
1.79364e+01 9.18769e-01 -6.98978e-01
1.80143e+01 8.57701e-01 -8.84019e-01
1.80949e+01 7.74836e-01 -1.19849e+00
1.81513e+01 6.97987e-01 -1.55629e+00
1.81888e+01 6.33470e-01 -1.90439e+00
1.82236e+01 5.59703e-01 -2.35254e+00
1.82539e+01 4.80868e-01 -2.88541e+00
1.82804e+01 3.96514e-01 -3.50970e+00
1.83069e+01 2.93045e-01 -4.33858e+00
1.83277e+01 1.94424e-01 -5.17782e+00
1.83495e+01 7.01054e-02 -6.27860e+00
1.83683e+01 -5.89588e-02 -7.43867e+00
1.83872e+01 -2.11692e-01 -8.78291e+00
1.84060e+01 -3.91033e-01 -1.02404e+01
1.84241e+01 -5.88442e-01 -1.15764e+01
1.84408e+01 -7.90211e-01 -1.25118e+01
1.84575e+01 -1.00315e+00 -1.28651e+01
1.84687e+01 -1.14625e+00 -1.26513e+01
1.84805e+01 -1.29206e+00 -1.19964e+01
1.84908e+01 -1.41074e+00 -1.10987e+01
1.85014e+01 -1.52282e+00 -9.92048e+00
1.85121e+01 -1.62148e+00 -8.59628e+00
1.85227e+01 -1.70576e+00 -7.23731e+00
1.85345e+01 -1.78233e+00 -5.80941e+00
1.85440e+01 -1.83257e+00 -4.76722e+00
1.85555e+01 -1.88090e+00 -3.68109e+00
1.85654e+01 -1.91356e+00 -2.89827e+00
1.85758e+01 -1.93996e+00 -2.23365e+00
1.85861e+01 -1.96021e+00 -1.70280e+00
1.85964e+01 -1.97557e+00 -1.28534e+00
1.86068e+01 -1.98711e+00 -9.60949e-01
1.86171e+01 -1.99570e+00 -7.11141e-01
1.86282e+01 -2.00239e+00 -5.08723e-01
1.86398e+01 -2.00732e+00 -3.51440e-01
1.86520e+01 -2.01083e+00 -2.30832e-01
1.86649e+01 -2.01320e+00 -1.39776e-01
1.86788e+01 -2.01464e+00 -7.22807e-02
1.86937e+01 -2.01533e+00 -2.33133e-02
1.87098e+01 -2.01541e+00 1.13275e-02
1.87275e+01 -2.01498e+00 3.51157e-02
1.87467e+01 -2.01414e+00 5.07529e-02
1.87683e+01 -2.01292e+00 6.08281e-02
1.87926e+01 -2.01136e+00 6.69232e-02
1.88199e+01 -2.00949e+00 7.03492e-02
1.88515e+01 -2.00723e+00 7.22133e-02
1.88892e+01 -2.00449e+00 7.31847e-02
1.89354e+01 -2.00109e+00 7.37126e-02
1.89946e+01 -1.99672e+00 7.40823e-02
1.90742e+01 -1.99080e+00 7.44707e-02
1.91846e+01 -1.98255e+00 7.49895e-02
1.94072e+01 -1.96574e+00 7.60668e-02
1.98263e+01 -1.93341e+00 7.82396e-02
2.02454e+01 -1.90013e+00 8.06237e-02
2.06645e+01 -1.86580e+00 8.32586e-02
2.10296e+01 -1.83495e+00 8.57936e-02
2.13947e+01 -1.80313e+00 8.85959e-02
2.17597e+01 -1.77022e+00 9.17151e-02
2.21248e+01 -1.73612e+00 9.52160e-02
2.24899e+01 -1.70065e+00 9.91839e-02
2.27983e+01 -1.66949e+00 1.02981e-01
2.31067e+01 -1.63708e+00 1.07286e-01
2.34150e+01 -1.60325e+00 1.12220e-01
2.37234e+01 -1.56778e+00 1.17952e-01
2.40318e+01 -1.53040e+00 1.24716e-01
2.43515e+01 -1.48922e+00 1.33196e-01
2.46241e+01 -1.45175e+00 1.42042e-01
2.48967e+01 -1.41159e+00 1.52981e-01
2.51226e+01 -1.37580e+00 1.64285e-01
2.53486e+01 -1.33713e+00 1.78513e-01
2.55397e+01 -1.30160e+00 1.93856e-01
2.57309e+01 -1.26273e+00 2.13711e-01
2.58959e+01 -1.22569e+00 2.36314e-01
2.60609e+01 -1.18431e+00 2.66835e-01
2.62259e+01 -1.13692e+00 3.10351e-01
2.63909e+01 -1.08064e+00 3.77114e-01
2.65202e+01 -1.02691e+00 4.59981e-01
2.66280e+01 -9.71956e-01 5.68207e-01
2.67126e+01 -9.18714e-01 6.99128e-01
2.67904e+01 -8.57636e-01 8.84237e-01
2.68711e+01 -7.74758e-01 1.19882e+00
2.69274e+01 -6.97942e-01 1.55651e+00
2.69649e+01 -6.33409e-01 1.90474e+00
2.69997e+01 -5.59637e-01 2.35296e+00
2.70300e+01 -4.80798e-01 2.88590e+00
2.70565e+01 -3.96438e-01 3.51029e+00
2.70830e+01 -2.92962e-01 4.33927e+00
2.71038e+01 -1.94331e-01 5.17863e+00
2.71256e+01 -7.00030e-02 6.27952e+00
2.71444e+01 5.90798e-02 7.43975e+00
2.71633e+01 2.11834e-01 8.78413e+00
2.71821e+01 3.91199e-01 1.02417e+01
2.72002e+01 5.88578e-01 1.15772e+01
2.72169e+01 7.90373e-01 1.25123e+01
2.72336e+01 1.00333e+00 1.28651e+01
2.72448e+01 1.14642e+00 1.26508e+01
2.72566e+01 1.29219e+00 1.19956e+01
2.72669e+01 1.41086e+00 1.10976e+01
2.72775e+01 1.52292e+00 9.91937e+00
2.72882e+01 1.62155e+00 8.59523e+00
2.72988e+01 1.70581e+00 7.23642e+00
2.73106e+01 1.78238e+00 5.80844e+00
2.73201e+01 1.83260e+00 4.76655e+00
2.73316e+01 1.88092e+00 3.68063e+00
2.73415e+01 1.91357e+00 2.89787e+00
2.73519e+01 1.93998e+00 2.23335e+00
2.73622e+01 1.96022e+00 1.70257e+00
2.73725e+01 1.97558e+00 1.28517e+00
2.73829e+01 1.98711e+00 9.60823e-01
2.73932e+01 1.99570e+00 7.11048e-01
2.74043e+01 2.00239e+00 5.08651e-01
2.74159e+01 2.00732e+00 3.51384e-01
2.74281e+01 2.01084e+00 2.30789e-01
2.74410e+01 2.01320e+00 1.39744e-01
2.74549e+01 2.01464e+00 7.22575e-02
2.74698e+01 2.01533e+00 2.32967e-02
2.74859e+01 2.01541e+00 -1.13391e-02
2.75036e+01 2.01498e+00 -3.51235e-02
2.75228e+01 2.01414e+00 -5.07580e-02
2.75444e+01 2.01292e+00 -6.08312e-02
2.75687e+01 2.01136e+00 -6.69250e-02
2.75960e+01 2.00949e+00 -7.03502e-02
2.76276e+01 2.00723e+00 -7.22138e-02
2.76653e+01 2.00449e+00 -7.31850e-02
2.77115e+01 2.00109e+00 -7.37128e-02
2.77707e+01 1.99671e+00 -7.40824e-02
2.78504e+01 1.99080e+00 -7.44709e-02
2.79607e+01 1.98255e+00 -7.49897e-02
2.81834e+01 1.96573e+00 -7.60674e-02
2.86025e+01 1.93341e+00 -7.82400e-02
2.90216e+01 1.90013e+00 -8.06239e-02
2.94406e+01 1.86580e+00 -8.32585e-02
2.98057e+01 1.83495e+00 -8.57936e-02
3.01708e+01 1.80313e+00 -8.85960e-02
3.05358e+01 1.77022e+00 -9.17152e-02
3.09009e+01 1.73612e+00 -9.52162e-02
3.12660e+01 1.70065e+00 -9.91842e-02
3.15744e+01 1.66949e+00 -1.02982e-01
3.18828e+01 1.63708e+00 -1.07287e-01
3.21912e+01 1.60325e+00 -1.12221e-01
3.24996e+01 1.56778e+00 -1.17952e-01
3.28079e+01 1.53039e+00 -1.24716e-01
3.31276e+01 1.48922e+00 -1.33196e-01
3.34002e+01 1.45174e+00 -1.42043e-01
3.36728e+01 1.41159e+00 -1.52981e-01
3.38987e+01 1.37579e+00 -1.64286e-01
3.41247e+01 1.33713e+00 -1.78514e-01
3.43158e+01 1.30160e+00 -1.93857e-01
3.45070e+01 1.26273e+00 -2.13712e-01
3.46720e+01 1.22569e+00 -2.36315e-01
3.48370e+01 1.18431e+00 -2.66837e-01
3.50020e+01 1.13692e+00 -3.10353e-01
3.51670e+01 1.08063e+00 -3.77117e-01
3.52963e+01 1.02691e+00 -4.59985e-01
3.54041e+01 9.71954e-01 -5.68211e-01
3.54887e+01 9.18711e-01 -6.99134e-01
3.55665e+01 8.57633e-01 -8.84247e-01
3.56472e+01 7.74755e-01 -1.19883e+00
3.57035e+01 6.97940e-01 -1.55652e+00
3.57410e+01 6.33406e-01 -1.90476e+00
3.57758e+01 5.59634e-01 -2.35298e+00
3.58061e+01 4.80795e-01 -2.88593e+00
3.58326e+01 3.96435e-01 -3.51031e+00
3.58591e+01 2.92959e-01 -4.33929e+00
3.58799e+01 1.94327e-01 -5.17866e+00
3.59017e+01 6.99987e-02 -6.27955e+00
3.59205e+01 -5.90849e-02 -7.43980e+00
3.59394e+01 -2.11840e-01 -8.78418e+00
3.59582e+01 -3.91206e-01 -1.02417e+01
3.59763e+01 -5.88583e-01 -1.15772e+01
3.59930e+01 -7.90380e-01 -1.25124e+01
3.60097e+01 -1.00334e+00 -1.28651e+01
3.60209e+01 -1.14643e+00 -1.26508e+01
3.60327e+01 -1.29220e+00 -1.19955e+01
3.60430e+01 -1.41086e+00 -1.10976e+01
3.60536e+01 -1.52292e+00 -9.91932e+00
3.60642e+01 -1.62156e+00 -8.59518e+00
3.60749e+01 -1.70582e+00 -7.23638e+00
3.60867e+01 -1.78239e+00 -5.80839e+00
3.60962e+01 -1.83260e+00 -4.76652e+00
3.61077e+01 -1.88093e+00 -3.68061e+00
3.61176e+01 -1.91357e+00 -2.89786e+00
3.61280e+01 -1.93998e+00 -2.23334e+00
3.61383e+01 -1.96022e+00 -1.70256e+00
3.61486e+01 -1.97558e+00 -1.28516e+00
3.61590e+01 -1.98712e+00 -9.60817e-01
3.61693e+01 -1.99570e+00 -7.11045e-01
3.61804e+01 -2.00239e+00 -5.08648e-01
3.61919e+01 -2.00732e+00 -3.51382e-01
3.62042e+01 -2.01084e+00 -2.30787e-01
3.62171e+01 -2.01320e+00 -1.39743e-01
3.62310e+01 -2.01464e+00 -7.22566e-02
3.62459e+01 -2.01533e+00 -2.32960e-02
3.62620e+01 -2.01541e+00 1.13396e-02
3.62797e+01 -2.01498e+00 3.51238e-02
3.62989e+01 -2.01414e+00 5.07582e-02
3.63205e+01 -2.01292e+00 6.08314e-02
3.63448e+01 -2.01136e+00 6.69251e-02
3.63721e+01 -2.00949e+00 7.03502e-02
3.64037e+01 -2.00723e+00 7.22138e-02
3.64414e+01 -2.00449e+00 7.31850e-02
3.64876e+01 -2.00109e+00 7.37128e-02
3.65468e+01 -1.99671e+00 7.40824e-02
3.66265e+01 -1.99080e+00 7.44709e-02
3.67368e+01 -1.98255e+00 7.49897e-02
3.69595e+01 -1.96573e+00 7.60674e-02
3.73786e+01 -1.93341e+00 7.82400e-02
3.77976e+01 -1.90013e+00 8.06239e-02
3.82167e+01 -1.86580e+00 8.32585e-02
3.85818e+01 -1.83495e+00 8.57936e-02
3.89469e+01 -1.80313e+00 8.85960e-02
3.93119e+01 -1.77022e+00 9.17152e-02
3.96770e+01 -1.73612e+00 9.52162e-02
4.00421e+01 -1.70065e+00 9.91842e-02
4.03505e+01 -1.66949e+00 1.02982e-01
4.06589e+01 -1.63708e+00 1.07287e-01
4.09673e+01 -1.60325e+00 1.12221e-01
4.12756e+01 -1.56778e+00 1.17952e-01
4.15840e+01 -1.53039e+00 1.24716e-01
4.19037e+01 -1.48922e+00 1.33196e-01
4.21763e+01 -1.45174e+00 1.42043e-01
4.24489e+01 -1.41159e+00 1.52981e-01
4.26748e+01 -1.37579e+00 1.64286e-01
4.29008e+01 -1.33713e+00 1.78514e-01
4.30919e+01 -1.30160e+00 1.93857e-01
4.32831e+01 -1.26273e+00 2.13712e-01
4.34481e+01 -1.22569e+00 2.36315e-01
4.36131e+01 -1.18431e+00 2.66837e-01
4.37781e+01 -1.13692e+00 3.10353e-01
4.39431e+01 -1.08063e+00 3.77118e-01
4.40724e+01 -1.02691e+00 4.59986e-01
4.41802e+01 -9.71954e-01 5.68211e-01
4.42648e+01 -9.18711e-01 6.99135e-01
4.43426e+01 -8.57633e-01 8.84247e-01
4.44233e+01 -7.74755e-01 1.19883e+00
4.44796e+01 -6.97940e-01 1.55652e+00
4.45171e+01 -6.33406e-01 1.90476e+00
4.45519e+01 -5.59634e-01 2.35298e+00
4.45822e+01 -4.80795e-01 2.88593e+00
4.46087e+01 -3.96435e-01 3.51031e+00
4.46352e+01 -2.92959e-01 4.33930e+00
4.46560e+01 -1.94327e-01 5.17866e+00
4.46777e+01 -6.99985e-02 6.27956e+00
4.46966e+01 5.90851e-02 7.43980e+00
4.47155e+01 2.11841e-01 8.78418e+00
4.47343e+01 3.91206e-01 1.02417e+01
4.47524e+01 5.88583e-01 1.15772e+01
4.47691e+01 7.90380e-01 1.25124e+01
4.47858e+01 1.00334e+00 1.28651e+01
4.47970e+01 1.14643e+00 1.26508e+01
4.48088e+01 1.29220e+00 1.19955e+01
4.48190e+01 1.41086e+00 1.10976e+01
4.48297e+01 1.52292e+00 9.91932e+00
4.48403e+01 1.62156e+00 8.59518e+00
4.48510e+01 1.70582e+00 7.23638e+00
4.48627e+01 1.78239e+00 5.80839e+00
4.48723e+01 1.83260e+00 4.76652e+00
4.48837e+01 1.88093e+00 3.68061e+00
4.48937e+01 1.91357e+00 2.89786e+00
4.49040e+01 1.93998e+00 2.23334e+00
4.49144e+01 1.96022e+00 1.70256e+00
4.49247e+01 1.97558e+00 1.28516e+00
4.49351e+01 1.98712e+00 9.60817e-01
4.49454e+01 1.99570e+00 7.11044e-01
4.49565e+01 2.00239e+00 5.08648e-01
4.49680e+01 2.00732e+00 3.51382e-01
4.49803e+01 2.01084e+00 2.30787e-01
4.49932e+01 2.01320e+00 1.39743e-01
4.50071e+01 2.01464e+00 7.22565e-02
4.50220e+01 2.01533e+00 2.32960e-02
4.50381e+01 2.01541e+00 -1.13396e-02
4.50558e+01 2.01498e+00 -3.51239e-02
4.50750e+01 2.01414e+00 -5.07582e-02
4.50966e+01 2.01292e+00 -6.08314e-02
4.51209e+01 2.01136e+00 -6.69251e-02
4.51482e+01 2.00949e+00 -7.03502e-02
4.51798e+01 2.00723e+00 -7.22138e-02
4.52175e+01 2.00449e+00 -7.31850e-02
4.52637e+01 2.00109e+00 -7.37128e-02
4.53229e+01 1.99671e+00 -7.40824e-02
4.54026e+01 1.99080e+00 -7.44709e-02
4.55129e+01 1.98255e+00 -7.49897e-02
4.57356e+01 1.96573e+00 -7.60674e-02
4.61547e+01 1.93341e+00 -7.82400e-02
4.65737e+01 1.90013e+00 -8.06239e-02
4.69928e+01 1.86580e+00 -8.32585e-02
4.73579e+01 1.83495e+00 -8.57936e-02
4.77230e+01 1.80313e+00 -8.85960e-02
4.80880e+01 1.77022e+00 -9.17152e-02
4.84531e+01 1.73612e+00 -9.52162e-02
4.88182e+01 1.70065e+00 -9.91842e-02
4.91266e+01 1.66949e+00 -1.02982e-01
4.94350e+01 1.63708e+00 -1.07287e-01
4.97433e+01 1.60325e+00 -1.12221e-01
5.00517e+01 1.56778e+00 -1.17952e-01
5.03601e+01 1.53039e+00 -1.24716e-01
5.06798e+01 1.48922e+00 -1.33196e-01
5.09524e+01 1.45174e+00 -1.42043e-01
5.12250e+01 1.41159e+00 -1.52981e-01
5.14509e+01 1.37579e+00 -1.64286e-01
5.16769e+01 1.33713e+00 -1.78514e-01
5.18680e+01 1.30160e+00 -1.93857e-01
5.20592e+01 1.26273e+00 -2.13712e-01
5.22242e+01 1.22569e+00 -2.36315e-01
5.23892e+01 1.18431e+00 -2.66837e-01
5.25542e+01 1.13692e+00 -3.10353e-01
5.27192e+01 1.08063e+00 -3.77118e-01
5.28485e+01 1.02691e+00 -4.59986e-01
5.29563e+01 9.71954e-01 -5.68211e-01
5.30409e+01 9.18711e-01 -6.99135e-01
5.31187e+01 8.57633e-01 -8.84247e-01
5.31994e+01 7.74755e-01 -1.19883e+00
5.32557e+01 6.97940e-01 -1.55652e+00
5.32932e+01 6.33406e-01 -1.90476e+00
5.33280e+01 5.59634e-01 -2.35298e+00
5.33583e+01 4.80795e-01 -2.88593e+00
5.33848e+01 3.96435e-01 -3.51031e+00
5.34113e+01 2.92959e-01 -4.33930e+00
5.34321e+01 1.94327e-01 -5.17866e+00
5.34538e+01 6.99985e-02 -6.27956e+00
5.34727e+01 -5.90851e-02 -7.43980e+00
5.34916e+01 -2.11841e-01 -8.78418e+00
5.35104e+01 -3.91206e-01 -1.02417e+01
5.35285e+01 -5.88584e-01 -1.15772e+01
5.35452e+01 -7.90380e-01 -1.25124e+01
5.35619e+01 -1.00334e+00 -1.28651e+01
5.35731e+01 -1.14643e+00 -1.26508e+01
5.35849e+01 -1.29220e+00 -1.19955e+01
5.35951e+01 -1.41086e+00 -1.10976e+01
5.36058e+01 -1.52292e+00 -9.91932e+00
5.36164e+01 -1.62156e+00 -8.59518e+00
5.36271e+01 -1.70582e+00 -7.23638e+00
5.36388e+01 -1.78239e+00 -5.80839e+00
5.36484e+01 -1.83260e+00 -4.76652e+00
5.36598e+01 -1.88093e+00 -3.68061e+00
5.36698e+01 -1.91357e+00 -2.89786e+00
5.36801e+01 -1.93998e+00 -2.23334e+00
5.36905e+01 -1.96022e+00 -1.70256e+00
5.37008e+01 -1.97558e+00 -1.28516e+00
5.37112e+01 -1.98712e+00 -9.60817e-01
5.37215e+01 -1.99570e+00 -7.11044e-01
5.37326e+01 -2.00239e+00 -5.08648e-01
5.37441e+01 -2.00732e+00 -3.51382e-01
5.37563e+01 -2.01084e+00 -2.30787e-01
5.37693e+01 -2.01320e+00 -1.39743e-01
5.37832e+01 -2.01464e+00 -7.22565e-02
5.37981e+01 -2.01533e+00 -2.32960e-02
5.38142e+01 -2.01541e+00 1.13396e-02
5.38319e+01 -2.01498e+00 3.51239e-02
5.38511e+01 -2.01414e+00 5.07582e-02
5.38727e+01 -2.01292e+00 6.08314e-02
5.38970e+01 -2.01136e+00 6.69251e-02
5.39242e+01 -2.00949e+00 7.03502e-02
5.39559e+01 -2.00723e+00 7.22138e-02
5.39936e+01 -2.00449e+00 7.31850e-02
5.40398e+01 -2.00109e+00 7.37128e-02
5.40990e+01 -1.99671e+00 7.40824e-02
5.41787e+01 -1.99080e+00 7.44709e-02
5.42890e+01 -1.98255e+00 7.49897e-02
5.45117e+01 -1.96573e+00 7.60674e-02
5.49308e+01 -1.93341e+00 7.82400e-02
5.53498e+01 -1.90013e+00 8.06239e-02
5.57689e+01 -1.86580e+00 8.32585e-02
5.61340e+01 -1.83495e+00 8.57936e-02
5.64990e+01 -1.80313e+00 8.85960e-02
5.68641e+01 -1.77022e+00 9.17152e-02
5.72292e+01 -1.73612e+00 9.52162e-02
5.75943e+01 -1.70065e+00 9.91842e-02
5.79027e+01 -1.66949e+00 1.02982e-01
5.82110e+01 -1.63708e+00 1.07287e-01
5.85194e+01 -1.60325e+00 1.12221e-01
5.88278e+01 -1.56778e+00 1.17952e-01
5.91362e+01 -1.53039e+00 1.24716e-01
5.94559e+01 -1.48922e+00 1.33196e-01
5.97285e+01 -1.45174e+00 1.42043e-01
6.00011e+01 -1.41159e+00 1.52981e-01
6.02270e+01 -1.37579e+00 1.64286e-01
6.04530e+01 -1.33713e+00 1.78514e-01
6.06441e+01 -1.30160e+00 1.93857e-01
6.08353e+01 -1.26273e+00 2.13712e-01
6.10003e+01 -1.22569e+00 2.36315e-01
6.11653e+01 -1.18431e+00 2.66837e-01
6.13303e+01 -1.13692e+00 3.10353e-01
6.14953e+01 -1.08063e+00 3.77118e-01
6.16246e+01 -1.02691e+00 4.59986e-01
6.17324e+01 -9.71954e-01 5.68211e-01
6.18170e+01 -9.18711e-01 6.99135e-01
6.18948e+01 -8.57633e-01 8.84247e-01
6.19755e+01 -7.74755e-01 1.19883e+00
6.20318e+01 -6.97940e-01 1.55652e+00
6.20693e+01 -6.33406e-01 1.90476e+00
6.21041e+01 -5.59634e-01 2.35298e+00
6.21344e+01 -4.80795e-01 2.88593e+00
6.21609e+01 -3.96435e-01 3.51031e+00
6.21874e+01 -2.92959e-01 4.33930e+00
6.22082e+01 -1.94327e-01 5.17866e+00
6.22299e+01 -6.99985e-02 6.27956e+00
6.22488e+01 5.90851e-02 7.43980e+00
6.22677e+01 2.11841e-01 8.78418e+00
6.22865e+01 3.91206e-01 1.02417e+01
6.23046e+01 5.88584e-01 1.15772e+01
6.23213e+01 7.90380e-01 1.25124e+01
6.23380e+01 1.00334e+00 1.28651e+01
6.23492e+01 1.14643e+00 1.26508e+01
6.23610e+01 1.29220e+00 1.19955e+01
6.23712e+01 1.41086e+00 1.10976e+01
6.23819e+01 1.52292e+00 9.91932e+00
6.23925e+01 1.62156e+00 8.59518e+00
6.24032e+01 1.70582e+00 7.23638e+00
6.24149e+01 1.78239e+00 5.80839e+00
6.24244e+01 1.83260e+00 4.76652e+00
6.24359e+01 1.88093e+00 3.68061e+00
6.24459e+01 1.91357e+00 2.89786e+00
6.24562e+01 1.93998e+00 2.23334e+00
6.24666e+01 1.96022e+00 1.70256e+00
6.24769e+01 1.97558e+00 1.28516e+00
6.24873e+01 1.98712e+00 9.60817e-01
6.24976e+01 1.99570e+00 7.11044e-01
6.25086e+01 2.00239e+00 5.08648e-01
6.25202e+01 2.00732e+00 3.51382e-01
6.25324e+01 2.01084e+00 2.30787e-01
6.25454e+01 2.01320e+00 1.39743e-01
6.25593e+01 2.01464e+00 7.22565e-02
6.25742e+01 2.01533e+00 2.32960e-02
6.25903e+01 2.01541e+00 -1.13396e-02
6.26079e+01 2.01498e+00 -3.51239e-02
6.26272e+01 2.01414e+00 -5.07582e-02
6.26488e+01 2.01292e+00 -6.08314e-02
6.26731e+01 2.01136e+00 -6.69251e-02
6.27003e+01 2.00949e+00 -7.03502e-02
6.27320e+01 2.00723e+00 -7.22138e-02
6.27697e+01 2.00449e+00 -7.31850e-02
6.28159e+01 2.00109e+00 -7.37128e-02
6.28751e+01 1.99671e+00 -7.40824e-02
6.29547e+01 1.99080e+00 -7.44709e-02
6.30651e+01 1.98255e+00 -7.49897e-02
6.32878e+01 1.96573e+00 -7.60674e-02
6.37069e+01 1.93341e+00 -7.82400e-02
6.41259e+01 1.90013e+00 -8.06239e-02
6.45450e+01 1.86580e+00 -8.32585e-02
6.49101e+01 1.83495e+00 -8.57936e-02
6.52751e+01 1.80313e+00 -8.85960e-02
6.56402e+01 1.77022e+00 -9.17152e-02
6.60053e+01 1.73612e+00 -9.52162e-02
6.63704e+01 1.70065e+00 -9.91842e-02
6.66787e+01 1.66949e+00 -1.02982e-01
6.69871e+01 1.63708e+00 -1.07287e-01
6.72955e+01 1.60325e+00 -1.12221e-01
6.76039e+01 1.56778e+00 -1.17952e-01
6.79123e+01 1.53039e+00 -1.24716e-01
6.82320e+01 1.48922e+00 -1.33196e-01
6.85046e+01 1.45174e+00 -1.42043e-01
6.87772e+01 1.41159e+00 -1.52981e-01
6.90031e+01 1.37579e+00 -1.64286e-01
6.92291e+01 1.33713e+00 -1.78514e-01
6.94202e+01 1.30160e+00 -1.93857e-01
6.96114e+01 1.26273e+00 -2.13712e-01
6.97764e+01 1.22569e+00 -2.36315e-01
6.99414e+01 1.18431e+00 -2.66837e-01
7.01064e+01 1.13692e+00 -3.10353e-01
7.02714e+01 1.08063e+00 -3.77118e-01
7.04007e+01 1.02691e+00 -4.59986e-01
7.05085e+01 9.71954e-01 -5.68211e-01
7.05931e+01 9.18711e-01 -6.99135e-01
7.06709e+01 8.57633e-01 -8.84247e-01
7.07516e+01 7.74755e-01 -1.19883e+00
7.08079e+01 6.97940e-01 -1.55652e+00
7.08454e+01 6.33406e-01 -1.90476e+00
7.08802e+01 5.59634e-01 -2.35298e+00
7.09105e+01 4.80795e-01 -2.88593e+00
7.09370e+01 3.96435e-01 -3.51031e+00
7.09635e+01 2.92959e-01 -4.33930e+00
7.09842e+01 1.94327e-01 -5.17866e+00
7.10060e+01 6.99985e-02 -6.27956e+00
7.10249e+01 -5.90851e-02 -7.43980e+00
7.10438e+01 -2.11841e-01 -8.78418e+00
7.10626e+01 -3.91206e-01 -1.02417e+01
7.10807e+01 -5.88584e-01 -1.15772e+01
7.10974e+01 -7.90380e-01 -1.25124e+01
7.11141e+01 -1.00334e+00 -1.28651e+01
7.11253e+01 -1.14643e+00 -1.26508e+01
7.11371e+01 -1.29220e+00 -1.19955e+01
7.11473e+01 -1.41086e+00 -1.10976e+01
7.11580e+01 -1.52292e+00 -9.91932e+00
7.11686e+01 -1.62156e+00 -8.59518e+00
7.11793e+01 -1.70582e+00 -7.23638e+00
7.11910e+01 -1.78239e+00 -5.80839e+00
7.12005e+01 -1.83260e+00 -4.76652e+00
7.12120e+01 -1.88093e+00 -3.68061e+00
7.12220e+01 -1.91357e+00 -2.89786e+00
7.12323e+01 -1.93998e+00 -2.23334e+00
7.12427e+01 -1.96022e+00 -1.70256e+00
7.12530e+01 -1.97558e+00 -1.28516e+00
7.12633e+01 -1.98712e+00 -9.60817e-01
7.12737e+01 -1.99570e+00 -7.11044e-01
7.12847e+01 -2.00239e+00 -5.08648e-01
7.12963e+01 -2.00732e+00 -3.51382e-01
7.13085e+01 -2.01084e+00 -2.30787e-01
7.13215e+01 -2.01320e+00 -1.39743e-01
7.13354e+01 -2.01464e+00 -7.22565e-02
7.13503e+01 -2.01533e+00 -2.32960e-02
7.13664e+01 -2.01541e+00 1.13396e-02
7.13840e+01 -2.01498e+00 3.51239e-02
7.14033e+01 -2.01414e+00 5.07582e-02
7.14249e+01 -2.01292e+00 6.08314e-02
7.14492e+01 -2.01136e+00 6.69251e-02
7.14764e+01 -2.00949e+00 7.03502e-02
7.15081e+01 -2.00723e+00 7.22138e-02
7.15457e+01 -2.00449e+00 7.31850e-02
7.15920e+01 -2.00109e+00 7.37128e-02
7.16512e+01 -1.99671e+00 7.40824e-02
7.17308e+01 -1.99080e+00 7.44709e-02
7.18412e+01 -1.98255e+00 7.49897e-02
7.20639e+01 -1.96573e+00 7.60674e-02
7.24829e+01 -1.93341e+00 7.82400e-02
7.29020e+01 -1.90013e+00 8.06239e-02
7.33211e+01 -1.86580e+00 8.32585e-02
7.36862e+01 -1.83495e+00 8.57936e-02
7.40512e+01 -1.80313e+00 8.85960e-02
7.44163e+01 -1.77022e+00 9.17152e-02
7.47814e+01 -1.73612e+00 9.52162e-02
7.51464e+01 -1.70065e+00 9.91842e-02
7.54548e+01 -1.66949e+00 1.02982e-01
7.57632e+01 -1.63708e+00 1.07287e-01
7.60716e+01 -1.60325e+00 1.12221e-01
7.63800e+01 -1.56778e+00 1.17952e-01
7.66884e+01 -1.53039e+00 1.24716e-01
7.70081e+01 -1.48922e+00 1.33196e-01
7.72807e+01 -1.45174e+00 1.42043e-01
7.75532e+01 -1.41159e+00 1.52981e-01
7.77792e+01 -1.37579e+00 1.64286e-01
7.80051e+01 -1.33713e+00 1.78514e-01
7.81963e+01 -1.30160e+00 1.93857e-01
7.83875e+01 -1.26273e+00 2.13712e-01
7.85525e+01 -1.22569e+00 2.36315e-01
7.87175e+01 -1.18431e+00 2.66837e-01
7.88825e+01 -1.13692e+00 3.10353e-01
7.90475e+01 -1.08063e+00 3.77118e-01
7.91768e+01 -1.02691e+00 4.59986e-01
7.92845e+01 -9.71954e-01 5.68211e-01
7.93692e+01 -9.18711e-01 6.99135e-01
7.94470e+01 -8.57633e-01 8.84247e-01
7.95277e+01 -7.74755e-01 1.19883e+00
7.95840e+01 -6.97940e-01 1.55652e+00
7.96214e+01 -6.33406e-01 1.90476e+00
7.96563e+01 -5.59634e-01 2.35298e+00
7.96866e+01 -4.80795e-01 2.88593e+00
7.97130e+01 -3.96435e-01 3.51031e+00
7.97395e+01 -2.92959e-01 4.33930e+00
7.97603e+01 -1.94327e-01 5.17866e+00
7.97821e+01 -6.99985e-02 6.27956e+00
7.98010e+01 5.90851e-02 7.43980e+00
7.98198e+01 2.11841e-01 8.78418e+00
7.98387e+01 3.91206e-01 1.02417e+01
7.98568e+01 5.88584e-01 1.15772e+01
7.98735e+01 7.90380e-01 1.25124e+01
7.98902e+01 1.00334e+00 1.28651e+01
7.99014e+01 1.14643e+00 1.26508e+01
7.99132e+01 1.29220e+00 1.19955e+01
7.99234e+01 1.41086e+00 1.10976e+01
7.99341e+01 1.52292e+00 9.91932e+00
7.99447e+01 1.62156e+00 8.59518e+00
7.99554e+01 1.70582e+00 7.23638e+00
7.99671e+01 1.78239e+00 5.80839e+00
7.99766e+01 1.83260e+00 4.76652e+00
7.99881e+01 1.88093e+00 3.68061e+00
7.99981e+01 1.91357e+00 2.89786e+00
8.00084e+01 1.93998e+00 2.23334e+00
8.00188e+01 1.96022e+00 1.70256e+00
8.00291e+01 1.97558e+00 1.28516e+00
8.00394e+01 1.98712e+00 9.60817e-01
8.00498e+01 1.99570e+00 7.11044e-01
8.00608e+01 2.00239e+00 5.08648e-01
8.00724e+01 2.00732e+00 3.51382e-01
8.00846e+01 2.01084e+00 2.30787e-01
8.00976e+01 2.01320e+00 1.39743e-01
8.01114e+01 2.01464e+00 7.22565e-02
8.01264e+01 2.01533e+00 2.32960e-02
8.01425e+01 2.01541e+00 -1.13396e-02
8.01601e+01 2.01498e+00 -3.51239e-02
8.01793e+01 2.01414e+00 -5.07582e-02
8.02010e+01 2.01292e+00 -6.08314e-02
8.02253e+01 2.01136e+00 -6.69251e-02
8.02525e+01 2.00949e+00 -7.03502e-02
8.02842e+01 2.00723e+00 -7.22138e-02
8.03218e+01 2.00449e+00 -7.31850e-02
8.03681e+01 2.00109e+00 -7.37128e-02
8.04273e+01 1.99671e+00 -7.40824e-02
8.05069e+01 1.99080e+00 -7.44709e-02
8.06173e+01 1.98255e+00 -7.49897e-02
8.08400e+01 1.96573e+00 -7.60674e-02
8.12590e+01 1.93341e+00 -7.82400e-02
8.16781e+01 1.90013e+00 -8.06239e-02
8.20972e+01 1.86580e+00 -8.32585e-02
8.24623e+01 1.83495e+00 -8.57936e-02
8.28273e+01 1.80313e+00 -8.85960e-02
8.31924e+01 1.77022e+00 -9.17152e-02
8.35575e+01 1.73612e+00 -9.52162e-02
8.39225e+01 1.70065e+00 -9.91842e-02
8.42309e+01 1.66949e+00 -1.02982e-01
8.45393e+01 1.63708e+00 -1.07287e-01
8.48477e+01 1.60325e+00 -1.12221e-01
8.51561e+01 1.56778e+00 -1.17952e-01
8.54645e+01 1.53039e+00 -1.24716e-01
8.57842e+01 1.48922e+00 -1.33196e-01
8.60568e+01 1.45174e+00 -1.42043e-01
8.63293e+01 1.41159e+00 -1.52981e-01
8.65553e+01 1.37579e+00 -1.64286e-01
8.67812e+01 1.33713e+00 -1.78514e-01
8.69724e+01 1.30160e+00 -1.93857e-01
8.71636e+01 1.26273e+00 -2.13712e-01
8.73286e+01 1.22569e+00 -2.36315e-01
8.74936e+01 1.18431e+00 -2.66837e-01
8.76586e+01 1.13692e+00 -3.10353e-01
8.78236e+01 1.08063e+00 -3.77118e-01
8.79529e+01 1.02691e+00 -4.59986e-01
8.80606e+01 9.71954e-01 -5.68211e-01
8.81453e+01 9.18711e-01 -6.99135e-01
8.82231e+01 8.57633e-01 -8.84247e-01
8.83038e+01 7.74755e-01 -1.19883e+00
8.83600e+01 6.97940e-01 -1.55652e+00
8.83975e+01 6.33406e-01 -1.90476e+00
8.84324e+01 5.59634e-01 -2.35298e+00
8.84626e+01 4.80795e-01 -2.88593e+00
8.84891e+01 3.96435e-01 -3.51031e+00
8.85156e+01 2.92959e-01 -4.33930e+00
8.85364e+01 1.94327e-01 -5.17866e+00
8.85582e+01 6.99985e-02 -6.27956e+00
8.85771e+01 -5.90851e-02 -7.43980e+00
8.85959e+01 -2.11841e-01 -8.78418e+00
8.86148e+01 -3.91206e-01 -1.02417e+01
8.86329e+01 -5.88584e-01 -1.15772e+01
8.86496e+01 -7.90380e-01 -1.25124e+01
8.86663e+01 -1.00334e+00 -1.28651e+01
8.86775e+01 -1.14643e+00 -1.26508e+01
8.86893e+01 -1.29220e+00 -1.19955e+01
8.86995e+01 -1.41086e+00 -1.10976e+01
8.87102e+01 -1.52292e+00 -9.91932e+00
8.87208e+01 -1.62156e+00 -8.59518e+00
8.87315e+01 -1.70582e+00 -7.23638e+00
8.87432e+01 -1.78239e+00 -5.80839e+00
8.87527e+01 -1.83260e+00 -4.76652e+00
8.87642e+01 -1.88093e+00 -3.68061e+00
8.87742e+01 -1.91357e+00 -2.89786e+00
8.87845e+01 -1.93998e+00 -2.23334e+00
8.87949e+01 -1.96022e+00 -1.70256e+00
8.88052e+01 -1.97558e+00 -1.28516e+00
8.88155e+01 -1.98712e+00 -9.60817e-01
8.88259e+01 -1.99570e+00 -7.11044e-01
8.88369e+01 -2.00239e+00 -5.08648e-01
8.88485e+01 -2.00732e+00 -3.51382e-01
8.88607e+01 -2.01084e+00 -2.30787e-01
8.88737e+01 -2.01320e+00 -1.39743e-01
8.88875e+01 -2.01464e+00 -7.22565e-02
8.89024e+01 -2.01533e+00 -2.32960e-02
8.89186e+01 -2.01541e+00 1.13396e-02
8.89362e+01 -2.01498e+00 3.51239e-02
8.89554e+01 -2.01414e+00 5.07582e-02
8.89770e+01 -2.01292e+00 6.08314e-02
8.90014e+01 -2.01136e+00 6.69251e-02
8.90286e+01 -2.00949e+00 7.03502e-02
8.90603e+01 -2.00723e+00 7.22138e-02
8.90979e+01 -2.00449e+00 7.31850e-02
8.91442e+01 -2.00109e+00 7.37128e-02
8.92034e+01 -1.99671e+00 7.40824e-02
8.92830e+01 -1.99080e+00 7.44709e-02
8.93934e+01 -1.98255e+00 7.49897e-02
8.96161e+01 -1.96573e+00 7.60674e-02
9.00351e+01 -1.93341e+00 7.82400e-02
9.04542e+01 -1.90013e+00 8.06239e-02
9.08733e+01 -1.86580e+00 8.32585e-02
9.12383e+01 -1.83495e+00 8.57936e-02
9.16034e+01 -1.80313e+00 8.85960e-02
9.19685e+01 -1.77022e+00 9.17152e-02
9.23336e+01 -1.73612e+00 9.52162e-02
9.26986e+01 -1.70065e+00 9.91842e-02
9.30070e+01 -1.66949e+00 1.02982e-01
9.33154e+01 -1.63708e+00 1.07287e-01
9.36238e+01 -1.60325e+00 1.12221e-01
9.39322e+01 -1.56778e+00 1.17952e-01
9.42406e+01 -1.53039e+00 1.24716e-01
9.45603e+01 -1.48922e+00 1.33196e-01
9.48329e+01 -1.45174e+00 1.42043e-01
9.51054e+01 -1.41159e+00 1.52981e-01
9.53314e+01 -1.37579e+00 1.64286e-01
9.55573e+01 -1.33713e+00 1.78514e-01
9.57485e+01 -1.30160e+00 1.93857e-01
9.59397e+01 -1.26273e+00 2.13712e-01
9.61047e+01 -1.22569e+00 2.36315e-01
9.62697e+01 -1.18431e+00 2.66837e-01
9.64347e+01 -1.13692e+00 3.10353e-01
9.65997e+01 -1.08063e+00 3.77118e-01
9.67290e+01 -1.02691e+00 4.59986e-01
9.68367e+01 -9.71954e-01 5.68211e-01
9.69214e+01 -9.18711e-01 6.99135e-01
9.69992e+01 -8.57633e-01 8.84247e-01
9.70799e+01 -7.74755e-01 1.19883e+00
9.71361e+01 -6.97940e-01 1.55652e+00
9.71736e+01 -6.33406e-01 1.90476e+00
9.72085e+01 -5.59634e-01 2.35298e+00
9.72387e+01 -4.80795e-01 2.88593e+00
9.72652e+01 -3.96435e-01 3.51031e+00
9.72917e+01 -2.92959e-01 4.33930e+00
9.73125e+01 -1.94327e-01 5.17866e+00
9.73343e+01 -6.99985e-02 6.27956e+00
9.73532e+01 5.90851e-02 7.43980e+00
9.73720e+01 2.11841e-01 8.78418e+00
9.73909e+01 3.91206e-01 1.02417e+01
9.74090e+01 5.88584e-01 1.15772e+01
9.74257e+01 7.90380e-01 1.25124e+01
9.74424e+01 1.00334e+00 1.28651e+01
9.74536e+01 1.14643e+00 1.26508e+01
9.74654e+01 1.29220e+00 1.19955e+01
9.74756e+01 1.41086e+00 1.10976e+01
9.74863e+01 1.52292e+00 9.91932e+00
9.74969e+01 1.62156e+00 8.59518e+00
9.75075e+01 1.70582e+00 7.23638e+00
9.75193e+01 1.78239e+00 5.80839e+00
9.75288e+01 1.83260e+00 4.76652e+00
9.75403e+01 1.88093e+00 3.68061e+00
9.75503e+01 1.91357e+00 2.89786e+00
9.75606e+01 1.93998e+00 2.23334e+00
9.75709e+01 1.96022e+00 1.70256e+00
9.75813e+01 1.97558e+00 1.28516e+00
9.75916e+01 1.98712e+00 9.60817e-01
9.76020e+01 1.99570e+00 7.11044e-01
9.76130e+01 2.00239e+00 5.08648e-01
9.76246e+01 2.00732e+00 3.51382e-01
9.76368e+01 2.01084e+00 2.30787e-01
9.76498e+01 2.01320e+00 1.39743e-01
9.76636e+01 2.01464e+00 7.22565e-02
9.76785e+01 2.01533e+00 2.32960e-02
9.76947e+01 2.01541e+00 -1.13396e-02
9.77123e+01 2.01498e+00 -3.51239e-02
9.77315e+01 2.01414e+00 -5.07582e-02
9.77531e+01 2.01292e+00 -6.08314e-02
9.77775e+01 2.01136e+00 -6.69251e-02
9.78047e+01 2.00949e+00 -7.03502e-02
9.78364e+01 2.00723e+00 -7.22138e-02
9.78740e+01 2.00449e+00 -7.31850e-02
9.79203e+01 2.00109e+00 -7.37128e-02
9.79795e+01 1.99671e+00 -7.40824e-02
9.80591e+01 1.99080e+00 -7.44709e-02
9.81695e+01 1.98255e+00 -7.49897e-02
9.83922e+01 1.96573e+00 -7.60674e-02
9.88112e+01 1.93341e+00 -7.82400e-02
9.92303e+01 1.90013e+00 -8.06239e-02
9.96494e+01 1.86580e+00 -8.32585e-02
1.00000e+02 1.83619e+00 -8.56882e-02
