1.00000e-06 1.00000e+00 -1.00000e-06
6.00000e-06 1.00000e+00 -6.00000e-06
3.10000e-05 1.00000e+00 -3.10000e-05
1.56000e-04 1.00000e+00 -1.56000e-04
7.81000e-04 1.00000e+00 -7.81000e-04
3.90600e-03 9.99992e-01 -3.90599e-03
1.95310e-02 9.99809e-01 -1.95303e-02
9.76560e-02 9.95228e-01 -9.78645e-02
2.19853e-01 9.75515e-01 -2.27585e-01
3.05866e-01 9.51372e-01 -3.38229e-01
3.83935e-01 9.19986e-01 -4.73828e-01
4.55947e-01 8.79613e-01 -6.61583e-01
5.27959e-01 8.21665e-01 -9.78997e-01
5.57553e-01 7.89843e-01 -1.18141e+00
5.90452e-01 7.46153e-01 -1.49332e+00
6.18393e-01 6.99466e-01 -1.87013e+00
6.42316e-01 6.49628e-01 -2.32070e+00
6.63006e-01 5.96368e-01 -2.85482e+00
6.81112e-01 5.39258e-01 -3.48403e+00
6.97072e-01 4.78063e-01 -4.21764e+00
7.13032e-01 4.03383e-01 -5.18693e+00
7.25197e-01 3.34701e-01 -6.14024e+00
7.38098e-01 2.47570e-01 -7.41907e+00
7.48695e-01 1.62246e-01 -8.72829e+00
7.59291e-01 6.15978e-02 -1.03183e+01
7.69888e-01 -5.75443e-02 -1.22224e+01
7.80484e-01 -1.98536e-01 -1.44362e+01
7.91081e-01 -3.64284e-01 -1.68691e+01
8.01047e-01 -5.43854e-01 -1.91376e+01
8.09446e-01 -7.11678e-01 -2.07531e+01
8.18225e-01 -8.99060e-01 -2.17907e+01
8.27005e-01 -1.09128e+00 -2.18021e+01
8.32884e-01 -1.21773e+00 -2.11191e+01
8.38507e-01 -1.33342e+00 -1.99491e+01
8.44427e-01 -1.44670e+00 -1.82493e+01
8.50347e-01 -1.54882e+00 -1.62076e+01
8.56267e-01 -1.63826e+00 -1.39944e+01
8.62187e-01 -1.71450e+00 -1.17755e+01
8.68578e-01 -1.78246e+00 -9.52692e+00
8.74009e-01 -1.82946e+00 -7.81635e+00
8.79803e-01 -1.87004e+00 -6.23329e+00
8.85597e-01 -1.90219e+00 -4.90668e+00
8.91392e-01 -1.92737e+00 -3.82150e+00
8.97186e-01 -1.94689e+00 -2.95046e+00
9.02980e-01 -1.96191e+00 -2.26152e+00
9.08774e-01 -1.97339e+00 -1.72275e+00
9.14569e-01 -1.98211e+00 -1.30508e+00
9.20363e-01 -1.98870e+00 -9.83430e-01
9.26157e-01 -1.99365e+00 -7.36972e-01
9.32367e-01 -1.99758e+00 -5.37209e-01
9.38908e-01 -2.00056e+00 -3.81371e-01
9.45833e-01 -2.00276e+00 -2.61525e-01
9.53203e-01 -2.00433e+00 -1.70861e-01
9.61092e-01 -2.00540e+00 -1.03565e-01
9.69585e-01 -2.00606e+00 -5.47055e-02
9.78790e-01 -2.00639e+00 -2.01347e-02
9.88842e-01 -2.00646e+00 3.59248e-03
9.99935e-01 -2.00633e+00 1.93204e-02
1.01222e+00 -2.00602e+00 2.92379e-02
1.02600e+00 -2.00557e+00 3.51904e-02
1.04173e+00 -2.00499e+00 3.85424e-02
1.06003e+00 -2.00427e+00 4.02824e-02
1.08183e+00 -2.00338e+00 4.10987e-02
1.10868e+00 -2.00227e+00 4.14428e-02
1.14328e+00 -2.00083e+00 4.15860e-02
1.19100e+00 -1.99885e+00 4.16744e-02
1.26399e+00 -1.99580e+00 4.17825e-02
1.38825e+00 -1.99060e+00 4.19653e-02
1.55932e+00 -1.98340e+00 4.22215e-02
1.75043e+00 -1.97530e+00 4.25114e-02
2.02390e+00 -1.96362e+00 4.29397e-02
2.55080e+00 -1.94077e+00 4.38071e-02
3.13707e+00 -1.91478e+00 4.48420e-02
3.72335e+00 -1.88817e+00 4.59594e-02
4.23129e+00 -1.86457e+00 4.70025e-02
4.73924e+00 -1.84041e+00 4.81278e-02
5.24719e+00 -1.81566e+00 4.93454e-02
5.75513e+00 -1.79027e+00 5.06687e-02
6.26308e+00 -1.76417e+00 5.21142e-02
6.69915e+00 -1.74116e+00 5.34664e-02
7.13521e+00 -1.71752e+00 5.49406e-02
7.57128e+00 -1.69322e+00 5.65549e-02
8.00735e+00 -1.66818e+00 5.83332e-02
8.44341e+00 -1.64232e+00 6.03055e-02
8.81290e+00 -1.61970e+00 6.21552e-02
9.18238e+00 -1.59637e+00 6.42027e-02
9.55187e+00 -1.57223e+00 6.64844e-02
9.92135e+00 -1.54720e+00 6.90486e-02
1.02440e+01 -1.52452e+00 7.15674e-02
1.05667e+01 -1.50098e+00 7.44070e-02
1.08894e+01 -1.47646e+00 7.76401e-02
1.12121e+01 -1.45083e+00 8.13667e-02
1.14554e+01 -1.43065e+00 8.45831e-02
1.17319e+01 -1.40669e+00 8.87805e-02
1.20085e+01 -1.38147e+00 9.37070e-02
1.23147e+01 -1.35180e+00 1.00306e-01
1.25789e+01 -1.32441e+00 1.07326e-01
1.28430e+01 -1.29495e+00 1.16105e-01
1.30567e+01 -1.26922e+00 1.25057e-01
1.32705e+01 -1.24132e+00 1.36437e-01
1.34471e+01 -1.21619e+00 1.48538e-01
1.36238e+01 -1.18862e+00 1.64332e-01
1.37730e+01 -1.16284e+00 1.82064e-01
1.39223e+01 -1.13397e+00 2.06182e-01
1.40527e+01 -1.10525e+00 2.35762e-01
1.41831e+01 -1.07188e+00 2.78981e-01
1.43136e+01 -1.03139e+00 3.47545e-01
1.44167e+01 -9.91332e-01 4.37138e-01
1.44909e+01 -9.55360e-01 5.39630e-01
1.45577e+01 -9.14881e-01 6.83369e-01
1.46291e+01 -8.57661e-01 9.42976e-01
1.46801e+01 -8.02123e-01 1.26174e+00
1.47088e+01 -7.62343e-01 1.53111e+00
1.47373e+01 -7.13598e-01 1.90721e+00
1.47616e+01 -6.62067e-01 2.35818e+00
1.47826e+01 -6.07334e-01 2.89423e+00
1.48008e+01 -5.48975e-01 3.52616e+00
1.48169e+01 -4.86764e-01 4.26260e+00
1.48329e+01 -4.10925e-01 5.23820e+00
1.48451e+01 -3.41639e-01 6.19397e+00
1.48580e+01 -2.53609e-01 7.48064e+00
1.48686e+01 -1.67802e-01 8.79400e+00
1.48792e+01 -6.66517e-02 1.03900e+01
1.48897e+01 5.30277e-02 1.23026e+01
1.49003e+01 1.94615e-01 1.45282e+01
1.49109e+01 3.61048e-01 1.69765e+01
1.49222e+01 5.68650e-01 1.95632e+01
1.49304e+01 7.34642e-01 2.10799e+01
1.49390e+01 9.21908e-01 2.20047e+01
1.49469e+01 1.09626e+00 2.19387e+01
1.49528e+01 1.22379e+00 2.12238e+01
1.49584e+01 1.33901e+00 2.00311e+01
1.49643e+01 1.45152e+00 1.83166e+01
1.49701e+01 1.55294e+00 1.62673e+01
1.49760e+01 1.64178e+00 1.40516e+01
1.49818e+01 1.71755e+00 1.18330e+01
1.49882e+01 1.78566e+00 9.56760e+00
1.49936e+01 1.83268e+00 7.84776e+00
1.49994e+01 1.87315e+00 6.26138e+00
1.50051e+01 1.90523e+00 4.93167e+00
1.50109e+01 1.93037e+00 3.84352e+00
1.50167e+01 1.94988e+00 2.96962e+00
1.50224e+01 1.96490e+00 2.27798e+00
1.50282e+01 1.97638e+00 1.73672e+00
1.50339e+01 1.98512e+00 1.31681e+00
1.50397e+01 1.99172e+00 9.93184e-01
1.50454e+01 1.99669e+00 7.45020e-01
1.50516e+01 2.00064e+00 5.43565e-01
1.50581e+01 2.00363e+00 3.86328e-01
1.50650e+01 2.00585e+00 2.65336e-01
1.50723e+01 2.00744e+00 1.73747e-01
1.50801e+01 2.00852e+00 1.05714e-01
1.50886e+01 2.00919e+00 5.62770e-02
1.50977e+01 2.00953e+00 2.12631e-02
1.51077e+01 2.00961e+00 -2.79648e-03
1.51187e+01 2.00949e+00 -1.87701e-02
1.51309e+01 2.00919e+00 -2.88580e-02
1.51446e+01 2.00875e+00 -3.49244e-02
1.51601e+01 2.00818e+00 -3.83489e-02
1.51783e+01 2.00746e+00 -4.01320e-02
1.51998e+01 2.00659e+00 -4.09714e-02
1.52264e+01 2.00549e+00 -4.13260e-02
1.52605e+01 2.00408e+00 -4.14726e-02
1.53074e+01 2.00213e+00 -4.15606e-02
1.53789e+01 1.99916e+00 -4.16658e-02
1.55007e+01 1.99407e+00 -4.18433e-02
1.56708e+01 1.98693e+00 -4.20957e-02
1.58618e+01 1.97887e+00 -4.23826e-02
1.61363e+01 1.96717e+00 -4.28083e-02
1.66653e+01 1.94430e+00 -4.36705e-02
1.72540e+01 1.91829e+00 -4.46992e-02
1.78428e+01 1.89166e+00 -4.58096e-02
1.83528e+01 1.86803e+00 -4.68458e-02
1.88628e+01 1.84386e+00 -4.79634e-02
1.93728e+01 1.81910e+00 -4.91723e-02
1.98828e+01 1.79369e+00 -5.04858e-02
2.03928e+01 1.76758e+00 -5.19200e-02
2.08308e+01 1.74455e+00 -5.32616e-02
2.12688e+01 1.72091e+00 -5.47238e-02
2.17068e+01 1.69660e+00 -5.63243e-02
2.21448e+01 1.67155e+00 -5.80866e-02
2.25828e+01 1.64569e+00 -6.00402e-02
2.29541e+01 1.62306e+00 -6.18721e-02
2.33253e+01 1.59972e+00 -6.38990e-02
2.36966e+01 1.57559e+00 -6.61563e-02
2.40679e+01 1.55057e+00 -6.86914e-02
2.43922e+01 1.52789e+00 -7.11806e-02
2.47166e+01 1.50436e+00 -7.39848e-02
2.50410e+01 1.47986e+00 -7.71748e-02
2.53653e+01 1.45424e+00 -8.08478e-02
2.56427e+01 1.43133e+00 -8.44703e-02
2.59200e+01 1.40733e+00 -8.86615e-02
2.61974e+01 1.38208e+00 -9.35814e-02
2.65045e+01 1.35237e+00 -1.00171e-01
2.67692e+01 1.32496e+00 -1.07177e-01
2.70339e+01 1.29548e+00 -1.15937e-01
2.72480e+01 1.26973e+00 -1.24866e-01
2.74622e+01 1.24182e+00 -1.36215e-01
2.76391e+01 1.21669e+00 -1.48277e-01
2.78161e+01 1.18912e+00 -1.64016e-01
2.79656e+01 1.16336e+00 -1.81675e-01
2.81150e+01 1.13451e+00 -2.05682e-01
2.82456e+01 1.10584e+00 -2.35089e-01
2.83761e+01 1.07254e+00 -2.78015e-01
2.85067e+01 1.03218e+00 -3.46024e-01
2.86110e+01 9.91806e-01 -4.35934e-01
2.86854e+01 9.55837e-01 -5.38123e-01
2.87522e+01 9.15434e-01 -6.81190e-01
2.88238e+01 8.58295e-01 -9.39723e-01
2.88753e+01 8.02337e-01 -1.26039e+00
2.89039e+01 7.62783e-01 -1.52794e+00
2.89324e+01 7.14056e-01 -1.90344e+00
2.89568e+01 6.62554e-01 -2.35367e+00
2.89778e+01 6.07852e-01 -2.88889e+00
2.89961e+01 5.49529e-01 -3.51989e+00
2.90121e+01 4.87359e-01 -4.25526e+00
2.90282e+01 4.11567e-01 -5.22963e+00
2.90403e+01 3.42342e-01 -6.18399e+00
2.90533e+01 2.54374e-01 -7.46915e+00
2.90639e+01 1.68655e-01 -8.78071e+00
2.90744e+01 6.76042e-02 -1.03749e+01
2.90850e+01 -5.19656e-02 -1.22857e+01
2.90956e+01 -1.93438e-01 -1.45101e+01
2.91062e+01 -3.59764e-01 -1.69587e+01
2.91175e+01 -5.66571e-01 -1.95407e+01
2.91257e+01 -7.32567e-01 -2.10646e+01
2.91343e+01 -9.19876e-01 -2.19998e+01
2.91423e+01 -1.09568e+00 -2.19406e+01
2.91482e+01 -1.22317e+00 -2.12287e+01
2.91538e+01 -1.33847e+00 -2.00380e+01
2.91596e+01 -1.45110e+00 -1.83242e+01
2.91655e+01 -1.55262e+00 -1.62744e+01
2.91713e+01 -1.64156e+00 -1.40575e+01
2.91772e+01 -1.71741e+00 -1.18374e+01
2.91836e+01 -1.78552e+00 -9.57268e+00
2.91890e+01 -1.83255e+00 -7.85272e+00
2.91947e+01 -1.87306e+00 -6.26511e+00
2.92005e+01 -1.90517e+00 -4.93437e+00
2.92063e+01 -1.93033e+00 -3.84539e+00
2.92120e+01 -1.94985e+00 -2.97085e+00
2.92178e+01 -1.96488e+00 -2.27875e+00
2.92235e+01 -1.97637e+00 -1.73717e+00
2.92293e+01 -1.98511e+00 -1.31703e+00
2.92350e+01 -1.99172e+00 -9.93265e-01
2.92408e+01 -1.99669e+00 -7.45012e-01
2.92470e+01 -2.00064e+00 -5.43558e-01
2.92535e+01 -2.00364e+00 -3.86322e-01
2.92603e+01 -2.00585e+00 -2.65332e-01
2.92677e+01 -2.00744e+00 -1.73744e-01
2.92755e+01 -2.00852e+00 -1.05712e-01
2.92839e+01 -2.00919e+00 -5.62754e-02
2.92931e+01 -2.00953e+00 -2.12620e-02
2.93031e+01 -2.00961e+00 2.79721e-03
2.93141e+01 -2.00949e+00 1.87706e-02
2.93263e+01 -2.00919e+00 2.88583e-02
2.93399e+01 -2.00875e+00 3.49245e-02
2.93555e+01 -2.00818e+00 3.83490e-02
2.93736e+01 -2.00746e+00 4.01320e-02
2.93952e+01 -2.00659e+00 4.09715e-02
2.94217e+01 -2.00549e+00 4.13260e-02
2.94558e+01 -2.00408e+00 4.14726e-02
2.95028e+01 -2.00213e+00 4.15606e-02
2.95743e+01 -1.99916e+00 4.16658e-02
2.96960e+01 -1.99407e+00 4.18433e-02
2.98662e+01 -1.98693e+00 4.20957e-02
3.00572e+01 -1.97886e+00 4.23826e-02
3.03317e+01 -1.96717e+00 4.28083e-02
3.08607e+01 -1.94430e+00 4.36705e-02
3.14494e+01 -1.91829e+00 4.46992e-02
3.20382e+01 -1.89166e+00 4.58096e-02
3.25482e+01 -1.86803e+00 4.68458e-02
3.30582e+01 -1.84386e+00 4.79634e-02
3.35682e+01 -1.81910e+00 4.91724e-02
3.40782e+01 -1.79369e+00 5.04858e-02
3.45882e+01 -1.76758e+00 5.19201e-02
3.50262e+01 -1.74455e+00 5.32616e-02
3.54642e+01 -1.72091e+00 5.47238e-02
3.59022e+01 -1.69660e+00 5.63243e-02
3.63402e+01 -1.67155e+00 5.80866e-02
3.67782e+01 -1.64569e+00 6.00402e-02
3.71494e+01 -1.62306e+00 6.18721e-02
3.75207e+01 -1.59972e+00 6.38990e-02
3.78920e+01 -1.57559e+00 6.61563e-02
3.82633e+01 -1.55057e+00 6.86914e-02
3.85876e+01 -1.52789e+00 7.11806e-02
3.89120e+01 -1.50436e+00 7.39849e-02
3.92363e+01 -1.47985e+00 7.71749e-02
3.95607e+01 -1.45424e+00 8.08479e-02
3.98381e+01 -1.43133e+00 8.44703e-02
4.01154e+01 -1.40733e+00 8.86616e-02
4.03928e+01 -1.38208e+00 9.35815e-02
4.06998e+01 -1.35237e+00 1.00171e-01
4.09645e+01 -1.32496e+00 1.07177e-01
4.12292e+01 -1.29548e+00 1.15937e-01
4.14434e+01 -1.26973e+00 1.24866e-01
4.16575e+01 -1.24182e+00 1.36215e-01
4.18345e+01 -1.21669e+00 1.48277e-01
4.20115e+01 -1.18912e+00 1.64016e-01
4.21609e+01 -1.16335e+00 1.81675e-01
4.23104e+01 -1.13451e+00 2.05682e-01
4.24409e+01 -1.10584e+00 2.35090e-01
4.25715e+01 -1.07254e+00 2.78016e-01
4.27021e+01 -1.03218e+00 3.46025e-01
4.28063e+01 -9.91806e-01 4.35935e-01
4.28807e+01 -9.55836e-01 5.38124e-01
4.29476e+01 -9.15433e-01 6.81191e-01
4.30192e+01 -8.58295e-01 9.39725e-01
4.30707e+01 -8.02337e-01 1.26039e+00
4.30992e+01 -7.62783e-01 1.52794e+00
4.31278e+01 -7.14056e-01 1.90344e+00
4.31522e+01 -6.62554e-01 2.35367e+00
4.31731e+01 -6.07851e-01 2.88889e+00
4.31914e+01 -5.49529e-01 3.51990e+00
4.32075e+01 -4.87359e-01 4.25527e+00
4.32235e+01 -4.11566e-01 5.22963e+00
4.32357e+01 -3.42342e-01 6.18399e+00
4.32486e+01 -2.54374e-01 7.46916e+00
4.32592e+01 -1.68655e-01 8.78072e+00
4.32698e+01 -6.76038e-02 1.03749e+01
4.32804e+01 5.19660e-02 1.22857e+01
4.32910e+01 1.93439e-01 1.45101e+01
4.33015e+01 3.59764e-01 1.69587e+01
4.33129e+01 5.66572e-01 1.95407e+01
4.33210e+01 7.32568e-01 2.10646e+01
4.33297e+01 9.19877e-01 2.19998e+01
4.33377e+01 1.09568e+00 2.19406e+01
4.33436e+01 1.22317e+00 2.12287e+01
4.33491e+01 1.33847e+00 2.00380e+01
4.33550e+01 1.45110e+00 1.83242e+01
4.33609e+01 1.55262e+00 1.62744e+01
4.33667e+01 1.64156e+00 1.40575e+01
4.33726e+01 1.71741e+00 1.18374e+01
4.33790e+01 1.78552e+00 9.57267e+00
4.33844e+01 1.83255e+00 7.85271e+00
4.33901e+01 1.87306e+00 6.26511e+00
4.33959e+01 1.90517e+00 4.93437e+00
4.34016e+01 1.93033e+00 3.84539e+00
4.34074e+01 1.94985e+00 2.97085e+00
4.34131e+01 1.96488e+00 2.27875e+00
4.34189e+01 1.97637e+00 1.73717e+00
4.34247e+01 1.98511e+00 1.31703e+00
4.34304e+01 1.99172e+00 9.93265e-01
4.34362e+01 1.99669e+00 7.45012e-01
4.34423e+01 2.00064e+00 5.43558e-01
4.34488e+01 2.00364e+00 3.86322e-01
4.34557e+01 2.00585e+00 2.65332e-01
4.34630e+01 2.00744e+00 1.73744e-01
4.34709e+01 2.00852e+00 1.05712e-01
4.34793e+01 2.00919e+00 5.62754e-02
4.34885e+01 2.00953e+00 2.12620e-02
4.34984e+01 2.00961e+00 -2.79721e-03
4.35094e+01 2.00949e+00 -1.87706e-02
4.35216e+01 2.00919e+00 -2.88583e-02
4.35353e+01 2.00875e+00 -3.49245e-02
4.35509e+01 2.00818e+00 -3.83490e-02
4.35690e+01 2.00746e+00 -4.01320e-02
4.35906e+01 2.00659e+00 -4.09715e-02
4.36171e+01 2.00549e+00 -4.13260e-02
4.36512e+01 2.00408e+00 -4.14726e-02
4.36981e+01 2.00213e+00 -4.15606e-02
4.37696e+01 1.99916e+00 -4.16658e-02
4.38914e+01 1.99407e+00 -4.18433e-02
4.40616e+01 1.98693e+00 -4.20957e-02
4.42526e+01 1.97886e+00 -4.23826e-02
4.45271e+01 1.96717e+00 -4.28083e-02
4.50560e+01 1.94430e+00 -4.36705e-02
4.56448e+01 1.91829e+00 -4.46992e-02
4.62335e+01 1.89166e+00 -4.58096e-02
4.67435e+01 1.86803e+00 -4.68458e-02
4.72536e+01 1.84386e+00 -4.79634e-02
4.77636e+01 1.81910e+00 -4.91724e-02
4.82736e+01 1.79369e+00 -5.04858e-02
4.87836e+01 1.76758e+00 -5.19201e-02
4.92216e+01 1.74455e+00 -5.32616e-02
4.96596e+01 1.72091e+00 -5.47238e-02
5.00976e+01 1.69660e+00 -5.63243e-02
5.05355e+01 1.67155e+00 -5.80866e-02
5.09735e+01 1.64569e+00 -6.00402e-02
5.13448e+01 1.62306e+00 -6.18721e-02
5.17161e+01 1.59972e+00 -6.38990e-02
5.20874e+01 1.57559e+00 -6.61563e-02
5.24586e+01 1.55057e+00 -6.86914e-02
5.27830e+01 1.52789e+00 -7.11806e-02
5.31073e+01 1.50436e+00 -7.39849e-02
5.34317e+01 1.47985e+00 -7.71749e-02
5.37561e+01 1.45424e+00 -8.08479e-02
5.40334e+01 1.43133e+00 -8.44703e-02
5.43108e+01 1.40733e+00 -8.86616e-02
5.45881e+01 1.38208e+00 -9.35815e-02
5.48952e+01 1.35237e+00 -1.00171e-01
5.51599e+01 1.32496e+00 -1.07177e-01
5.54246e+01 1.29548e+00 -1.15937e-01
5.56387e+01 1.26973e+00 -1.24866e-01
5.58529e+01 1.24182e+00 -1.36215e-01
5.60299e+01 1.21669e+00 -1.48277e-01
5.62069e+01 1.18912e+00 -1.64016e-01
5.63563e+01 1.16335e+00 -1.81675e-01
5.65058e+01 1.13451e+00 -2.05682e-01
5.66363e+01 1.10584e+00 -2.35090e-01
5.67669e+01 1.07254e+00 -2.78016e-01
5.68974e+01 1.03218e+00 -3.46025e-01
5.70017e+01 9.91806e-01 -4.35935e-01
5.70761e+01 9.55836e-01 -5.38124e-01
5.71430e+01 9.15433e-01 -6.81191e-01
5.72146e+01 8.58295e-01 -9.39725e-01
5.72661e+01 8.02337e-01 -1.26039e+00
5.72946e+01 7.62783e-01 -1.52794e+00
5.73232e+01 7.14056e-01 -1.90344e+00
5.73475e+01 6.62554e-01 -2.35367e+00
5.73685e+01 6.07851e-01 -2.88889e+00
5.73868e+01 5.49529e-01 -3.51990e+00
5.74029e+01 4.87359e-01 -4.25527e+00
5.74189e+01 4.11566e-01 -5.22963e+00
5.74311e+01 3.42342e-01 -6.18399e+00
5.74440e+01 2.54374e-01 -7.46916e+00
5.74546e+01 1.68655e-01 -8.78072e+00
5.74652e+01 6.76038e-02 -1.03749e+01
5.74758e+01 -5.19660e-02 -1.22857e+01
5.74863e+01 -1.93439e-01 -1.45101e+01
5.74969e+01 -3.59764e-01 -1.69587e+01
5.75082e+01 -5.66572e-01 -1.95407e+01
5.75164e+01 -7.32568e-01 -2.10646e+01
5.75251e+01 -9.19877e-01 -2.19998e+01
5.75330e+01 -1.09568e+00 -2.19406e+01
5.75389e+01 -1.22317e+00 -2.12287e+01
5.75445e+01 -1.33847e+00 -2.00380e+01
5.75504e+01 -1.45110e+00 -1.83242e+01
5.75562e+01 -1.55262e+00 -1.62744e+01
5.75621e+01 -1.64156e+00 -1.40575e+01
5.75679e+01 -1.71741e+00 -1.18374e+01
5.75743e+01 -1.78552e+00 -9.57267e+00
5.75797e+01 -1.83255e+00 -7.85271e+00
5.75855e+01 -1.87306e+00 -6.26511e+00
5.75912e+01 -1.90517e+00 -4.93437e+00
5.75970e+01 -1.93033e+00 -3.84539e+00
5.76028e+01 -1.94985e+00 -2.97085e+00
5.76085e+01 -1.96488e+00 -2.27875e+00
5.76143e+01 -1.97637e+00 -1.73717e+00
5.76200e+01 -1.98511e+00 -1.31703e+00
5.76258e+01 -1.99172e+00 -9.93265e-01
5.76315e+01 -1.99669e+00 -7.45012e-01
5.76377e+01 -2.00064e+00 -5.43558e-01
5.76442e+01 -2.00364e+00 -3.86322e-01
5.76511e+01 -2.00585e+00 -2.65332e-01
5.76584e+01 -2.00744e+00 -1.73744e-01
5.76662e+01 -2.00852e+00 -1.05712e-01
5.76747e+01 -2.00919e+00 -5.62754e-02
5.76838e+01 -2.00953e+00 -2.12620e-02
5.76938e+01 -2.00961e+00 2.79721e-03
5.77048e+01 -2.00949e+00 1.87706e-02
5.77170e+01 -2.00919e+00 2.88583e-02
5.77307e+01 -2.00875e+00 3.49245e-02
5.77463e+01 -2.00818e+00 3.83490e-02
5.77644e+01 -2.00746e+00 4.01320e-02
5.77859e+01 -2.00659e+00 4.09715e-02
5.78125e+01 -2.00549e+00 4.13260e-02
5.78466e+01 -2.00408e+00 4.14726e-02
5.78935e+01 -2.00213e+00 4.15606e-02
5.79650e+01 -1.99916e+00 4.16658e-02
5.80868e+01 -1.99407e+00 4.18433e-02
5.82569e+01 -1.98693e+00 4.20957e-02
5.84479e+01 -1.97886e+00 4.23826e-02
5.87224e+01 -1.96717e+00 4.28083e-02
5.92514e+01 -1.94430e+00 4.36705e-02
5.98402e+01 -1.91829e+00 4.46992e-02
6.04289e+01 -1.89166e+00 4.58096e-02
6.09389e+01 -1.86803e+00 4.68458e-02
6.14489e+01 -1.84386e+00 4.79634e-02
6.19589e+01 -1.81910e+00 4.91724e-02
6.24689e+01 -1.79369e+00 5.04858e-02
6.29790e+01 -1.76758e+00 5.19201e-02
6.34169e+01 -1.74455e+00 5.32616e-02
6.38549e+01 -1.72091e+00 5.47238e-02
6.42929e+01 -1.69660e+00 5.63243e-02
6.47309e+01 -1.67155e+00 5.80866e-02
6.51689e+01 -1.64569e+00 6.00402e-02
6.55402e+01 -1.62306e+00 6.18721e-02
6.59114e+01 -1.59972e+00 6.38990e-02
6.62827e+01 -1.57559e+00 6.61563e-02
6.66540e+01 -1.55057e+00 6.86914e-02
6.69784e+01 -1.52789e+00 7.11806e-02
6.73027e+01 -1.50436e+00 7.39849e-02
6.76271e+01 -1.47985e+00 7.71749e-02
6.79514e+01 -1.45424e+00 8.08479e-02
6.82288e+01 -1.43133e+00 8.44703e-02
6.85061e+01 -1.40733e+00 8.86616e-02
6.87835e+01 -1.38208e+00 9.35815e-02
6.90906e+01 -1.35237e+00 1.00171e-01
6.93553e+01 -1.32496e+00 1.07177e-01
6.96200e+01 -1.29548e+00 1.15937e-01
6.98341e+01 -1.26973e+00 1.24866e-01
7.00483e+01 -1.24182e+00 1.36215e-01
7.02252e+01 -1.21669e+00 1.48277e-01
7.04022e+01 -1.18912e+00 1.64016e-01
7.05517e+01 -1.16335e+00 1.81675e-01
7.07011e+01 -1.13451e+00 2.05682e-01
7.08317e+01 -1.10584e+00 2.35090e-01
7.09623e+01 -1.07254e+00 2.78016e-01
7.10928e+01 -1.03218e+00 3.46025e-01
7.11971e+01 -9.91806e-01 4.35935e-01
7.12715e+01 -9.55836e-01 5.38124e-01
7.13383e+01 -9.15433e-01 6.81191e-01
7.14100e+01 -8.58295e-01 9.39725e-01
7.14615e+01 -8.02337e-01 1.26039e+00
7.14900e+01 -7.62783e-01 1.52794e+00
7.15186e+01 -7.14056e-01 1.90344e+00
7.15429e+01 -6.62554e-01 2.35367e+00
7.15639e+01 -6.07851e-01 2.88889e+00
7.15822e+01 -5.49529e-01 3.51990e+00
7.15982e+01 -4.87359e-01 4.25527e+00
7.16143e+01 -4.11566e-01 5.22963e+00
7.16265e+01 -3.42342e-01 6.18399e+00
7.16394e+01 -2.54374e-01 7.46916e+00
7.16500e+01 -1.68655e-01 8.78072e+00
7.16605e+01 -6.76038e-02 1.03749e+01
7.16711e+01 5.19660e-02 1.22857e+01
7.16817e+01 1.93439e-01 1.45101e+01
7.16923e+01 3.59764e-01 1.69587e+01
7.17036e+01 5.66572e-01 1.95407e+01
7.17118e+01 7.32568e-01 2.10646e+01
7.17204e+01 9.19877e-01 2.19998e+01
7.17284e+01 1.09568e+00 2.19406e+01
7.17343e+01 1.22317e+00 2.12287e+01
7.17399e+01 1.33847e+00 2.00380e+01
7.17457e+01 1.45110e+00 1.83242e+01
7.17516e+01 1.55262e+00 1.62744e+01
7.17575e+01 1.64156e+00 1.40575e+01
7.17633e+01 1.71741e+00 1.18374e+01
7.17697e+01 1.78552e+00 9.57267e+00
7.17751e+01 1.83255e+00 7.85271e+00
7.17809e+01 1.87306e+00 6.26511e+00
7.17866e+01 1.90517e+00 4.93437e+00
7.17924e+01 1.93033e+00 3.84539e+00
7.17981e+01 1.94985e+00 2.97085e+00
7.18039e+01 1.96488e+00 2.27875e+00
7.18096e+01 1.97637e+00 1.73717e+00
7.18154e+01 1.98511e+00 1.31703e+00
7.18212e+01 1.99172e+00 9.93265e-01
7.18269e+01 1.99669e+00 7.45012e-01
7.18331e+01 2.00064e+00 5.43558e-01
7.18396e+01 2.00364e+00 3.86322e-01
7.18465e+01 2.00585e+00 2.65332e-01
7.18538e+01 2.00744e+00 1.73744e-01
7.18616e+01 2.00852e+00 1.05712e-01
7.18701e+01 2.00919e+00 5.62754e-02
7.18792e+01 2.00953e+00 2.12620e-02
7.18892e+01 2.00961e+00 -2.79721e-03
7.19002e+01 2.00949e+00 -1.87706e-02
7.19124e+01 2.00919e+00 -2.88583e-02
7.19260e+01 2.00875e+00 -3.49245e-02
7.19416e+01 2.00818e+00 -3.83490e-02
7.19597e+01 2.00746e+00 -4.01320e-02
7.19813e+01 2.00659e+00 -4.09715e-02
7.20078e+01 2.00549e+00 -4.13260e-02
7.20420e+01 2.00408e+00 -4.14726e-02
7.20889e+01 2.00213e+00 -4.15606e-02
7.21604e+01 1.99916e+00 -4.16658e-02
7.22822e+01 1.99407e+00 -4.18433e-02
7.24523e+01 1.98693e+00 -4.20957e-02
7.26433e+01 1.97886e+00 -4.23826e-02
7.29178e+01 1.96717e+00 -4.28083e-02
7.34468e+01 1.94430e+00 -4.36705e-02
7.40355e+01 1.91829e+00 -4.46992e-02
7.46243e+01 1.89166e+00 -4.58096e-02
7.51343e+01 1.86803e+00 -4.68458e-02
7.56443e+01 1.84386e+00 -4.79634e-02
7.61543e+01 1.81910e+00 -4.91724e-02
7.66643e+01 1.79369e+00 -5.04858e-02
7.71743e+01 1.76758e+00 -5.19201e-02
7.76123e+01 1.74455e+00 -5.32616e-02
7.80503e+01 1.72091e+00 -5.47238e-02
7.84883e+01 1.69660e+00 -5.63243e-02
7.89263e+01 1.67155e+00 -5.80866e-02
7.93643e+01 1.64569e+00 -6.00402e-02
7.97355e+01 1.62306e+00 -6.18721e-02
8.01068e+01 1.59972e+00 -6.38990e-02
8.04781e+01 1.57559e+00 -6.61563e-02
8.08494e+01 1.55057e+00 -6.86914e-02
8.11737e+01 1.52789e+00 -7.11806e-02
8.14981e+01 1.50436e+00 -7.39849e-02
8.18224e+01 1.47985e+00 -7.71749e-02
8.21468e+01 1.45424e+00 -8.08479e-02
8.24242e+01 1.43133e+00 -8.44703e-02
8.27015e+01 1.40733e+00 -8.86616e-02
8.29789e+01 1.38208e+00 -9.35815e-02
8.32859e+01 1.35237e+00 -1.00171e-01
8.35506e+01 1.32496e+00 -1.07177e-01
8.38153e+01 1.29548e+00 -1.15937e-01
8.40295e+01 1.26973e+00 -1.24866e-01
8.42436e+01 1.24182e+00 -1.36215e-01
8.44206e+01 1.21669e+00 -1.48277e-01
8.45976e+01 1.18912e+00 -1.64016e-01
8.47470e+01 1.16335e+00 -1.81675e-01
8.48965e+01 1.13451e+00 -2.05682e-01
8.50271e+01 1.10584e+00 -2.35090e-01
8.51576e+01 1.07254e+00 -2.78016e-01
8.52882e+01 1.03218e+00 -3.46025e-01
8.53924e+01 9.91806e-01 -4.35935e-01
8.54668e+01 9.55836e-01 -5.38124e-01
8.55337e+01 9.15433e-01 -6.81191e-01
8.56053e+01 8.58295e-01 -9.39725e-01
8.56568e+01 8.02337e-01 -1.26039e+00
8.56853e+01 7.62783e-01 -1.52794e+00
8.57139e+01 7.14056e-01 -1.90344e+00
8.57383e+01 6.62554e-01 -2.35367e+00
8.57592e+01 6.07851e-01 -2.88889e+00
8.57775e+01 5.49529e-01 -3.51990e+00
8.57936e+01 4.87359e-01 -4.25527e+00
8.58097e+01 4.11566e-01 -5.22963e+00
8.58218e+01 3.42342e-01 -6.18399e+00
8.58348e+01 2.54374e-01 -7.46916e+00
8.58453e+01 1.68655e-01 -8.78072e+00
8.58559e+01 6.76038e-02 -1.03749e+01
8.58665e+01 -5.19660e-02 -1.22857e+01
8.58771e+01 -1.93439e-01 -1.45101e+01
8.58877e+01 -3.59764e-01 -1.69587e+01
8.58990e+01 -5.66572e-01 -1.95407e+01
8.59071e+01 -7.32568e-01 -2.10646e+01
8.59158e+01 -9.19877e-01 -2.19998e+01
8.59238e+01 -1.09568e+00 -2.19406e+01
8.59297e+01 -1.22317e+00 -2.12287e+01
8.59352e+01 -1.33847e+00 -2.00380e+01
8.59411e+01 -1.45110e+00 -1.83242e+01
8.59470e+01 -1.55262e+00 -1.62744e+01
8.59528e+01 -1.64156e+00 -1.40575e+01
8.59587e+01 -1.71741e+00 -1.18374e+01
8.59651e+01 -1.78552e+00 -9.57267e+00
8.59705e+01 -1.83255e+00 -7.85271e+00
8.59762e+01 -1.87306e+00 -6.26511e+00
8.59820e+01 -1.90517e+00 -4.93437e+00
8.59877e+01 -1.93033e+00 -3.84539e+00
8.59935e+01 -1.94985e+00 -2.97085e+00
8.59993e+01 -1.96488e+00 -2.27875e+00
8.60050e+01 -1.97637e+00 -1.73717e+00
8.60108e+01 -1.98511e+00 -1.31703e+00
8.60165e+01 -1.99172e+00 -9.93265e-01
8.60223e+01 -1.99669e+00 -7.45012e-01
8.60285e+01 -2.00064e+00 -5.43558e-01
8.60350e+01 -2.00364e+00 -3.86322e-01
8.60418e+01 -2.00585e+00 -2.65332e-01
8.60492e+01 -2.00744e+00 -1.73744e-01
8.60570e+01 -2.00852e+00 -1.05712e-01
8.60654e+01 -2.00919e+00 -5.62754e-02
8.60746e+01 -2.00953e+00 -2.12620e-02
8.60845e+01 -2.00961e+00 2.79721e-03
8.60956e+01 -2.00949e+00 1.87706e-02
8.61077e+01 -2.00919e+00 2.88583e-02
8.61214e+01 -2.00875e+00 3.49245e-02
8.61370e+01 -2.00818e+00 3.83490e-02
8.61551e+01 -2.00746e+00 4.01320e-02
8.61767e+01 -2.00659e+00 4.09715e-02
8.62032e+01 -2.00549e+00 4.13260e-02
8.62373e+01 -2.00408e+00 4.14726e-02
8.62843e+01 -2.00213e+00 4.15606e-02
8.63557e+01 -1.99916e+00 4.16658e-02
8.64775e+01 -1.99407e+00 4.18433e-02
8.66477e+01 -1.98693e+00 4.20957e-02
8.68387e+01 -1.97886e+00 4.23826e-02
8.71132e+01 -1.96717e+00 4.28083e-02
8.76422e+01 -1.94430e+00 4.36705e-02
8.82309e+01 -1.91829e+00 4.46992e-02
8.88196e+01 -1.89166e+00 4.58096e-02
8.93296e+01 -1.86803e+00 4.68458e-02
8.98397e+01 -1.84386e+00 4.79634e-02
9.03497e+01 -1.81910e+00 4.91724e-02
9.08597e+01 -1.79369e+00 5.04858e-02
9.13697e+01 -1.76758e+00 5.19201e-02
9.18077e+01 -1.74455e+00 5.32616e-02
9.22457e+01 -1.72091e+00 5.47238e-02
9.26837e+01 -1.69660e+00 5.63243e-02
9.31217e+01 -1.67155e+00 5.80866e-02
9.35596e+01 -1.64569e+00 6.00402e-02
9.39309e+01 -1.62306e+00 6.18721e-02
9.43022e+01 -1.59972e+00 6.38990e-02
9.46735e+01 -1.57559e+00 6.61563e-02
9.50447e+01 -1.55057e+00 6.86914e-02
9.53691e+01 -1.52789e+00 7.11806e-02
9.56935e+01 -1.50436e+00 7.39849e-02
9.60178e+01 -1.47985e+00 7.71749e-02
9.63422e+01 -1.45424e+00 8.08479e-02
9.66195e+01 -1.43133e+00 8.44703e-02
9.68969e+01 -1.40733e+00 8.86616e-02
9.71742e+01 -1.38208e+00 9.35815e-02
9.74813e+01 -1.35237e+00 1.00171e-01
9.77460e+01 -1.32496e+00 1.07177e-01
9.80107e+01 -1.29548e+00 1.15937e-01
9.82249e+01 -1.26973e+00 1.24866e-01
9.84390e+01 -1.24182e+00 1.36215e-01
9.86160e+01 -1.21669e+00 1.48277e-01
9.87930e+01 -1.18912e+00 1.64016e-01
9.89424e+01 -1.16335e+00 1.81675e-01
9.90919e+01 -1.13451e+00 2.05682e-01
9.92224e+01 -1.10584e+00 2.35090e-01
9.93530e+01 -1.07254e+00 2.78016e-01
9.94836e+01 -1.03218e+00 3.46025e-01
9.95878e+01 -9.91806e-01 4.35935e-01
9.96622e+01 -9.55836e-01 5.38124e-01
9.97291e+01 -9.15433e-01 6.81191e-01
9.98007e+01 -8.58295e-01 9.39725e-01
9.98522e+01 -8.02337e-01 1.26039e+00
9.98807e+01 -7.62783e-01 1.52794e+00
9.99093e+01 -7.14056e-01 1.90344e+00
9.99336e+01 -6.62554e-01 2.35367e+00
9.99546e+01 -6.07851e-01 2.88889e+00
9.99729e+01 -5.49529e-01 3.51990e+00
9.99890e+01 -4.87359e-01 4.25527e+00
1.00000e+02 -4.37001e-01 4.89382e+00
