1.00000e-06 1.00000e+00 -1.00000e-06
6.00000e-06 1.00000e+00 -6.00000e-06
3.10000e-05 1.00000e+00 -3.10000e-05
1.56000e-04 1.00000e+00 -1.56000e-04
7.81000e-04 1.00000e+00 -7.81000e-04
3.90600e-03 9.99992e-01 -3.90599e-03
1.95310e-02 9.99809e-01 -1.95303e-02
9.76560e-02 9.95229e-01 -9.78417e-02
2.21415e-01 9.75185e-01 -2.28755e-01
3.09855e-01 9.50168e-01 -3.41438e-01
3.89707e-01 9.17763e-01 -4.78123e-01
4.63154e-01 8.76271e-01 -6.65589e-01
5.36601e-01 8.16966e-01 -9.79611e-01
5.67597e-01 7.83583e-01 -1.18443e+00
6.01617e-01 7.38304e-01 -1.49615e+00
6.30613e-01 6.89760e-01 -1.87365e+00
6.55456e-01 6.37908e-01 -2.32502e+00
6.76957e-01 5.82459e-01 -2.86001e+00
6.95789e-01 5.22951e-01 -3.49011e+00
7.12413e-01 4.59100e-01 -4.22481e+00
7.29036e-01 3.81195e-01 -5.19352e+00
7.41810e-01 3.08964e-01 -6.15191e+00
7.55310e-01 2.17626e-01 -7.42962e+00
7.66514e-01 1.27254e-01 -8.74592e+00
7.77717e-01 2.06343e-02 -1.03358e+01
7.88921e-01 -1.05446e-01 -1.22206e+01
8.00124e-01 -2.54206e-01 -1.43738e+01
8.11328e-01 -4.28064e-01 -1.66678e+01
8.20625e-01 -5.91603e-01 -1.84731e+01
8.29828e-01 -7.68508e-01 -1.98863e+01
8.39030e-01 -9.55421e-01 -2.05908e+01
8.46508e-01 -1.10924e+00 -2.04269e+01
8.53366e-01 -1.24691e+00 -1.96146e+01
8.59293e-01 -1.35984e+00 -1.84214e+01
8.65490e-01 -1.46907e+00 -1.67714e+01
8.71688e-01 -1.56714e+00 -1.48417e+01
8.77885e-01 -1.65277e+00 -1.27860e+01
8.84082e-01 -1.72566e+00 -1.07487e+01
8.91271e-01 -1.79489e+00 -8.55612e+00
8.97181e-01 -1.84066e+00 -6.96349e+00
9.03092e-01 -1.87765e+00 -5.58950e+00
9.09003e-01 -1.90717e+00 -4.43527e+00
9.14914e-01 -1.93048e+00 -3.48600e+00
9.20824e-01 -1.94874e+00 -2.71828e+00
9.26735e-01 -1.96292e+00 -2.10550e+00
9.32646e-01 -1.97388e+00 -1.62140e+00
9.38557e-01 -1.98230e+00 -1.24198e+00
9.44683e-01 -1.98893e+00 -9.36993e-01
9.51067e-01 -1.99410e+00 -6.94201e-01
9.57758e-01 -1.99807e+00 -5.02961e-01
9.64809e-01 -2.00107e+00 -3.54196e-01
9.72278e-01 -2.00326e+00 -2.40142e-01
9.80233e-01 -2.00481e+00 -1.54159e-01
9.88756e-01 -2.00584e+00 -9.05879e-02
9.97942e-01 -2.00644e+00 -4.46412e-02
1.00791e+00 -2.00672e+00 -1.23024e-02
1.01881e+00 -2.00672e+00 9.75604e-03
1.03084e+00 -2.00651e+00 2.42497e-02
1.04419e+00 -2.00612e+00 3.33187e-02
1.05921e+00 -2.00557e+00 3.87097e-02
1.07641e+00 -2.00488e+00 4.17098e-02
1.09648e+00 -2.00402e+00 4.32456e-02
1.12053e+00 -2.00297e+00 4.39569e-02
1.15035e+00 -2.00166e+00 4.42582e-02
1.18917e+00 -1.99994e+00 4.43950e-02
1.24349e+00 -1.99752e+00 4.44984e-02
1.32804e+00 -1.99375e+00 4.46399e-02
1.46631e+00 -1.98756e+00 4.48729e-02
1.64010e+00 -1.97974e+00 4.51698e-02
1.93383e+00 -1.96640e+00 4.56877e-02
2.45651e+00 -1.94227e+00 4.66602e-02
3.02126e+00 -1.91560e+00 4.77895e-02
3.58600e+00 -1.88827e+00 4.90114e-02
4.07456e+00 -1.86405e+00 5.01528e-02
4.56311e+00 -1.83926e+00 5.13864e-02
5.05167e+00 -1.81383e+00 5.27240e-02
5.54022e+00 -1.78772e+00 5.41812e-02
6.02878e+00 -1.76087e+00 5.57773e-02
6.44792e+00 -1.73718e+00 5.72736e-02
6.86706e+00 -1.71284e+00 5.89096e-02
7.28620e+00 -1.68778e+00 6.07068e-02
7.70534e+00 -1.66192e+00 6.26939e-02
8.12448e+00 -1.63519e+00 6.49072e-02
8.47891e+00 -1.61183e+00 6.69878e-02
8.83334e+00 -1.58768e+00 6.93011e-02
9.18777e+00 -1.56267e+00 7.18921e-02
9.54221e+00 -1.53668e+00 7.48215e-02
9.85129e+00 -1.51312e+00 7.77133e-02
1.01604e+01 -1.48860e+00 8.09959e-02
1.04695e+01 -1.46300e+00 8.47639e-02
1.07786e+01 -1.43614e+00 8.91490e-02
1.10876e+01 -1.40781e+00 9.43354e-02
1.14177e+01 -1.37560e+00 1.01079e-01
1.16938e+01 -1.34677e+00 1.08039e-01
1.19698e+01 -1.31579e+00 1.16720e-01
1.21923e+01 -1.28888e+00 1.25506e-01
1.24148e+01 -1.25977e+00 1.36627e-01
1.25985e+01 -1.23363e+00 1.48377e-01
1.27822e+01 -1.20504e+00 1.63615e-01
1.29372e+01 -1.17843e+00 1.80574e-01
1.30922e+01 -1.14877e+00 2.03429e-01
1.32268e+01 -1.11963e+00 2.30957e-01
1.33615e+01 -1.08604e+00 2.70522e-01
1.34961e+01 -1.04581e+00 3.31882e-01
1.36097e+01 -1.00370e+00 4.16631e-01
1.36934e+01 -9.64937e-01 5.17093e-01
1.37633e+01 -9.24554e-01 6.48185e-01
1.38283e+01 -8.76659e-01 8.42327e-01
1.38932e+01 -8.12210e-01 1.17434e+00
1.39245e+01 -7.71727e-01 1.42544e+00
1.39555e+01 -7.22544e-01 1.77437e+00
1.39821e+01 -6.70000e-01 2.19881e+00
1.40050e+01 -6.14196e-01 2.70525e+00
1.40248e+01 -5.54753e-01 3.30368e+00
1.40423e+01 -4.91467e-01 4.00201e+00
1.40597e+01 -4.14131e-01 4.93153e+00
1.40728e+01 -3.43736e-01 5.84038e+00
1.40867e+01 -2.53910e-01 7.07075e+00
1.40981e+01 -1.66543e-01 8.32490e+00
1.41095e+01 -6.33919e-02 9.85167e+00
1.41209e+01 5.88496e-02 1.16830e+01
1.41323e+01 2.03667e-01 1.38126e+01
1.41436e+01 3.74028e-01 1.61454e+01
1.41539e+01 5.50020e-01 1.82102e+01
1.41629e+01 7.21723e-01 1.97323e+01
1.41723e+01 9.12032e-01 2.06658e+01
1.41820e+01 1.11408e+00 2.05660e+01
1.41885e+01 1.24465e+00 1.97900e+01
1.41944e+01 1.35846e+00 1.85955e+01
1.42006e+01 1.46847e+00 1.69386e+01
1.42068e+01 1.56727e+00 1.49956e+01
1.42130e+01 1.65357e+00 1.29220e+01
1.42191e+01 1.72704e+00 1.08644e+01
1.42263e+01 1.79631e+00 8.66587e+00
1.42321e+01 1.84240e+00 7.05797e+00
1.42382e+01 1.88082e+00 5.62571e+00
1.42443e+01 1.91125e+00 4.42942e+00
1.42504e+01 1.93510e+00 3.45250e+00
1.42564e+01 1.95361e+00 2.66869e+00
1.42625e+01 1.96787e+00 2.04842e+00
1.42686e+01 1.97878e+00 1.56276e+00
1.42747e+01 1.98708e+00 1.18558e+00
1.42807e+01 1.99336e+00 8.94475e-01
1.42871e+01 1.99830e+00 6.60615e-01
1.42939e+01 2.00209e+00 4.76735e-01
1.43009e+01 2.00493e+00 3.34001e-01
1.43084e+01 2.00701e+00 2.24843e-01
1.43164e+01 2.00846e+00 1.42788e-01
1.43250e+01 2.00941e+00 8.23256e-02
1.43343e+01 2.00995e+00 3.87973e-02
1.43444e+01 2.01018e+00 8.30244e-03
1.43554e+01 2.01015e+00 -1.23837e-02
1.43675e+01 2.00991e+00 -2.58764e-02
1.43811e+01 2.00950e+00 -3.42579e-02
1.43963e+01 2.00893e+00 -3.91931e-02
1.44138e+01 2.00822e+00 -4.19063e-02
1.44344e+01 2.00734e+00 -4.32742e-02
1.44591e+01 2.00626e+00 -4.38970e-02
1.44899e+01 2.00490e+00 -4.41585e-02
1.45305e+01 2.00311e+00 -4.42825e-02
1.45880e+01 2.00056e+00 -4.43867e-02
1.46794e+01 1.99650e+00 -4.45379e-02
1.48256e+01 1.98997e+00 -4.47826e-02
1.50029e+01 1.98200e+00 -4.50834e-02
1.52900e+01 1.96898e+00 -4.55863e-02
1.58113e+01 1.94497e+00 -4.65489e-02
1.63775e+01 1.91830e+00 -4.76723e-02
1.69437e+01 1.89097e+00 -4.88876e-02
1.74338e+01 1.86674e+00 -5.00232e-02
1.79239e+01 1.84193e+00 -5.12502e-02
1.84140e+01 1.81649e+00 -5.25804e-02
1.89041e+01 1.79037e+00 -5.40291e-02
1.93942e+01 1.76351e+00 -5.56155e-02
1.98147e+01 1.73982e+00 -5.71026e-02
2.02353e+01 1.71547e+00 -5.87280e-02
2.06558e+01 1.69040e+00 -6.05130e-02
2.10763e+01 1.66455e+00 -6.24859e-02
2.14969e+01 1.63782e+00 -6.46824e-02
2.18526e+01 1.61445e+00 -6.67470e-02
2.22084e+01 1.59030e+00 -6.90417e-02
2.25641e+01 1.56529e+00 -7.16105e-02
2.29198e+01 1.53931e+00 -7.45130e-02
2.32302e+01 1.51575e+00 -7.73774e-02
2.35405e+01 1.49125e+00 -8.06267e-02
2.38508e+01 1.46567e+00 -8.43536e-02
2.41611e+01 1.43884e+00 -8.86868e-02
2.44714e+01 1.41055e+00 -9.38061e-02
2.48045e+01 1.37823e+00 -1.00489e-01
2.50832e+01 1.34930e+00 -1.07389e-01
2.53619e+01 1.31821e+00 -1.15990e-01
2.55863e+01 1.29124e+00 -1.24683e-01
2.58107e+01 1.26208e+00 -1.35675e-01
2.59958e+01 1.23593e+00 -1.47266e-01
2.61810e+01 1.20735e+00 -1.62280e-01
2.63370e+01 1.18079e+00 -1.78948e-01
2.64930e+01 1.15122e+00 -2.01366e-01
2.66283e+01 1.12225e+00 -2.28243e-01
2.67636e+01 1.08894e+00 -2.66732e-01
2.68989e+01 1.04915e+00 -3.26131e-01
2.70140e+01 1.00724e+00 -4.08586e-01
2.70998e+01 9.68260e-01 -5.07550e-01
2.71703e+01 9.28367e-01 -6.34575e-01
2.72354e+01 8.81414e-01 -8.21091e-01
2.73006e+01 8.18556e-01 -1.13796e+00
2.73357e+01 7.74154e-01 -1.40947e+00
2.73666e+01 7.25658e-01 -1.75087e+00
2.73935e+01 6.73287e-01 -2.17073e+00
2.74165e+01 6.17690e-01 -2.67192e+00
2.74366e+01 5.58483e-01 -3.26443e+00
2.74542e+01 4.95115e-01 -3.96015e+00
2.74700e+01 4.26557e-01 -4.77700e+00
2.74857e+01 3.43234e-01 -5.84705e+00
2.74979e+01 2.65946e-01 -6.90196e+00
2.75107e+01 1.68974e-01 -8.28942e+00
2.75216e+01 7.13382e-02 -9.73296e+00
2.75324e+01 -4.34602e-02 -1.14529e+01
2.75433e+01 -1.78461e-01 -1.34487e+01
2.75541e+01 -3.36377e-01 -1.56528e+01
2.75659e+01 -5.34362e-01 -1.80449e+01
2.75749e+01 -7.03691e-01 -1.95999e+01
2.75843e+01 -8.94745e-01 -2.06189e+01
2.75938e+01 -1.09099e+00 -2.06419e+01
2.76001e+01 -1.21886e+00 -1.99916e+01
2.76061e+01 -1.33606e+00 -1.88711e+01
2.76124e+01 -1.45082e+00 -1.72393e+01
2.76188e+01 -1.55411e+00 -1.52803e+01
2.76251e+01 -1.64437e+00 -1.31604e+01
2.76315e+01 -1.72110e+00 -1.10410e+01
2.76384e+01 -1.78997e+00 -8.87769e+00
2.76443e+01 -1.83708e+00 -7.24978e+00
2.76504e+01 -1.87701e+00 -5.77143e+00
2.76566e+01 -1.90860e+00 -4.53590e+00
2.76627e+01 -1.93330e+00 -3.52747e+00
2.76689e+01 -1.95243e+00 -2.71951e+00
2.76750e+01 -1.96712e+00 -2.08142e+00
2.76812e+01 -1.97833e+00 -1.58305e+00
2.76873e+01 -1.98683e+00 -1.19709e+00
2.76935e+01 -1.99324e+00 -9.00120e-01
2.76999e+01 -1.99821e+00 -6.65068e-01
2.77066e+01 -2.00202e+00 -4.80215e-01
2.77137e+01 -2.00488e+00 -3.36683e-01
2.77212e+01 -2.00697e+00 -2.26876e-01
2.77291e+01 -2.00843e+00 -1.44302e-01
2.77377e+01 -2.00939e+00 -8.34286e-02
2.77470e+01 -2.00995e+00 -3.95809e-02
2.77570e+01 -2.01018e+00 -8.84273e-03
2.77680e+01 -2.01015e+00 1.20241e-02
2.77801e+01 -2.00991e+00 2.56483e-02
2.77936e+01 -2.00951e+00 3.41198e-02
2.78089e+01 -2.00894e+00 3.91145e-02
2.78263e+01 -2.00823e+00 4.18649e-02
2.78468e+01 -2.00736e+00 4.32545e-02
2.78714e+01 -2.00629e+00 4.38885e-02
2.79021e+01 -2.00494e+00 4.41549e-02
2.79423e+01 -2.00316e+00 4.42804e-02
2.79994e+01 -2.00062e+00 4.43841e-02
2.80898e+01 -1.99661e+00 4.45337e-02
2.82350e+01 -1.99012e+00 4.47766e-02
2.84119e+01 -1.98218e+00 4.50767e-02
2.86999e+01 -1.96912e+00 4.55809e-02
2.92215e+01 -1.94510e+00 4.65439e-02
2.97879e+01 -1.91842e+00 4.76672e-02
3.03542e+01 -1.89109e+00 4.88823e-02
3.08444e+01 -1.86686e+00 5.00176e-02
3.13345e+01 -1.84204e+00 5.12443e-02
3.18247e+01 -1.81661e+00 5.25741e-02
3.23148e+01 -1.79049e+00 5.40225e-02
3.28050e+01 -1.76363e+00 5.56084e-02
3.32256e+01 -1.73993e+00 5.70951e-02
3.36462e+01 -1.71558e+00 5.87201e-02
3.40668e+01 -1.69052e+00 6.05046e-02
3.44874e+01 -1.66466e+00 6.24768e-02
3.49080e+01 -1.63793e+00 6.46726e-02
3.52638e+01 -1.61456e+00 6.67365e-02
3.56196e+01 -1.59042e+00 6.90304e-02
3.59754e+01 -1.56541e+00 7.15982e-02
3.63312e+01 -1.53943e+00 7.44996e-02
3.66415e+01 -1.51587e+00 7.73628e-02
3.69519e+01 -1.49137e+00 8.06106e-02
3.72623e+01 -1.46578e+00 8.43357e-02
3.75727e+01 -1.43896e+00 8.86667e-02
3.78830e+01 -1.41067e+00 9.37830e-02
3.82162e+01 -1.37835e+00 1.00463e-01
3.84950e+01 -1.34941e+00 1.07360e-01
3.87738e+01 -1.31832e+00 1.15959e-01
3.89984e+01 -1.29135e+00 1.24647e-01
3.92229e+01 -1.26218e+00 1.35634e-01
3.94080e+01 -1.23603e+00 1.47218e-01
3.95932e+01 -1.20745e+00 1.62222e-01
3.97493e+01 -1.18089e+00 1.78878e-01
3.99053e+01 -1.15132e+00 2.01277e-01
4.00407e+01 -1.12237e+00 2.28127e-01
4.01760e+01 -1.08906e+00 2.66570e-01
4.03113e+01 -1.04929e+00 3.25885e-01
4.04265e+01 -1.00739e+00 4.08242e-01
4.05124e+01 -9.68402e-01 5.07146e-01
4.05829e+01 -9.28530e-01 6.33998e-01
4.06481e+01 -8.81615e-01 8.20199e-01
4.07133e+01 -8.18823e-01 1.13645e+00
4.07485e+01 -7.74273e-01 1.40869e+00
4.07794e+01 -7.25808e-01 1.74974e+00
4.08063e+01 -6.73446e-01 2.16938e+00
4.08294e+01 -6.17859e-01 2.67032e+00
4.08494e+01 -5.58663e-01 3.26254e+00
4.08670e+01 -4.95308e-01 3.95793e+00
4.08828e+01 -4.26765e-01 4.77443e+00
4.08986e+01 -3.43458e-01 5.84408e+00
4.09107e+01 -2.66194e-01 6.89849e+00
4.09235e+01 -1.69246e-01 8.28545e+00
4.09344e+01 -7.16440e-02 9.72840e+00
4.09453e+01 4.31157e-02 1.14477e+01
4.09561e+01 1.78074e-01 1.34431e+01
4.09670e+01 3.35948e-01 1.56471e+01
4.09787e+01 5.33728e-01 1.80381e+01
4.09877e+01 7.03087e-01 1.95953e+01
4.09972e+01 8.94169e-01 2.06172e+01
4.10067e+01 1.09047e+00 2.06434e+01
4.10129e+01 1.21842e+00 1.99949e+01
4.10190e+01 1.33567e+00 1.88757e+01
4.10253e+01 1.45051e+00 1.72444e+01
4.10317e+01 1.55388e+00 1.52851e+01
4.10380e+01 1.64421e+00 1.31644e+01
4.10444e+01 1.72101e+00 1.10439e+01
4.10513e+01 1.78987e+00 8.88104e+00
4.10571e+01 1.83699e+00 7.25290e+00
4.10633e+01 1.87695e+00 5.77380e+00
4.10694e+01 1.90856e+00 4.53762e+00
4.10756e+01 1.93327e+00 3.52867e+00
4.10817e+01 1.95241e+00 2.72031e+00
4.10879e+01 1.96711e+00 2.08193e+00
4.10941e+01 1.97832e+00 1.58335e+00
4.11002e+01 1.98683e+00 1.19725e+00
4.11064e+01 1.99324e+00 9.00191e-01
4.11128e+01 1.99821e+00 6.65125e-01
4.11195e+01 2.00202e+00 4.80259e-01
4.11265e+01 2.00488e+00 3.36716e-01
4.11340e+01 2.00697e+00 2.26902e-01
4.11420e+01 2.00843e+00 1.44321e-01
4.11506e+01 2.00939e+00 8.34425e-02
4.11598e+01 2.00995e+00 3.95908e-02
4.11699e+01 2.01018e+00 8.84956e-03
4.11809e+01 2.01015e+00 -1.20196e-02
4.11930e+01 2.00991e+00 -2.56454e-02
4.12065e+01 2.00951e+00 -3.41180e-02
4.12217e+01 2.00894e+00 -3.91135e-02
4.12392e+01 2.00823e+00 -4.18644e-02
4.12596e+01 2.00736e+00 -4.32542e-02
4.12842e+01 2.00629e+00 -4.38884e-02
4.13149e+01 2.00494e+00 -4.41549e-02
4.13552e+01 2.00316e+00 -4.42804e-02
4.14123e+01 2.00063e+00 -4.43841e-02
4.15026e+01 1.99661e+00 -4.45337e-02
4.16478e+01 1.99013e+00 -4.47765e-02
4.18247e+01 1.98218e+00 -4.50766e-02
4.21127e+01 1.96912e+00 -4.55808e-02
4.26344e+01 1.94510e+00 -4.65438e-02
4.32007e+01 1.91843e+00 -4.76671e-02
4.37671e+01 1.89109e+00 -4.88822e-02
4.42572e+01 1.86686e+00 -5.00175e-02
4.47474e+01 1.84205e+00 -5.12442e-02
4.52375e+01 1.81661e+00 -5.25741e-02
4.57277e+01 1.79049e+00 -5.40224e-02
4.62178e+01 1.76363e+00 -5.56083e-02
4.66384e+01 1.73993e+00 -5.70950e-02
4.70590e+01 1.71558e+00 -5.87200e-02
4.74796e+01 1.69052e+00 -6.05045e-02
4.79002e+01 1.66466e+00 -6.24767e-02
4.83208e+01 1.63793e+00 -6.46724e-02
4.86766e+01 1.61456e+00 -6.67364e-02
4.90324e+01 1.59042e+00 -6.90302e-02
4.93882e+01 1.56541e+00 -7.15980e-02
4.97440e+01 1.53943e+00 -7.44994e-02
5.00544e+01 1.51587e+00 -7.73626e-02
5.03648e+01 1.49137e+00 -8.06104e-02
5.06751e+01 1.46579e+00 -8.43355e-02
5.09855e+01 1.43896e+00 -8.86664e-02
5.12959e+01 1.41067e+00 -9.37827e-02
5.16291e+01 1.37835e+00 -1.00463e-01
5.19079e+01 1.34941e+00 -1.07360e-01
5.21867e+01 1.31832e+00 -1.15958e-01
5.24112e+01 1.29135e+00 -1.24646e-01
5.26357e+01 1.26218e+00 -1.35634e-01
5.28209e+01 1.23604e+00 -1.47218e-01
5.30061e+01 1.20745e+00 -1.62221e-01
5.31621e+01 1.18089e+00 -1.78877e-01
5.33182e+01 1.15132e+00 -2.01276e-01
5.34535e+01 1.12237e+00 -2.28125e-01
5.35889e+01 1.08906e+00 -2.66568e-01
5.37242e+01 1.04929e+00 -3.25882e-01
5.38394e+01 1.00739e+00 -4.08238e-01
5.39253e+01 9.68404e-01 -5.07141e-01
5.39958e+01 9.28532e-01 -6.33991e-01
5.40609e+01 8.81618e-01 -8.20188e-01
5.41261e+01 8.18826e-01 -1.13643e+00
5.41614e+01 7.74274e-01 -1.40868e+00
5.41923e+01 7.25810e-01 -1.74973e+00
5.42191e+01 6.73448e-01 -2.16936e+00
5.42422e+01 6.17861e-01 -2.67030e+00
5.42623e+01 5.58665e-01 -3.26252e+00
5.42799e+01 4.95311e-01 -3.95791e+00
5.42957e+01 4.26767e-01 -4.77440e+00
5.43114e+01 3.43460e-01 -5.84404e+00
5.43236e+01 2.66197e-01 -6.89845e+00
5.43364e+01 1.69249e-01 -8.28540e+00
5.43473e+01 7.16479e-02 -9.72834e+00
5.43582e+01 -4.31114e-02 -1.14477e+01
5.43690e+01 -1.78070e-01 -1.34430e+01
5.43799e+01 -3.35943e-01 -1.56470e+01
5.43916e+01 -5.33720e-01 -1.80380e+01
5.44006e+01 -7.03080e-01 -1.95953e+01
5.44101e+01 -8.94162e-01 -2.06172e+01
5.44195e+01 -1.09046e+00 -2.06434e+01
5.44258e+01 -1.21841e+00 -1.99950e+01
5.44318e+01 -1.33566e+00 -1.88758e+01
5.44382e+01 -1.45051e+00 -1.72445e+01
5.44445e+01 -1.55388e+00 -1.52851e+01
5.44509e+01 -1.64421e+00 -1.31644e+01
5.44572e+01 -1.72101e+00 -1.10439e+01
5.44642e+01 -1.78987e+00 -8.88108e+00
5.44700e+01 -1.83699e+00 -7.25294e+00
5.44762e+01 -1.87695e+00 -5.77383e+00
5.44823e+01 -1.90856e+00 -4.53764e+00
5.44885e+01 -1.93327e+00 -3.52868e+00
5.44946e+01 -1.95241e+00 -2.72032e+00
5.45008e+01 -1.96711e+00 -2.08194e+00
5.45069e+01 -1.97832e+00 -1.58336e+00
5.45131e+01 -1.98683e+00 -1.19726e+00
5.45192e+01 -1.99324e+00 -9.00192e-01
5.45256e+01 -1.99821e+00 -6.65125e-01
5.45323e+01 -2.00202e+00 -4.80259e-01
5.45394e+01 -2.00488e+00 -3.36717e-01
5.45469e+01 -2.00697e+00 -2.26902e-01
5.45549e+01 -2.00843e+00 -1.44321e-01
5.45635e+01 -2.00939e+00 -8.34427e-02
5.45727e+01 -2.00995e+00 -3.95909e-02
5.45828e+01 -2.01018e+00 -8.84964e-03
5.45938e+01 -2.01015e+00 1.20195e-02
5.46059e+01 -2.00991e+00 2.56453e-02
5.46194e+01 -2.00951e+00 3.41180e-02
5.46346e+01 -2.00894e+00 3.91135e-02
5.46521e+01 -2.00823e+00 4.18644e-02
5.46725e+01 -2.00736e+00 4.32542e-02
5.46971e+01 -2.00629e+00 4.38884e-02
5.47278e+01 -2.00494e+00 4.41549e-02
5.47681e+01 -2.00316e+00 4.42804e-02
5.48251e+01 -2.00063e+00 4.43841e-02
5.49155e+01 -1.99661e+00 4.45337e-02
5.50607e+01 -1.99013e+00 4.47765e-02
5.52376e+01 -1.98218e+00 4.50766e-02
5.55256e+01 -1.96912e+00 4.55808e-02
5.60473e+01 -1.94510e+00 4.65438e-02
5.66136e+01 -1.91843e+00 4.76671e-02
5.71799e+01 -1.89109e+00 4.88822e-02
5.76701e+01 -1.86686e+00 5.00175e-02
5.81602e+01 -1.84205e+00 5.12442e-02
5.86504e+01 -1.81661e+00 5.25741e-02
5.91405e+01 -1.79049e+00 5.40224e-02
5.96307e+01 -1.76363e+00 5.56083e-02
6.00513e+01 -1.73993e+00 5.70950e-02
6.04719e+01 -1.71558e+00 5.87200e-02
6.08925e+01 -1.69052e+00 6.05045e-02
6.13131e+01 -1.66466e+00 6.24767e-02
6.17337e+01 -1.63793e+00 6.46724e-02
6.20895e+01 -1.61456e+00 6.67364e-02
6.24453e+01 -1.59042e+00 6.90302e-02
6.28011e+01 -1.56541e+00 7.15980e-02
6.31569e+01 -1.53943e+00 7.44994e-02
6.34673e+01 -1.51587e+00 7.73626e-02
6.37777e+01 -1.49137e+00 8.06104e-02
6.40880e+01 -1.46579e+00 8.43355e-02
6.43984e+01 -1.43896e+00 8.86664e-02
6.47088e+01 -1.41067e+00 9.37827e-02
6.50419e+01 -1.37835e+00 1.00463e-01
6.53208e+01 -1.34941e+00 1.07360e-01
6.55996e+01 -1.31832e+00 1.15958e-01
6.58241e+01 -1.29135e+00 1.24646e-01
6.60486e+01 -1.26218e+00 1.35633e-01
6.62338e+01 -1.23604e+00 1.47218e-01
6.64190e+01 -1.20745e+00 1.62221e-01
6.65750e+01 -1.18089e+00 1.78877e-01
6.67311e+01 -1.15132e+00 2.01276e-01
6.68664e+01 -1.12237e+00 2.28125e-01
6.70017e+01 -1.08906e+00 2.66568e-01
6.71371e+01 -1.04929e+00 3.25882e-01
6.72523e+01 -1.00739e+00 4.08238e-01
6.73382e+01 -9.68404e-01 5.07141e-01
6.74086e+01 -9.28532e-01 6.33991e-01
6.74738e+01 -8.81618e-01 8.20188e-01
6.75390e+01 -8.18826e-01 1.13643e+00
6.75743e+01 -7.74274e-01 1.40868e+00
6.76051e+01 -7.25810e-01 1.74973e+00
6.76320e+01 -6.73448e-01 2.16936e+00
6.76551e+01 -6.17861e-01 2.67030e+00
6.76752e+01 -5.58666e-01 3.26252e+00
6.76928e+01 -4.95311e-01 3.95791e+00
6.77086e+01 -4.26767e-01 4.77440e+00
6.77243e+01 -3.43461e-01 5.84404e+00
6.77365e+01 -2.66197e-01 6.89845e+00
6.77493e+01 -1.69249e-01 8.28540e+00
6.77602e+01 -7.16479e-02 9.72834e+00
6.77710e+01 4.31113e-02 1.14477e+01
6.77819e+01 1.78069e-01 1.34430e+01
6.77928e+01 3.35942e-01 1.56470e+01
6.78045e+01 5.33720e-01 1.80380e+01
6.78135e+01 7.03080e-01 1.95953e+01
6.78229e+01 8.94162e-01 2.06172e+01
6.78324e+01 1.09046e+00 2.06434e+01
6.78387e+01 1.21841e+00 1.99950e+01
6.78447e+01 1.33566e+00 1.88758e+01
6.78511e+01 1.45051e+00 1.72445e+01
6.78574e+01 1.55388e+00 1.52852e+01
6.78638e+01 1.64421e+00 1.31644e+01
6.78701e+01 1.72101e+00 1.10439e+01
6.78770e+01 1.78987e+00 8.88108e+00
6.78829e+01 1.83699e+00 7.25294e+00
6.78890e+01 1.87695e+00 5.77383e+00
6.78952e+01 1.90856e+00 4.53764e+00
6.79014e+01 1.93327e+00 3.52868e+00
6.79075e+01 1.95241e+00 2.72032e+00
6.79137e+01 1.96711e+00 2.08194e+00
6.79198e+01 1.97832e+00 1.58336e+00
6.79260e+01 1.98683e+00 1.19726e+00
6.79321e+01 1.99324e+00 9.00192e-01
6.79385e+01 1.99821e+00 6.65125e-01
6.79452e+01 2.00202e+00 4.80259e-01
6.79523e+01 2.00488e+00 3.36717e-01
6.79598e+01 2.00697e+00 2.26902e-01
6.79678e+01 2.00843e+00 1.44321e-01
6.79764e+01 2.00939e+00 8.34427e-02
6.79856e+01 2.00995e+00 3.95909e-02
6.79956e+01 2.01018e+00 8.84964e-03
6.80066e+01 2.01015e+00 -1.20195e-02
6.80188e+01 2.00991e+00 -2.56453e-02
6.80323e+01 2.00951e+00 -3.41180e-02
6.80475e+01 2.00894e+00 -3.91135e-02
6.80649e+01 2.00823e+00 -4.18644e-02
6.80854e+01 2.00736e+00 -4.32542e-02
6.81100e+01 2.00629e+00 -4.38884e-02
6.81407e+01 2.00494e+00 -4.41549e-02
6.81810e+01 2.00316e+00 -4.42804e-02
6.82380e+01 2.00063e+00 -4.43841e-02
6.83284e+01 1.99661e+00 -4.45337e-02
6.84735e+01 1.99013e+00 -4.47765e-02
6.86505e+01 1.98218e+00 -4.50766e-02
6.89385e+01 1.96912e+00 -4.55808e-02
6.94601e+01 1.94510e+00 -4.65438e-02
7.00265e+01 1.91843e+00 -4.76671e-02
7.05928e+01 1.89109e+00 -4.88822e-02
7.10830e+01 1.86686e+00 -5.00175e-02
7.15731e+01 1.84205e+00 -5.12442e-02
7.20633e+01 1.81661e+00 -5.25741e-02
7.25534e+01 1.79049e+00 -5.40224e-02
7.30436e+01 1.76363e+00 -5.56083e-02
7.34642e+01 1.73993e+00 -5.70950e-02
7.38848e+01 1.71558e+00 -5.87200e-02
7.43054e+01 1.69052e+00 -6.05045e-02
7.47260e+01 1.66466e+00 -6.24767e-02
7.51466e+01 1.63793e+00 -6.46724e-02
7.55024e+01 1.61456e+00 -6.67364e-02
7.58582e+01 1.59042e+00 -6.90302e-02
7.62140e+01 1.56541e+00 -7.15980e-02
7.65698e+01 1.53943e+00 -7.44994e-02
7.68802e+01 1.51587e+00 -7.73626e-02
7.71905e+01 1.49137e+00 -8.06104e-02
7.75009e+01 1.46579e+00 -8.43355e-02
7.78113e+01 1.43896e+00 -8.86664e-02
7.81216e+01 1.41067e+00 -9.37827e-02
7.84548e+01 1.37835e+00 -1.00463e-01
7.87336e+01 1.34941e+00 -1.07360e-01
7.90125e+01 1.31832e+00 -1.15958e-01
7.92370e+01 1.29135e+00 -1.24646e-01
7.94615e+01 1.26218e+00 -1.35633e-01
7.96467e+01 1.23604e+00 -1.47218e-01
7.98318e+01 1.20745e+00 -1.62221e-01
7.99879e+01 1.18089e+00 -1.78877e-01
8.01439e+01 1.15132e+00 -2.01276e-01
8.02793e+01 1.12237e+00 -2.28125e-01
8.04146e+01 1.08906e+00 -2.66568e-01
8.05499e+01 1.04929e+00 -3.25882e-01
8.06652e+01 1.00739e+00 -4.08238e-01
8.07511e+01 9.68404e-01 -5.07141e-01
8.08215e+01 9.28532e-01 -6.33991e-01
8.08867e+01 8.81618e-01 -8.20188e-01
8.09519e+01 8.18826e-01 -1.13643e+00
8.09871e+01 7.74274e-01 -1.40868e+00
8.10180e+01 7.25810e-01 -1.74973e+00
8.10449e+01 6.73448e-01 -2.16936e+00
8.10680e+01 6.17861e-01 -2.67030e+00
8.10881e+01 5.58666e-01 -3.26252e+00
8.11057e+01 4.95311e-01 -3.95791e+00
8.11214e+01 4.26767e-01 -4.77440e+00
8.11372e+01 3.43461e-01 -5.84404e+00
8.11494e+01 2.66197e-01 -6.89845e+00
8.11622e+01 1.69249e-01 -8.28540e+00
8.11730e+01 7.16479e-02 -9.72834e+00
8.11839e+01 -4.31113e-02 -1.14477e+01
8.11948e+01 -1.78069e-01 -1.34430e+01
8.12056e+01 -3.35942e-01 -1.56470e+01
8.12174e+01 -5.33720e-01 -1.80380e+01
8.12264e+01 -7.03080e-01 -1.95953e+01
8.12358e+01 -8.94162e-01 -2.06172e+01
8.12453e+01 -1.09046e+00 -2.06434e+01
8.12516e+01 -1.21841e+00 -1.99950e+01
8.12576e+01 -1.33566e+00 -1.88758e+01
8.12639e+01 -1.45051e+00 -1.72445e+01
8.12703e+01 -1.55388e+00 -1.52852e+01
8.12766e+01 -1.64421e+00 -1.31644e+01
8.12830e+01 -1.72101e+00 -1.10439e+01
8.12899e+01 -1.78987e+00 -8.88108e+00
8.12958e+01 -1.83699e+00 -7.25294e+00
8.13019e+01 -1.87695e+00 -5.77383e+00
8.13081e+01 -1.90856e+00 -4.53764e+00
8.13142e+01 -1.93327e+00 -3.52868e+00
8.13204e+01 -1.95241e+00 -2.72032e+00
8.13265e+01 -1.96711e+00 -2.08194e+00
8.13327e+01 -1.97832e+00 -1.58336e+00
8.13389e+01 -1.98683e+00 -1.19726e+00
8.13450e+01 -1.99324e+00 -9.00192e-01
8.13514e+01 -1.99821e+00 -6.65125e-01
8.13581e+01 -2.00202e+00 -4.80259e-01
8.13652e+01 -2.00488e+00 -3.36717e-01
8.13727e+01 -2.00697e+00 -2.26902e-01
8.13807e+01 -2.00843e+00 -1.44321e-01
8.13892e+01 -2.00939e+00 -8.34427e-02
8.13985e+01 -2.00995e+00 -3.95909e-02
8.14085e+01 -2.01018e+00 -8.84964e-03
8.14195e+01 -2.01015e+00 1.20195e-02
8.14316e+01 -2.00991e+00 2.56453e-02
8.14451e+01 -2.00951e+00 3.41180e-02
8.14604e+01 -2.00894e+00 3.91135e-02
8.14778e+01 -2.00823e+00 4.18644e-02
8.14983e+01 -2.00736e+00 4.32542e-02
8.15229e+01 -2.00629e+00 4.38884e-02
8.15536e+01 -2.00494e+00 4.41549e-02
8.15938e+01 -2.00316e+00 4.42804e-02
8.16509e+01 -2.00063e+00 4.43841e-02
8.17412e+01 -1.99661e+00 4.45337e-02
8.18864e+01 -1.99013e+00 4.47765e-02
8.20633e+01 -1.98218e+00 4.50766e-02
8.23513e+01 -1.96912e+00 4.55808e-02
8.28730e+01 -1.94510e+00 4.65438e-02
8.34394e+01 -1.91843e+00 4.76671e-02
8.40057e+01 -1.89109e+00 4.88822e-02
8.44959e+01 -1.86686e+00 5.00175e-02
8.49860e+01 -1.84205e+00 5.12442e-02
8.54762e+01 -1.81661e+00 5.25741e-02
8.59663e+01 -1.79049e+00 5.40224e-02
8.64565e+01 -1.76363e+00 5.56083e-02
8.68771e+01 -1.73993e+00 5.70950e-02
8.72977e+01 -1.71558e+00 5.87200e-02
8.77183e+01 -1.69052e+00 6.05045e-02
8.81389e+01 -1.66466e+00 6.24767e-02
8.85595e+01 -1.63793e+00 6.46724e-02
8.89153e+01 -1.61456e+00 6.67364e-02
8.92711e+01 -1.59042e+00 6.90302e-02
8.96269e+01 -1.56541e+00 7.15980e-02
8.99827e+01 -1.53943e+00 7.44994e-02
9.02930e+01 -1.51587e+00 7.73626e-02
9.06034e+01 -1.49137e+00 8.06104e-02
9.09138e+01 -1.46579e+00 8.43355e-02
9.12242e+01 -1.43896e+00 8.86664e-02
9.15345e+01 -1.41067e+00 9.37827e-02
9.18677e+01 -1.37835e+00 1.00463e-01
9.21465e+01 -1.34941e+00 1.07360e-01
9.24253e+01 -1.31832e+00 1.15958e-01
9.26499e+01 -1.29135e+00 1.24646e-01
9.28744e+01 -1.26218e+00 1.35633e-01
9.30595e+01 -1.23604e+00 1.47218e-01
9.32447e+01 -1.20745e+00 1.62221e-01
9.34008e+01 -1.18089e+00 1.78877e-01
9.35568e+01 -1.15132e+00 2.01276e-01
9.36922e+01 -1.12237e+00 2.28125e-01
9.38275e+01 -1.08906e+00 2.66568e-01
9.39628e+01 -1.04929e+00 3.25882e-01
9.40780e+01 -1.00739e+00 4.08238e-01
9.41639e+01 -9.68404e-01 5.07141e-01
9.42344e+01 -9.28532e-01 6.33991e-01
9.42996e+01 -8.81618e-01 8.20188e-01
9.43648e+01 -8.18826e-01 1.13643e+00
9.44000e+01 -7.74274e-01 1.40868e+00
9.44309e+01 -7.25810e-01 1.74973e+00
9.44578e+01 -6.73448e-01 2.16936e+00
9.44809e+01 -6.17861e-01 2.67030e+00
9.45009e+01 -5.58666e-01 3.26252e+00
9.45186e+01 -4.95311e-01 3.95791e+00
9.45343e+01 -4.26767e-01 4.77440e+00
9.45501e+01 -3.43461e-01 5.84404e+00
9.45622e+01 -2.66197e-01 6.89845e+00
9.45751e+01 -1.69249e-01 8.28540e+00
9.45859e+01 -7.16479e-02 9.72834e+00
9.45968e+01 4.31113e-02 1.14477e+01
9.46077e+01 1.78069e-01 1.34430e+01
9.46185e+01 3.35942e-01 1.56470e+01
9.46302e+01 5.33720e-01 1.80380e+01
9.46392e+01 7.03080e-01 1.95953e+01
9.46487e+01 8.94162e-01 2.06172e+01
9.46582e+01 1.09046e+00 2.06434e+01
9.46645e+01 1.21841e+00 1.99950e+01
9.46705e+01 1.33566e+00 1.88758e+01
9.46768e+01 1.45051e+00 1.72445e+01
9.46832e+01 1.55388e+00 1.52852e+01
9.46895e+01 1.64421e+00 1.31644e+01
9.46959e+01 1.72101e+00 1.10439e+01
9.47028e+01 1.78987e+00 8.88108e+00
9.47086e+01 1.83699e+00 7.25294e+00
9.47148e+01 1.87695e+00 5.77383e+00
9.47210e+01 1.90856e+00 4.53764e+00
9.47271e+01 1.93327e+00 3.52868e+00
9.47333e+01 1.95241e+00 2.72032e+00
9.47394e+01 1.96711e+00 2.08194e+00
9.47456e+01 1.97832e+00 1.58336e+00
9.47517e+01 1.98683e+00 1.19726e+00
9.47579e+01 1.99324e+00 9.00192e-01
9.47643e+01 1.99821e+00 6.65125e-01
9.47710e+01 2.00202e+00 4.80259e-01
9.47781e+01 2.00488e+00 3.36717e-01
9.47856e+01 2.00697e+00 2.26902e-01
9.47935e+01 2.00843e+00 1.44321e-01
9.48021e+01 2.00939e+00 8.34427e-02
9.48114e+01 2.00995e+00 3.95909e-02
9.48214e+01 2.01018e+00 8.84964e-03
9.48324e+01 2.01015e+00 -1.20195e-02
9.48445e+01 2.00991e+00 -2.56453e-02
9.48580e+01 2.00951e+00 -3.41180e-02
9.48732e+01 2.00894e+00 -3.91135e-02
9.48907e+01 2.00823e+00 -4.18644e-02
9.49112e+01 2.00736e+00 -4.32542e-02
9.49358e+01 2.00629e+00 -4.38884e-02
9.49664e+01 2.00494e+00 -4.41549e-02
9.50067e+01 2.00316e+00 -4.42804e-02
9.50638e+01 2.00063e+00 -4.43841e-02
9.51541e+01 1.99661e+00 -4.45337e-02
9.52993e+01 1.99013e+00 -4.47765e-02
9.54762e+01 1.98218e+00 -4.50766e-02
9.57642e+01 1.96912e+00 -4.55808e-02
9.62859e+01 1.94510e+00 -4.65438e-02
9.68522e+01 1.91843e+00 -4.76671e-02
9.74186e+01 1.89109e+00 -4.88822e-02
9.79087e+01 1.86686e+00 -5.00175e-02
9.83989e+01 1.84205e+00 -5.12442e-02
9.88890e+01 1.81661e+00 -5.25741e-02
9.93792e+01 1.79049e+00 -5.40224e-02
9.98693e+01 1.76363e+00 -5.56083e-02
1.00000e+02 1.75634e+00 -5.60543e-02
