1.00000e-06 1.00000e+00 -1.00000e-06
6.00000e-06 1.00000e+00 -6.00000e-06
3.10000e-05 1.00000e+00 -3.10000e-05
1.56000e-04 1.00000e+00 -1.56000e-04
7.81000e-04 1.00000e+00 -7.81000e-04
3.90600e-03 9.99992e-01 -3.90599e-03
1.95310e-02 9.99809e-01 -1.95301e-02
9.76560e-02 9.95231e-01 -9.77279e-02
2.31741e-01 9.72933e-01 -2.36919e-01
3.36247e-01 9.41812e-01 -3.63027e-01
4.28597e-01 9.01939e-01 -5.08080e-01
5.12781e-01 8.51710e-01 -6.98019e-01
5.96964e-01 7.81298e-01 -1.00134e+00
6.46100e-01 7.25705e-01 -1.27857e+00
6.86186e-01 6.68351e-01 -1.60128e+00
7.21612e-01 6.04940e-01 -2.00076e+00
7.52183e-01 5.36876e-01 -2.47678e+00
7.78888e-01 4.63588e-01 -3.03934e+00
8.02645e-01 3.83855e-01 -3.70319e+00
8.26403e-01 2.85955e-01 -4.57960e+00
8.44956e-01 1.93131e-01 -5.45838e+00
8.64403e-01 7.62217e-02 -6.60759e+00
8.81286e-01 -4.52864e-02 -7.82118e+00
8.98169e-01 -1.88998e-01 -9.23416e+00
9.15052e-01 -3.57898e-01 -1.07883e+01
9.32220e-01 -5.56710e-01 -1.23463e+01
9.46892e-01 -7.46211e-01 -1.34218e+01
9.61565e-01 -9.47996e-01 -1.39724e+01
9.73453e-01 -1.11395e+00 -1.38520e+01
9.84262e-01 -1.26078e+00 -1.32347e+01
9.93585e-01 -1.38021e+00 -1.23327e+01
1.00337e+00 -1.49498e+00 -1.10932e+01
1.01315e+00 -1.59660e+00 -9.66527e+00
1.02293e+00 -1.68384e+00 -8.17399e+00
1.03314e+00 -1.75955e+00 -6.66897e+00
1.04338e+00 -1.82071e+00 -5.30205e+00
1.05282e+00 -1.86547e+00 -4.21171e+00
1.06226e+00 -1.90076e+00 -3.29538e+00
1.07170e+00 -1.92820e+00 -2.54596e+00
1.08114e+00 -1.94929e+00 -1.94590e+00
1.09057e+00 -1.96533e+00 -1.47322e+00
1.10001e+00 -1.97742e+00 -1.10552e+00
1.10945e+00 -1.98646e+00 -8.22176e-01
1.11928e+00 -1.99339e+00 -5.97508e-01
1.12957e+00 -1.99859e+00 -4.21920e-01
1.14039e+00 -2.00238e+00 -2.86368e-01
1.15186e+00 -2.00504e+00 -1.83247e-01
1.16408e+00 -2.00678e+00 -1.06139e-01
1.17719e+00 -2.00778e+00 -4.96345e-02
1.19134e+00 -2.00817e+00 -9.19562e-03
1.20675e+00 -2.00808e+00 1.89521e-02
1.22361e+00 -2.00759e+00 3.78713e-02
1.24211e+00 -2.00676e+00 5.00548e-02
1.26306e+00 -2.00563e+00 5.76919e-02
1.28641e+00 -2.00422e+00 6.20977e-02
1.31331e+00 -2.00252e+00 6.45351e-02
1.34498e+00 -2.00045e+00 6.57987e-02
1.38330e+00 -1.99791e+00 6.64315e-02
1.43144e+00 -1.99471e+00 6.67834e-02
1.49504e+00 -1.99045e+00 6.70671e-02
1.58427e+00 -1.98445e+00 6.74130e-02
1.70954e+00 -1.97597e+00 6.78975e-02
2.08170e+00 -1.95043e+00 6.94057e-02
2.51920e+00 -1.91965e+00 7.13251e-02
2.95670e+00 -1.88799e+00 7.34258e-02
3.39421e+00 -1.85537e+00 7.57398e-02
3.77365e+00 -1.82622e+00 7.79482e-02
4.15310e+00 -1.79619e+00 8.03796e-02
4.53254e+00 -1.76519e+00 8.30733e-02
4.91199e+00 -1.73311e+00 8.60802e-02
5.29144e+00 -1.69982e+00 8.94668e-02
5.61263e+00 -1.67058e+00 9.26928e-02
5.93382e+00 -1.64023e+00 9.63246e-02
6.25501e+00 -1.60865e+00 1.00453e-01
6.57621e+00 -1.57564e+00 1.05202e-01
6.82526e+00 -1.54892e+00 1.09417e-01
7.11048e+00 -1.51694e+00 1.14971e-01
7.39570e+00 -1.48325e+00 1.21516e-01
7.69740e+00 -1.44536e+00 1.29888e-01
7.95775e+00 -1.41043e+00 1.38754e-01
8.21809e+00 -1.37293e+00 1.49772e-01
8.43386e+00 -1.33943e+00 1.61219e-01
8.64963e+00 -1.30314e+00 1.75720e-01
8.83213e+00 -1.26969e+00 1.91470e-01
9.01464e+00 -1.23296e+00 2.12028e-01
9.17232e+00 -1.19775e+00 2.35698e-01
9.33001e+00 -1.15818e+00 2.68068e-01
9.48769e+00 -1.11246e+00 3.14998e-01
9.64537e+00 -1.05746e+00 3.88670e-01
9.76550e+00 -1.00574e+00 4.79381e-01
9.85873e+00 -9.56286e-01 5.89421e-01
9.93815e+00 -9.04156e-01 7.33476e-01
1.00119e+01 -8.42912e-01 9.42939e-01
1.00857e+01 -7.61661e-01 1.29137e+00
1.01257e+01 -7.04495e-01 1.58501e+00
1.01620e+01 -6.40577e-01 1.95931e+00
1.01939e+01 -5.71052e-01 2.41851e+00
1.02217e+01 -4.96783e-01 2.96398e+00
1.02459e+01 -4.17429e-01 3.60243e+00
1.02702e+01 -3.20159e-01 4.45106e+00
1.02891e+01 -2.28515e-01 5.30309e+00
1.03089e+01 -1.12604e-01 6.43060e+00
1.03257e+01 4.95132e-03 7.60232e+00
1.03425e+01 1.43939e-01 8.98104e+00
1.03593e+01 3.07593e-01 1.05268e+01
1.03774e+01 5.14157e-01 1.22289e+01
1.03917e+01 6.96713e-01 1.33717e+01
1.04070e+01 9.07624e-01 1.41035e+01
1.04222e+01 1.12377e+00 1.40112e+01
1.04323e+01 1.26242e+00 1.34098e+01
1.04416e+01 1.38261e+00 1.24958e+01
1.04513e+01 1.49778e+00 1.12435e+01
1.04610e+01 1.59979e+00 9.80078e+00
1.04706e+01 1.68741e+00 8.29341e+00
1.04807e+01 1.76339e+00 6.77353e+00
1.04910e+01 1.82529e+00 5.38111e+00
1.05003e+01 1.87027e+00 4.27777e+00
1.05096e+01 1.90576e+00 3.34983e+00
1.05190e+01 1.93338e+00 2.59031e+00
1.05283e+01 1.95463e+00 1.98165e+00
1.05377e+01 1.97081e+00 1.50181e+00
1.05470e+01 1.98302e+00 1.12822e+00
1.05563e+01 1.99216e+00 8.40119e-01
1.05661e+01 1.99916e+00 6.11736e-01
1.05762e+01 2.00443e+00 4.33082e-01
1.05869e+01 2.00828e+00 2.95020e-01
1.05983e+01 2.01099e+00 1.89865e-01
1.06103e+01 2.01278e+00 1.11130e-01
1.06233e+01 2.01382e+00 5.33444e-02
1.06372e+01 2.01425e+00 1.19137e-02
1.06524e+01 2.01420e+00 -1.69851e-02
1.06690e+01 2.01374e+00 -3.64727e-02
1.06873e+01 2.01295e+00 -4.90504e-02
1.07076e+01 2.01187e+00 -5.68637e-02
1.07305e+01 2.01051e+00 -6.14811e-02
1.07568e+01 2.00885e+00 -6.40483e-02
1.07878e+01 2.00684e+00 -6.53840e-02
1.08252e+01 2.00438e+00 -6.60506e-02
1.08719e+01 2.00128e+00 -6.64122e-02
1.09335e+01 1.99719e+00 -6.66901e-02
1.10195e+01 1.99144e+00 -6.70193e-02
1.11416e+01 1.98323e+00 -6.74825e-02
1.14596e+01 1.96157e+00 -6.87387e-02
1.18930e+01 1.93138e+00 -7.05800e-02
1.23265e+01 1.90036e+00 -7.25889e-02
1.27600e+01 1.86843e+00 -7.47946e-02
1.31934e+01 1.83549e+00 -7.72317e-02
1.35647e+01 1.80639e+00 -7.95349e-02
1.39360e+01 1.77640e+00 -8.20764e-02
1.43073e+01 1.74541e+00 -8.48989e-02
1.46786e+01 1.71332e+00 -8.80587e-02
1.50498e+01 1.67997e+00 -9.16294e-02
1.53641e+01 1.65065e+00 -9.50423e-02
1.56783e+01 1.62020e+00 -9.88989e-02
1.59925e+01 1.58844e+00 -1.03302e-01
1.63068e+01 1.55520e+00 -1.08394e-01
1.66210e+01 1.52023e+00 -1.14371e-01
1.69560e+01 1.48067e+00 -1.22049e-01
1.72422e+01 1.44464e+00 -1.30060e-01
1.75283e+01 1.40606e+00 -1.39953e-01
1.77631e+01 1.37205e+00 -1.50051e-01
1.79980e+01 1.33539e+00 -1.62716e-01
1.81948e+01 1.30209e+00 -1.76176e-01
1.83915e+01 1.26580e+00 -1.93475e-01
1.85597e+01 1.23171e+00 -2.12801e-01
1.87279e+01 1.19386e+00 -2.38594e-01
1.88961e+01 1.15086e+00 -2.74829e-01
1.90366e+01 1.10938e+00 -3.18583e-01
1.91770e+01 1.06036e+00 -3.84231e-01
1.93175e+01 9.99522e-01 -4.91894e-01
1.94022e+01 9.53742e-01 -5.95757e-01
1.94814e+01 9.01133e-01 -7.42775e-01
1.95551e+01 8.39145e-01 -9.57301e-01
1.96287e+01 7.56663e-01 -1.31545e+00
1.96661e+01 7.02491e-01 -1.59602e+00
1.97026e+01 6.37724e-01 -1.97711e+00
1.97343e+01 5.68034e-01 -2.43961e+00
1.97619e+01 4.93550e-01 -2.98893e+00
1.97861e+01 4.13932e-01 -3.63176e+00
1.98103e+01 3.16372e-01 -4.48537e+00
1.98290e+01 2.24286e-01 -5.34339e+00
1.98488e+01 1.07944e-01 -6.47671e+00
1.98656e+01 -1.03591e-02 -7.65639e+00
1.98824e+01 -1.50207e-01 -9.04227e+00
1.98992e+01 -3.14798e-01 -1.05916e+01
1.99174e+01 -5.24340e-01 -1.23029e+01
1.99317e+01 -7.08543e-01 -1.34309e+01
1.99469e+01 -9.18734e-01 -1.41213e+01
1.99600e+01 -1.10383e+00 -1.40608e+01
1.99700e+01 -1.24209e+00 -1.35272e+01
1.99794e+01 -1.36492e+00 -1.26547e+01
1.99892e+01 -1.48395e+00 -1.14144e+01
1.99991e+01 -1.58957e+00 -9.96006e+00
2.00090e+01 -1.68033e+00 -8.42486e+00
2.00189e+01 -1.75604e+00 -6.92952e+00
2.00296e+01 -1.82259e+00 -5.44474e+00
2.00390e+01 -1.86808e+00 -4.33324e+00
2.00483e+01 -1.90402e+00 -3.39670e+00
2.00576e+01 -1.93201e+00 -2.62896e+00
2.00670e+01 -1.95356e+00 -2.01292e+00
2.00763e+01 -1.96998e+00 -1.52674e+00
2.00856e+01 -1.98239e+00 -1.14788e+00
2.00950e+01 -1.99168e+00 -8.55489e-01
2.01047e+01 -1.99880e+00 -6.23823e-01
2.01148e+01 -2.00416e+00 -4.42485e-01
2.01255e+01 -2.00809e+00 -3.02237e-01
2.01367e+01 -2.01086e+00 -1.95318e-01
2.01488e+01 -2.01270e+00 -1.15175e-01
2.01616e+01 -2.01378e+00 -5.62807e-02
2.01755e+01 -2.01424e+00 -1.39918e-02
2.01907e+01 -2.01421e+00 1.55577e-02
2.02072e+01 -2.01378e+00 3.55375e-02
2.02253e+01 -2.01301e+00 4.84573e-02
2.02455e+01 -2.01194e+00 5.65039e-02
2.02682e+01 -2.01059e+00 6.12747e-02
2.02943e+01 -2.00895e+00 6.39375e-02
2.03250e+01 -2.00697e+00 6.53282e-02
2.03619e+01 -2.00454e+00 6.60225e-02
2.04080e+01 -2.00149e+00 6.63948e-02
2.04685e+01 -1.99747e+00 6.66733e-02
2.05527e+01 -1.99184e+00 6.69966e-02
2.06726e+01 -1.98378e+00 6.74512e-02
2.09675e+01 -1.96372e+00 6.86119e-02
2.13988e+01 -1.93374e+00 7.04322e-02
2.18300e+01 -1.90295e+00 7.24164e-02
2.22612e+01 -1.87126e+00 7.45929e-02
2.26925e+01 -1.83858e+00 7.69951e-02
2.30654e+01 -1.80945e+00 7.92859e-02
2.34384e+01 -1.77941e+00 8.18130e-02
2.38114e+01 -1.74838e+00 8.46188e-02
2.41843e+01 -1.71625e+00 8.77590e-02
2.45573e+01 -1.68287e+00 9.13063e-02
2.48725e+01 -1.65358e+00 9.46896e-02
2.51876e+01 -1.62315e+00 9.85106e-02
2.55028e+01 -1.59143e+00 1.02870e-01
2.58179e+01 -1.55824e+00 1.07907e-01
2.61331e+01 -1.52333e+00 1.13813e-01
2.64705e+01 -1.48368e+00 1.21425e-01
2.67589e+01 -1.44755e+00 1.29372e-01
2.70474e+01 -1.40887e+00 1.39181e-01
2.72840e+01 -1.37480e+00 1.49180e-01
2.75205e+01 -1.33809e+00 1.61711e-01
2.77186e+01 -1.30480e+00 1.75005e-01
2.79166e+01 -1.26852e+00 1.92071e-01
2.80858e+01 -1.23449e+00 2.11095e-01
2.82549e+01 -1.19675e+00 2.36438e-01
2.84241e+01 -1.15393e+00 2.71961e-01
2.85645e+01 -1.11294e+00 3.14444e-01
2.87050e+01 -1.06465e+00 3.77805e-01
2.88314e+01 -1.01164e+00 4.67856e-01
2.89288e+01 -9.61147e-01 5.77502e-01
2.90089e+01 -9.09711e-01 7.16669e-01
2.90830e+01 -8.49745e-01 9.17334e-01
2.91571e+01 -7.70593e-01 1.24909e+00
2.92016e+01 -7.08309e-01 1.56419e+00
2.92380e+01 -6.45204e-01 1.93064e+00
2.92702e+01 -5.75976e-01 2.38428e+00
2.92982e+01 -5.02055e-01 2.92352e+00
2.93227e+01 -4.23130e-01 3.55482e+00
2.93472e+01 -3.26330e-01 4.39535e+00
2.93661e+01 -2.35402e-01 5.23762e+00
2.93861e+01 -1.20188e-01 6.35565e+00
2.94029e+01 -3.82828e-03 7.51453e+00
2.94197e+01 1.33785e-01 8.88162e+00
2.94365e+01 2.95944e-01 1.04212e+01
2.94545e+01 4.98027e-01 1.21096e+01
2.94688e+01 6.80427e-01 1.32869e+01
2.94843e+01 8.92523e-01 1.40758e+01
2.94997e+01 1.11084e+00 1.40443e+01
2.95093e+01 1.24370e+00 1.35183e+01
2.95187e+01 1.36653e+00 1.26406e+01
2.95285e+01 1.48520e+00 1.13991e+01
2.95384e+01 1.59049e+00 9.94582e+00
2.95482e+01 1.68096e+00 8.41316e+00
2.95581e+01 1.75644e+00 6.92106e+00
2.95688e+01 1.82271e+00 5.44189e+00
2.95782e+01 1.86818e+00 4.33069e+00
2.95875e+01 1.90410e+00 3.39450e+00
2.95968e+01 1.93207e+00 2.62710e+00
2.96062e+01 1.95361e+00 2.01140e+00
2.96155e+01 1.97002e+00 1.52550e+00
2.96248e+01 1.98242e+00 1.14689e+00
2.96342e+01 1.99170e+00 8.54696e-01
2.96439e+01 1.99882e+00 6.23199e-01
2.96540e+01 2.00417e+00 4.41999e-01
2.96647e+01 2.00810e+00 3.01865e-01
2.96760e+01 2.01087e+00 1.95037e-01
2.96880e+01 2.01270e+00 1.14966e-01
2.97009e+01 2.01378e+00 5.61288e-02
2.97148e+01 2.01424e+00 1.38843e-02
2.97299e+01 2.01421e+00 -1.56316e-02
2.97464e+01 2.01378e+00 -3.55860e-02
2.97646e+01 2.01300e+00 -4.84880e-02
2.97847e+01 2.01194e+00 -5.65226e-02
2.98075e+01 2.01059e+00 -6.12855e-02
2.98336e+01 2.00895e+00 -6.39432e-02
2.98643e+01 2.00696e+00 -6.53311e-02
2.99012e+01 2.00454e+00 -6.60240e-02
2.99474e+01 2.00148e+00 -6.63957e-02
3.00079e+01 1.99745e+00 -6.66742e-02
3.00922e+01 1.99182e+00 -6.69977e-02
3.02122e+01 1.98375e+00 -6.74528e-02
3.05082e+01 1.96362e+00 -6.86178e-02
3.09395e+01 1.93363e+00 -7.04390e-02
3.13708e+01 1.90283e+00 -7.24244e-02
3.18021e+01 1.87113e+00 -7.46020e-02
3.22335e+01 1.83844e+00 -7.70058e-02
3.26064e+01 1.80931e+00 -7.92971e-02
3.29793e+01 1.77928e+00 -8.18249e-02
3.33522e+01 1.74825e+00 -8.46315e-02
3.37251e+01 1.71612e+00 -8.77726e-02
3.40980e+01 1.68274e+00 -9.13209e-02
3.44131e+01 1.65344e+00 -9.47056e-02
3.47282e+01 1.62301e+00 -9.85282e-02
3.50433e+01 1.59129e+00 -1.02890e-01
3.53584e+01 1.55810e+00 -1.07929e-01
3.56735e+01 1.52318e+00 -1.13838e-01
3.60108e+01 1.48355e+00 -1.21453e-01
3.62991e+01 1.44742e+00 -1.29403e-01
3.65875e+01 1.40874e+00 -1.39216e-01
3.68240e+01 1.37468e+00 -1.49219e-01
3.70604e+01 1.33797e+00 -1.61756e-01
3.72585e+01 1.30467e+00 -1.75057e-01
3.74565e+01 1.26840e+00 -1.92134e-01
3.76256e+01 1.23436e+00 -2.11172e-01
3.77947e+01 1.19662e+00 -2.36535e-01
3.79638e+01 1.15379e+00 -2.72089e-01
3.81042e+01 1.11278e+00 -3.14629e-01
3.82447e+01 1.06446e+00 -3.78090e-01
3.83710e+01 1.01144e+00 -4.68226e-01
3.84683e+01 9.60961e-01 -5.77954e-01
3.85483e+01 9.09500e-01 -7.17301e-01
3.86224e+01 8.49488e-01 -9.18289e-01
3.86965e+01 7.70259e-01 -1.25065e+00
3.87409e+01 7.08157e-01 -1.56502e+00
3.87773e+01 6.45008e-01 -1.93184e+00
3.88095e+01 5.75768e-01 -2.38573e+00
3.88375e+01 5.01832e-01 -2.92523e+00
3.88620e+01 4.22889e-01 -3.55683e+00
3.88864e+01 3.26069e-01 -4.39770e+00
3.89054e+01 2.35111e-01 -5.24038e+00
3.89253e+01 1.19868e-01 -6.35881e+00
3.89421e+01 3.45844e-03 -7.51823e+00
3.89590e+01 -1.34213e-01 -8.88581e+00
3.89758e+01 -2.96434e-01 -1.04257e+01
3.89937e+01 -4.98698e-01 -1.21146e+01
3.90081e+01 -6.81097e-01 -1.32904e+01
3.90235e+01 -8.93139e-01 -1.40771e+01
3.90389e+01 -1.11136e+00 -1.40431e+01
3.90485e+01 -1.24417e+00 -1.35157e+01
3.90579e+01 -1.36694e+00 -1.26370e+01
3.90678e+01 -1.48552e+00 -1.13953e+01
3.90776e+01 -1.59073e+00 -9.94223e+00
3.90875e+01 -1.68112e+00 -8.41023e+00
3.90973e+01 -1.75654e+00 -6.91895e+00
3.91080e+01 -1.82274e+00 -5.44118e+00
3.91174e+01 -1.86821e+00 -4.33006e+00
3.91267e+01 -1.90412e+00 -3.39395e+00
3.91360e+01 -1.93209e+00 -2.62664e+00
3.91454e+01 -1.95362e+00 -2.01102e+00
3.91547e+01 -1.97003e+00 -1.52519e+00
3.91640e+01 -1.98243e+00 -1.14664e+00
3.91734e+01 -1.99171e+00 -8.54500e-01
3.91831e+01 -1.99882e+00 -6.23045e-01
3.91932e+01 -2.00417e+00 -4.41879e-01
3.92039e+01 -2.00810e+00 -3.01772e-01
3.92152e+01 -2.01087e+00 -1.94967e-01
3.92272e+01 -2.01270e+00 -1.14915e-01
3.92401e+01 -2.01378e+00 -5.60912e-02
3.92540e+01 -2.01424e+00 -1.38576e-02
3.92691e+01 -2.01421e+00 1.56499e-02
3.92856e+01 -2.01377e+00 3.55980e-02
3.93038e+01 -2.01300e+00 4.84957e-02
3.93239e+01 -2.01194e+00 5.65272e-02
3.93467e+01 -2.01059e+00 6.12882e-02
3.93728e+01 -2.00895e+00 6.39447e-02
3.94035e+01 -2.00696e+00 6.53318e-02
3.94404e+01 -2.00453e+00 6.60243e-02
3.94866e+01 -2.00148e+00 6.63959e-02
3.95471e+01 -1.99745e+00 6.66744e-02
3.96314e+01 -1.99181e+00 6.69980e-02
3.97515e+01 -1.98374e+00 6.74532e-02
4.00477e+01 -1.96359e+00 6.86193e-02
4.04791e+01 -1.93360e+00 7.04407e-02
4.09104e+01 -1.90280e+00 7.24263e-02
4.13418e+01 -1.87110e+00 7.46043e-02
4.17731e+01 -1.83841e+00 7.70084e-02
4.21460e+01 -1.80927e+00 7.92999e-02
4.25189e+01 -1.77924e+00 8.18279e-02
4.28917e+01 -1.74822e+00 8.46347e-02
4.32646e+01 -1.71608e+00 8.77760e-02
4.36375e+01 -1.68271e+00 9.13246e-02
4.39526e+01 -1.65341e+00 9.47096e-02
4.42677e+01 -1.62298e+00 9.85326e-02
4.45828e+01 -1.59126e+00 1.02895e-01
4.48979e+01 -1.55806e+00 1.07935e-01
4.52130e+01 -1.52315e+00 1.13845e-01
4.55502e+01 -1.48351e+00 1.21460e-01
4.58386e+01 -1.44738e+00 1.29411e-01
4.61269e+01 -1.40871e+00 1.39225e-01
4.63634e+01 -1.37465e+00 1.49229e-01
4.65998e+01 -1.33794e+00 1.61768e-01
4.67978e+01 -1.30464e+00 1.75071e-01
4.69958e+01 -1.26836e+00 1.92150e-01
4.71649e+01 -1.23433e+00 2.11191e-01
4.73340e+01 -1.19659e+00 2.36559e-01
4.75031e+01 -1.15376e+00 2.72122e-01
4.76435e+01 -1.11274e+00 3.14675e-01
4.77840e+01 -1.06441e+00 3.78161e-01
4.79103e+01 -1.01140e+00 4.68318e-01
4.80075e+01 -9.60914e-01 5.78067e-01
4.80876e+01 -9.09448e-01 7.17460e-01
4.81617e+01 -8.49423e-01 9.18528e-01
4.82358e+01 -7.70175e-01 1.25104e+00
4.82801e+01 -7.08119e-01 1.56522e+00
4.83163e+01 -6.45256e-01 1.93032e+00
4.83486e+01 -5.76020e-01 2.38399e+00
4.83766e+01 -5.02101e-01 2.92316e+00
4.84011e+01 -4.23180e-01 3.55440e+00
4.84256e+01 -3.26384e-01 4.39486e+00
4.84445e+01 -2.35462e-01 5.23705e+00
4.84644e+01 -1.20255e-01 6.35499e+00
4.84813e+01 -3.90580e-03 7.51375e+00
4.84981e+01 1.33696e-01 8.88075e+00
4.85149e+01 2.95842e-01 1.04203e+01
4.85328e+01 4.97887e-01 1.21086e+01
4.85472e+01 6.80287e-01 1.32861e+01
4.85626e+01 8.92394e-01 1.40756e+01
4.85781e+01 1.11074e+00 1.40446e+01
4.85877e+01 1.24361e+00 1.35188e+01
4.85970e+01 1.36645e+00 1.26413e+01
4.86069e+01 1.48514e+00 1.13999e+01
4.86168e+01 1.59045e+00 9.94657e+00
4.86266e+01 1.68093e+00 8.41378e+00
4.86365e+01 1.75642e+00 6.92150e+00
4.86472e+01 1.82271e+00 5.44204e+00
4.86566e+01 1.86818e+00 4.33082e+00
4.86659e+01 1.90409e+00 3.39461e+00
4.86752e+01 1.93207e+00 2.62720e+00
4.86846e+01 1.95361e+00 2.01147e+00
4.86939e+01 1.97002e+00 1.52557e+00
4.87032e+01 1.98242e+00 1.14694e+00
4.87126e+01 1.99170e+00 8.54737e-01
4.87223e+01 1.99882e+00 6.23232e-01
4.87324e+01 2.00417e+00 4.42024e-01
4.87431e+01 2.00810e+00 3.01884e-01
4.87543e+01 2.01087e+00 1.95051e-01
4.87664e+01 2.01270e+00 1.14977e-01
4.87792e+01 2.01378e+00 5.61367e-02
4.87931e+01 2.01424e+00 1.38898e-02
4.88083e+01 2.01421e+00 -1.56278e-02
4.88248e+01 2.01378e+00 -3.55835e-02
4.88429e+01 2.01300e+00 -4.84865e-02
4.88631e+01 2.01194e+00 -5.65216e-02
4.88858e+01 2.01059e+00 -6.12849e-02
4.89120e+01 2.00895e+00 -6.39429e-02
4.89426e+01 2.00696e+00 -6.53309e-02
4.89796e+01 2.00454e+00 -6.60239e-02
4.90257e+01 2.00148e+00 -6.63956e-02
4.90862e+01 1.99745e+00 -6.66741e-02
4.91705e+01 1.99182e+00 -6.69977e-02
4.92905e+01 1.98375e+00 -6.74527e-02
4.95865e+01 1.96362e+00 -6.86175e-02
5.00178e+01 1.93364e+00 -7.04387e-02
5.04491e+01 1.90283e+00 -7.24239e-02
5.08804e+01 1.87114e+00 -7.46016e-02
5.13117e+01 1.83845e+00 -7.70052e-02
5.16846e+01 1.80931e+00 -7.92965e-02
5.20575e+01 1.77928e+00 -8.18243e-02
5.24304e+01 1.74826e+00 -8.46308e-02
5.28033e+01 1.71612e+00 -8.77719e-02
5.31762e+01 1.68275e+00 -9.13201e-02
5.34914e+01 1.65345e+00 -9.47048e-02
5.38065e+01 1.62302e+00 -9.85273e-02
5.41216e+01 1.59130e+00 -1.02889e-01
5.44367e+01 1.55811e+00 -1.07928e-01
5.47518e+01 1.52319e+00 -1.13837e-01
5.50891e+01 1.48356e+00 -1.21452e-01
5.53775e+01 1.44742e+00 -1.29402e-01
5.56658e+01 1.40875e+00 -1.39214e-01
5.59023e+01 1.37468e+00 -1.49217e-01
5.61388e+01 1.33797e+00 -1.61754e-01
5.63368e+01 1.30468e+00 -1.75055e-01
5.65348e+01 1.26840e+00 -1.92131e-01
5.67039e+01 1.23437e+00 -2.11168e-01
5.68730e+01 1.19662e+00 -2.36530e-01
5.70421e+01 1.15380e+00 -2.72083e-01
5.71826e+01 1.11278e+00 -3.14619e-01
5.73230e+01 1.06447e+00 -3.78075e-01
5.74494e+01 1.01145e+00 -4.68206e-01
5.75466e+01 9.60970e-01 -5.77930e-01
5.76267e+01 9.09511e-01 -7.17268e-01
5.77008e+01 8.49501e-01 -9.18239e-01
5.77749e+01 7.70276e-01 -1.25057e+00
5.78193e+01 7.08165e-01 -1.56498e+00
5.78556e+01 6.45018e-01 -1.93178e+00
5.78879e+01 5.75779e-01 -2.38565e+00
5.79159e+01 5.01844e-01 -2.92514e+00
5.79403e+01 4.22902e-01 -3.55672e+00
5.79648e+01 3.26083e-01 -4.39758e+00
5.79837e+01 2.35126e-01 -5.24024e+00
5.80037e+01 1.19885e-01 -6.35864e+00
5.80205e+01 3.47769e-03 -7.51804e+00
5.80373e+01 -1.34190e-01 -8.88560e+00
5.80542e+01 -2.96408e-01 -1.04254e+01
5.80721e+01 -4.98663e-01 -1.21144e+01
5.80864e+01 -6.81062e-01 -1.32902e+01
5.81019e+01 -8.93107e-01 -1.40770e+01
5.81173e+01 -1.11134e+00 -1.40431e+01
5.81269e+01 -1.24415e+00 -1.35158e+01
5.81363e+01 -1.36692e+00 -1.26372e+01
5.81461e+01 -1.48551e+00 -1.13955e+01
5.81560e+01 -1.59071e+00 -9.94241e+00
5.81658e+01 -1.68111e+00 -8.41039e+00
5.81757e+01 -1.75654e+00 -6.91906e+00
5.81864e+01 -1.82274e+00 -5.44122e+00
5.81957e+01 -1.86821e+00 -4.33009e+00
5.82051e+01 -1.90412e+00 -3.39398e+00
5.82144e+01 -1.93209e+00 -2.62667e+00
5.82237e+01 -1.95362e+00 -2.01104e+00
5.82331e+01 -1.97003e+00 -1.52521e+00
5.82424e+01 -1.98243e+00 -1.14665e+00
5.82517e+01 -1.99171e+00 -8.54510e-01
5.82614e+01 -1.99882e+00 -6.23053e-01
5.82716e+01 -2.00417e+00 -4.41885e-01
5.82822e+01 -2.00810e+00 -3.01777e-01
5.82935e+01 -2.01087e+00 -1.94970e-01
5.83056e+01 -2.01270e+00 -1.14917e-01
5.83184e+01 -2.01378e+00 -5.60932e-02
5.83323e+01 -2.01424e+00 -1.38590e-02
5.83475e+01 -2.01421e+00 1.56490e-02
5.83640e+01 -2.01378e+00 3.55974e-02
5.83821e+01 -2.01300e+00 4.84953e-02
5.84023e+01 -2.01194e+00 5.65270e-02
5.84250e+01 -2.01059e+00 6.12880e-02
5.84512e+01 -2.00895e+00 6.39446e-02
5.84819e+01 -2.00696e+00 6.53318e-02
5.85188e+01 -2.00453e+00 6.60243e-02
5.85650e+01 -2.00148e+00 6.63959e-02
5.86255e+01 -1.99745e+00 6.66744e-02
5.87098e+01 -1.99181e+00 6.69980e-02
5.88298e+01 -1.98375e+00 6.74532e-02
5.91261e+01 -1.96359e+00 6.86192e-02
5.95574e+01 -1.93361e+00 7.04407e-02
5.99888e+01 -1.90280e+00 7.24262e-02
6.04201e+01 -1.87110e+00 7.46042e-02
6.08515e+01 -1.83841e+00 7.70083e-02
6.12243e+01 -1.80927e+00 7.92998e-02
6.15972e+01 -1.77924e+00 8.18277e-02
6.19701e+01 -1.74822e+00 8.46345e-02
6.23430e+01 -1.71609e+00 8.77758e-02
6.27159e+01 -1.68271e+00 9.13244e-02
6.30309e+01 -1.65341e+00 9.47094e-02
6.33460e+01 -1.62298e+00 9.85324e-02
6.36611e+01 -1.59126e+00 1.02894e-01
6.39762e+01 -1.55807e+00 1.07934e-01
6.42913e+01 -1.52315e+00 1.13844e-01
6.46286e+01 -1.48352e+00 1.21460e-01
6.49169e+01 -1.44739e+00 1.29411e-01
6.52053e+01 -1.40871e+00 1.39224e-01
6.54417e+01 -1.37465e+00 1.49229e-01
6.56782e+01 -1.33794e+00 1.61767e-01
6.58762e+01 -1.30464e+00 1.75070e-01
6.60742e+01 -1.26837e+00 1.92149e-01
6.62433e+01 -1.23433e+00 2.11190e-01
6.64124e+01 -1.19659e+00 2.36558e-01
6.65815e+01 -1.15376e+00 2.72120e-01
6.67219e+01 -1.11274e+00 3.14672e-01
6.68623e+01 -1.06441e+00 3.78157e-01
6.69887e+01 -1.01140e+00 4.68313e-01
6.70859e+01 -9.60917e-01 5.78061e-01
6.71660e+01 -9.09450e-01 7.17451e-01
6.72400e+01 -8.49427e-01 9.18515e-01
6.73141e+01 -7.70180e-01 1.25102e+00
6.73585e+01 -7.08121e-01 1.56521e+00
6.73947e+01 -6.45258e-01 1.93030e+00
6.74270e+01 -5.76022e-01 2.38397e+00
6.74550e+01 -5.02104e-01 2.92314e+00
6.74794e+01 -4.23184e-01 3.55437e+00
6.75039e+01 -3.26388e-01 4.39483e+00
6.75229e+01 -2.35466e-01 5.23701e+00
6.75428e+01 -1.20259e-01 6.35494e+00
6.75596e+01 -3.91066e-03 7.51371e+00
6.75765e+01 1.33690e-01 8.88069e+00
6.75933e+01 2.95835e-01 1.04202e+01
6.76112e+01 4.97878e-01 1.21085e+01
6.76255e+01 6.80278e-01 1.32861e+01
6.76410e+01 8.92386e-01 1.40756e+01
6.76564e+01 1.11073e+00 1.40446e+01
6.76660e+01 1.24360e+00 1.35188e+01
6.76754e+01 1.36644e+00 1.26414e+01
6.76853e+01 1.48513e+00 1.14000e+01
6.76951e+01 1.59044e+00 9.94661e+00
6.77050e+01 1.68093e+00 8.41382e+00
6.77148e+01 1.75642e+00 6.92152e+00
6.77256e+01 1.82271e+00 5.44205e+00
6.77349e+01 1.86818e+00 4.33083e+00
6.77443e+01 1.90409e+00 3.39462e+00
6.77536e+01 1.93207e+00 2.62720e+00
6.77629e+01 1.95361e+00 2.01148e+00
6.77723e+01 1.97002e+00 1.52557e+00
6.77816e+01 1.98242e+00 1.14694e+00
6.77909e+01 1.99170e+00 8.54740e-01
6.78006e+01 1.99882e+00 6.23234e-01
6.78108e+01 2.00417e+00 4.42026e-01
6.78214e+01 2.00810e+00 3.01885e-01
6.78327e+01 2.01087e+00 1.95052e-01
6.78447e+01 2.01270e+00 1.14978e-01
6.78576e+01 2.01378e+00 5.61372e-02
6.78715e+01 2.01424e+00 1.38902e-02
6.78866e+01 2.01421e+00 -1.56275e-02
6.79032e+01 2.01378e+00 -3.55833e-02
6.79213e+01 2.01300e+00 -4.84864e-02
6.79415e+01 2.01194e+00 -5.65215e-02
6.79642e+01 2.01059e+00 -6.12849e-02
6.79903e+01 2.00895e+00 -6.39429e-02
6.80210e+01 2.00696e+00 -6.53309e-02
6.80580e+01 2.00454e+00 -6.60239e-02
6.81041e+01 2.00148e+00 -6.63956e-02
6.81646e+01 1.99745e+00 -6.66741e-02
6.82489e+01 1.99182e+00 -6.69977e-02
6.83689e+01 1.98375e+00 -6.74527e-02
6.86648e+01 1.96362e+00 -6.86175e-02
6.90962e+01 1.93364e+00 -7.04387e-02
6.95275e+01 1.90284e+00 -7.24239e-02
6.99588e+01 1.87114e+00 -7.46015e-02
7.03901e+01 1.83845e+00 -7.70052e-02
7.07630e+01 1.80932e+00 -7.92965e-02
7.11359e+01 1.77928e+00 -8.18243e-02
7.15088e+01 1.74826e+00 -8.46308e-02
7.18817e+01 1.71612e+00 -8.77719e-02
7.22546e+01 1.68275e+00 -9.13201e-02
7.25697e+01 1.65345e+00 -9.47047e-02
7.28848e+01 1.62302e+00 -9.85272e-02
7.31999e+01 1.59130e+00 -1.02889e-01
7.35151e+01 1.55811e+00 -1.07928e-01
7.38302e+01 1.52319e+00 -1.13837e-01
7.41675e+01 1.48356e+00 -1.21452e-01
7.44558e+01 1.44742e+00 -1.29401e-01
7.47442e+01 1.40875e+00 -1.39214e-01
7.49807e+01 1.37468e+00 -1.49217e-01
7.52171e+01 1.33797e+00 -1.61754e-01
7.54152e+01 1.30468e+00 -1.75055e-01
7.56132e+01 1.26840e+00 -1.92131e-01
7.57823e+01 1.23437e+00 -2.11167e-01
7.59514e+01 1.19663e+00 -2.36529e-01
7.61205e+01 1.15380e+00 -2.72082e-01
7.62609e+01 1.11278e+00 -3.14619e-01
7.64014e+01 1.06447e+00 -3.78074e-01
7.65277e+01 1.01145e+00 -4.68205e-01
7.66250e+01 9.60971e-01 -5.77929e-01
7.67051e+01 9.09512e-01 -7.17266e-01
7.67792e+01 8.49502e-01 -9.18236e-01
7.68532e+01 7.70278e-01 -1.25057e+00
7.68977e+01 7.08165e-01 -1.56497e+00
7.69340e+01 6.45019e-01 -1.93178e+00
7.69663e+01 5.75780e-01 -2.38565e+00
7.69942e+01 5.01844e-01 -2.92513e+00
7.70187e+01 4.22903e-01 -3.55671e+00
7.70432e+01 3.26084e-01 -4.39757e+00
7.70621e+01 2.35127e-01 -5.24023e+00
7.70821e+01 1.19886e-01 -6.35863e+00
7.70989e+01 3.47890e-03 -7.51802e+00
7.71157e+01 -1.34189e-01 -8.88558e+00
7.71325e+01 -2.96407e-01 -1.04254e+01
7.71505e+01 -4.98661e-01 -1.21144e+01
7.71648e+01 -6.81060e-01 -1.32902e+01
7.71802e+01 -8.93105e-01 -1.40770e+01
7.71957e+01 -1.11134e+00 -1.40432e+01
7.72053e+01 -1.24415e+00 -1.35158e+01
7.72146e+01 -1.36692e+00 -1.26372e+01
7.72245e+01 -1.48550e+00 -1.13955e+01
7.72343e+01 -1.59071e+00 -9.94243e+00
7.72442e+01 -1.68111e+00 -8.41040e+00
7.72540e+01 -1.75654e+00 -6.91907e+00
7.72648e+01 -1.82274e+00 -5.44122e+00
7.72741e+01 -1.86821e+00 -4.33010e+00
7.72835e+01 -1.90412e+00 -3.39399e+00
7.72928e+01 -1.93209e+00 -2.62667e+00
7.73021e+01 -1.95362e+00 -2.01104e+00
7.73115e+01 -1.97003e+00 -1.52521e+00
7.73208e+01 -1.98243e+00 -1.14665e+00
7.73301e+01 -1.99171e+00 -8.54511e-01
7.73398e+01 -1.99882e+00 -6.23053e-01
7.73500e+01 -2.00417e+00 -4.41886e-01
7.73606e+01 -2.00810e+00 -3.01777e-01
7.73719e+01 -2.01087e+00 -1.94971e-01
7.73839e+01 -2.01270e+00 -1.14917e-01
7.73968e+01 -2.01378e+00 -5.60933e-02
7.74107e+01 -2.01424e+00 -1.38591e-02
7.74258e+01 -2.01421e+00 1.56489e-02
7.74424e+01 -2.01378e+00 3.55973e-02
7.74605e+01 -2.01300e+00 4.84952e-02
7.74807e+01 -2.01194e+00 5.65269e-02
7.75034e+01 -2.01059e+00 6.12880e-02
7.75296e+01 -2.00895e+00 6.39446e-02
7.75602e+01 -2.00696e+00 6.53318e-02
7.75972e+01 -2.00453e+00 6.60243e-02
7.76433e+01 -2.00148e+00 6.63959e-02
7.77038e+01 -1.99745e+00 6.66744e-02
7.77882e+01 -1.99181e+00 6.69980e-02
7.79082e+01 -1.98375e+00 6.74532e-02
7.82044e+01 -1.96359e+00 6.86192e-02
7.86358e+01 -1.93361e+00 7.04407e-02
7.90671e+01 -1.90280e+00 7.24262e-02
7.94985e+01 -1.87110e+00 7.46042e-02
7.99298e+01 -1.83841e+00 7.70083e-02
8.03027e+01 -1.80928e+00 7.92998e-02
8.06756e+01 -1.77924e+00 8.18277e-02
8.10485e+01 -1.74822e+00 8.46345e-02
8.14213e+01 -1.71609e+00 8.77758e-02
8.17942e+01 -1.68271e+00 9.13244e-02
8.21093e+01 -1.65341e+00 9.47094e-02
8.24244e+01 -1.62298e+00 9.85323e-02
8.27395e+01 -1.59126e+00 1.02894e-01
8.30546e+01 -1.55807e+00 1.07934e-01
8.33697e+01 -1.52315e+00 1.13844e-01
8.37070e+01 -1.48352e+00 1.21460e-01
8.39953e+01 -1.44739e+00 1.29411e-01
8.42836e+01 -1.40871e+00 1.39224e-01
8.45201e+01 -1.37465e+00 1.49229e-01
8.47566e+01 -1.33794e+00 1.61767e-01
8.49545e+01 -1.30464e+00 1.75070e-01
8.51525e+01 -1.26837e+00 1.92149e-01
8.53216e+01 -1.23433e+00 2.11190e-01
8.54907e+01 -1.19659e+00 2.36557e-01
8.56598e+01 -1.15376e+00 2.72120e-01
8.58003e+01 -1.11274e+00 3.14672e-01
8.59407e+01 -1.06441e+00 3.78157e-01
8.60670e+01 -1.01140e+00 4.68313e-01
8.61643e+01 -9.60917e-01 5.78060e-01
8.62443e+01 -9.09450e-01 7.17451e-01
8.63184e+01 -8.49427e-01 9.18515e-01
8.63925e+01 -7.70180e-01 1.25102e+00
8.64369e+01 -7.08121e-01 1.56521e+00
8.64731e+01 -6.45258e-01 1.93030e+00
8.65053e+01 -5.76023e-01 2.38397e+00
8.65333e+01 -5.02104e-01 2.92314e+00
8.65578e+01 -4.23184e-01 3.55437e+00
8.65823e+01 -3.26388e-01 4.39483e+00
8.66012e+01 -2.35467e-01 5.23701e+00
8.66212e+01 -1.20260e-01 6.35494e+00
8.66380e+01 -3.91097e-03 7.51370e+00
8.66548e+01 1.33690e-01 8.88069e+00
8.66717e+01 2.95835e-01 1.04202e+01
8.66896e+01 4.97878e-01 1.21085e+01
8.67039e+01 6.80277e-01 1.32861e+01
8.67194e+01 8.92385e-01 1.40756e+01
8.67348e+01 1.11073e+00 1.40446e+01
8.67444e+01 1.24360e+00 1.35188e+01
8.67538e+01 1.36644e+00 1.26414e+01
8.67636e+01 1.48513e+00 1.14000e+01
8.67735e+01 1.59044e+00 9.94662e+00
8.67834e+01 1.68093e+00 8.41382e+00
8.67932e+01 1.75642e+00 6.92153e+00
8.68040e+01 1.82271e+00 5.44205e+00
8.68133e+01 1.86818e+00 4.33083e+00
8.68226e+01 1.90409e+00 3.39462e+00
8.68320e+01 1.93207e+00 2.62721e+00
8.68413e+01 1.95361e+00 2.01148e+00
8.68506e+01 1.97002e+00 1.52557e+00
8.68600e+01 1.98242e+00 1.14694e+00
8.68693e+01 1.99170e+00 8.54740e-01
8.68790e+01 1.99882e+00 6.23234e-01
8.68891e+01 2.00417e+00 4.42026e-01
8.68998e+01 2.00810e+00 3.01885e-01
8.69111e+01 2.01087e+00 1.95052e-01
8.69231e+01 2.01270e+00 1.14978e-01
8.69360e+01 2.01378e+00 5.61372e-02
8.69499e+01 2.01424e+00 1.38902e-02
8.69650e+01 2.01421e+00 -1.56275e-02
8.69816e+01 2.01378e+00 -3.55833e-02
8.69997e+01 2.01300e+00 -4.84863e-02
8.70198e+01 2.01194e+00 -5.65215e-02
8.70426e+01 2.01059e+00 -6.12849e-02
8.70687e+01 2.00895e+00 -6.39429e-02
8.70994e+01 2.00696e+00 -6.53309e-02
8.71363e+01 2.00454e+00 -6.60239e-02
8.71825e+01 2.00148e+00 -6.63956e-02
8.72430e+01 1.99745e+00 -6.66741e-02
8.73273e+01 1.99182e+00 -6.69977e-02
8.74473e+01 1.98375e+00 -6.74527e-02
8.77432e+01 1.96362e+00 -6.86175e-02
8.81745e+01 1.93364e+00 -7.04387e-02
8.86058e+01 1.90284e+00 -7.24239e-02
8.90372e+01 1.87114e+00 -7.46015e-02
8.94685e+01 1.83845e+00 -7.70052e-02
8.98414e+01 1.80932e+00 -7.92965e-02
9.02143e+01 1.77928e+00 -8.18243e-02
9.05872e+01 1.74826e+00 -8.46308e-02
9.09601e+01 1.71612e+00 -8.77719e-02
9.13330e+01 1.68275e+00 -9.13201e-02
9.16481e+01 1.65345e+00 -9.47047e-02
9.19632e+01 1.62302e+00 -9.85272e-02
9.22783e+01 1.59130e+00 -1.02889e-01
9.25934e+01 1.55811e+00 -1.07928e-01
9.29085e+01 1.52319e+00 -1.13837e-01
9.32458e+01 1.48356e+00 -1.21452e-01
9.35342e+01 1.44742e+00 -1.29401e-01
9.38226e+01 1.40875e+00 -1.39214e-01
9.40590e+01 1.37468e+00 -1.49217e-01
9.42955e+01 1.33797e+00 -1.61754e-01
9.44935e+01 1.30468e+00 -1.75055e-01
9.46915e+01 1.26840e+00 -1.92131e-01
9.48607e+01 1.23437e+00 -2.11167e-01
9.50298e+01 1.19663e+00 -2.36529e-01
9.51989e+01 1.15380e+00 -2.72082e-01
9.53393e+01 1.11278e+00 -3.14618e-01
9.54798e+01 1.06447e+00 -3.78074e-01
9.56061e+01 1.01145e+00 -4.68205e-01
9.57034e+01 9.60971e-01 -5.77929e-01
9.57834e+01 9.09512e-01 -7.17266e-01
9.58575e+01 8.49502e-01 -9.18236e-01
9.59316e+01 7.70278e-01 -1.25056e+00
9.59760e+01 7.08165e-01 -1.56497e+00
9.60124e+01 6.45019e-01 -1.93178e+00
9.60446e+01 5.75780e-01 -2.38565e+00
9.60726e+01 5.01844e-01 -2.92513e+00
9.60971e+01 4.22903e-01 -3.55671e+00
9.61216e+01 3.26084e-01 -4.39757e+00
9.61405e+01 2.35127e-01 -5.24023e+00
9.61604e+01 1.19886e-01 -6.35863e+00
9.61773e+01 3.47898e-03 -7.51802e+00
9.61941e+01 -1.34189e-01 -8.88558e+00
9.62109e+01 -2.96407e-01 -1.04254e+01
9.62288e+01 -4.98661e-01 -1.21144e+01
9.62432e+01 -6.81060e-01 -1.32902e+01
9.62586e+01 -8.93104e-01 -1.40770e+01
9.62740e+01 -1.11134e+00 -1.40432e+01
9.62836e+01 -1.24415e+00 -1.35158e+01
9.62930e+01 -1.36692e+00 -1.26372e+01
9.63029e+01 -1.48550e+00 -1.13955e+01
9.63127e+01 -1.59071e+00 -9.94243e+00
9.63226e+01 -1.68111e+00 -8.41040e+00
9.63324e+01 -1.75654e+00 -6.91907e+00
9.63432e+01 -1.82274e+00 -5.44122e+00
9.63525e+01 -1.86821e+00 -4.33010e+00
9.63618e+01 -1.90412e+00 -3.39399e+00
9.63712e+01 -1.93209e+00 -2.62667e+00
9.63805e+01 -1.95362e+00 -2.01104e+00
9.63898e+01 -1.97003e+00 -1.52521e+00
9.63992e+01 -1.98243e+00 -1.14665e+00
9.64085e+01 -1.99171e+00 -8.54511e-01
9.64182e+01 -1.99882e+00 -6.23053e-01
9.64283e+01 -2.00417e+00 -4.41886e-01
9.64390e+01 -2.00810e+00 -3.01777e-01
9.64503e+01 -2.01087e+00 -1.94971e-01
9.64623e+01 -2.01270e+00 -1.14917e-01
9.64752e+01 -2.01378e+00 -5.60933e-02
9.64891e+01 -2.01424e+00 -1.38591e-02
9.65042e+01 -2.01421e+00 1.56489e-02
9.65208e+01 -2.01378e+00 3.55973e-02
9.65389e+01 -2.01300e+00 4.84952e-02
9.65590e+01 -2.01194e+00 5.65269e-02
9.65818e+01 -2.01059e+00 6.12880e-02
9.66079e+01 -2.00895e+00 6.39446e-02
9.66386e+01 -2.00696e+00 6.53318e-02
9.66756e+01 -2.00453e+00 6.60243e-02
9.67217e+01 -2.00148e+00 6.63959e-02
9.67822e+01 -1.99745e+00 6.66744e-02
9.68665e+01 -1.99181e+00 6.69980e-02
9.69866e+01 -1.98375e+00 6.74532e-02
9.72828e+01 -1.96359e+00 6.86192e-02
9.77142e+01 -1.93361e+00 7.04407e-02
9.81455e+01 -1.90280e+00 7.24262e-02
9.85769e+01 -1.87110e+00 7.46042e-02
9.90082e+01 -1.83841e+00 7.70083e-02
9.93811e+01 -1.80928e+00 7.92998e-02
9.97540e+01 -1.77924e+00 8.18277e-02
1.00000e+02 -1.75889e+00 8.36437e-02
