1.00000e-06 1.00000e+00 -1.00000e-06
6.00000e-06 1.00000e+00 -6.00000e-06
3.10000e-05 1.00000e+00 -3.10000e-05
1.56000e-04 1.00000e+00 -1.56000e-04
7.81000e-04 1.00000e+00 -7.81000e-04
3.90600e-03 9.99992e-01 -3.90599e-03
1.95310e-02 9.99809e-01 -1.95300e-02
9.76560e-02 9.95233e-01 -9.76370e-02
2.46080e-01 9.69605e-01 -2.49080e-01
3.72742e-01 9.29169e-01 -3.93428e-01
4.83759e-01 8.77122e-01 -5.51346e-01
5.94775e-01 8.04451e-01 -7.72511e-01
7.05792e-01 7.00823e-01 -1.12543e+00
7.69281e-01 6.19963e-01 -1.44077e+00
8.20381e-01 5.37695e-01 -1.79838e+00
8.65970e-01 4.46241e-01 -2.23642e+00
9.06182e-01 3.46336e-01 -2.75721e+00
9.46395e-01 2.22153e-01 -3.45268e+00
9.78270e-01 1.01181e-01 -4.16387e+00
1.01147e+00 -5.17485e-02 -5.08000e+00
1.04467e+00 -2.38022e-01 -6.16624e+00
1.07786e+00 -4.62064e-01 -7.32865e+00
1.10524e+00 -6.74774e-01 -8.17222e+00
1.13383e+00 -9.16874e-01 -8.67503e+00
1.15648e+00 -1.11351e+00 -8.61211e+00
1.17559e+00 -1.27449e+00 -8.17606e+00
1.19315e+00 -1.41237e+00 -7.48539e+00
1.21071e+00 -1.53615e+00 -6.58698e+00
1.22827e+00 -1.64305e+00 -5.57911e+00
1.24583e+00 -1.73204e+00 -4.56250e+00
1.26616e+00 -1.81353e+00 -3.47848e+00
1.28295e+00 -1.86528e+00 -2.70741e+00
1.30049e+00 -1.90672e+00 -2.03855e+00
1.31804e+00 -1.93762e+00 -1.50512e+00
1.33559e+00 -1.96024e+00 -1.09112e+00
1.35314e+00 -1.97650e+00 -7.76230e-01
1.37069e+00 -1.98795e+00 -5.40218e-01
1.38824e+00 -1.99581e+00 -3.65191e-01
1.40647e+00 -2.00120e+00 -2.32056e-01
1.42573e+00 -2.00464e+00 -1.31261e-01
1.44623e+00 -2.00651e+00 -5.61755e-02
1.46821e+00 -2.00710e+00 -1.31467e-03
1.49196e+00 -2.00664e+00 3.78645e-02
1.51746e+00 -2.00530e+00 6.47875e-02
1.54587e+00 -2.00318e+00 8.32611e-02
1.57743e+00 -2.00034e+00 9.52849e-02
1.61290e+00 -1.99681e+00 1.02812e-01
1.65334e+00 -1.99256e+00 1.07349e-01
1.70028e+00 -1.98745e+00 1.10023e-01
1.75601e+00 -1.98126e+00 1.11653e-01
1.82420e+00 -1.97361e+00 1.12810e-01
1.91117e+00 -1.96375e+00 1.13901e-01
2.02905e+00 -1.95024e+00 1.15259e-01
2.20524e+00 -1.92975e+00 1.17334e-01
2.56257e+00 -1.88702e+00 1.21925e-01
2.91990e+00 -1.84255e+00 1.27140e-01
3.22280e+00 -1.80329e+00 1.32163e-01
3.52570e+00 -1.76241e+00 1.37875e-01
3.82860e+00 -1.71968e+00 1.44446e-01
4.13150e+00 -1.67480e+00 1.52113e-01
4.45243e+00 -1.62447e+00 1.61813e-01
4.73397e+00 -1.57751e+00 1.72118e-01
5.01551e+00 -1.52734e+00 1.84747e-01
5.25270e+00 -1.48201e+00 1.97893e-01
5.48989e+00 -1.43321e+00 2.14300e-01
5.69352e+00 -1.38783e+00 2.32100e-01
5.89715e+00 -1.33834e+00 2.54937e-01
6.07554e+00 -1.29064e+00 2.81094e-01
6.25392e+00 -1.23753e+00 3.16101e-01
6.43231e+00 -1.17702e+00 3.65369e-01
6.61069e+00 -1.10573e+00 4.39483e-01
6.75220e+00 -1.03755e+00 5.30422e-01
6.87307e+00 -9.66755e-01 6.49682e-01
6.96939e+00 -8.97703e-01 7.93677e-01
7.05820e+00 -8.18939e-01 9.94217e-01
7.14701e+00 -7.17717e-01 1.31095e+00
7.22213e+00 -6.04276e-01 1.74333e+00
7.26842e+00 -5.14938e-01 2.13711e+00
7.31061e+00 -4.14972e-01 2.62644e+00
7.34787e+00 -3.06837e-01 3.20362e+00
7.38514e+00 -1.73948e-01 3.96275e+00
7.41556e+00 -4.18404e-02 4.74836e+00
7.44718e+00 1.23445e-01 5.73496e+00
7.47880e+00 3.22283e-01 6.85785e+00
7.51042e+00 5.57091e-01 7.97405e+00
7.53690e+00 7.78420e-01 8.68682e+00
7.56338e+00 1.01303e+00 8.93492e+00
7.58116e+00 1.17062e+00 8.73192e+00
7.59918e+00 1.32359e+00 8.19800e+00
7.61803e+00 1.47040e+00 7.33181e+00
7.63688e+00 1.59873e+00 6.25858e+00
7.65573e+00 1.70594e+00 5.11384e+00
7.67458e+00 1.79187e+00 4.01908e+00
7.68992e+00 1.84726e+00 3.22307e+00
7.70842e+00 1.89910e+00 2.40802e+00
7.72414e+00 1.93237e+00 1.84486e+00
7.73986e+00 1.95767e+00 1.39177e+00
7.75557e+00 1.97663e+00 1.03451e+00
7.77129e+00 1.99061e+00 7.57055e-01
7.78780e+00 2.00119e+00 5.34816e-01
7.80493e+00 2.00880e+00 3.62523e-01
7.82288e+00 2.01406e+00 2.30338e-01
7.84184e+00 2.01742e+00 1.30270e-01
7.86203e+00 2.01925e+00 5.57474e-02
7.88368e+00 2.01983e+00 1.32250e-03
7.90709e+00 2.01937e+00 -3.75217e-02
7.93223e+00 2.01807e+00 -6.42044e-02
7.96025e+00 2.01599e+00 -8.24820e-02
7.99136e+00 2.01322e+00 -9.43608e-02
8.02634e+00 2.00978e+00 -1.01782e-01
8.06623e+00 2.00562e+00 -1.06241e-01
8.11255e+00 2.00063e+00 -1.08856e-01
8.16757e+00 1.99460e+00 -1.10438e-01
8.23493e+00 1.98712e+00 -1.11551e-01
8.32092e+00 1.97748e+00 -1.12594e-01
8.43765e+00 1.96426e+00 -1.13889e-01
8.61255e+00 1.94417e+00 -1.15869e-01
8.96542e+00 1.90253e+00 -1.20215e-01
9.31829e+00 1.85926e+00 -1.25124e-01
9.62718e+00 1.81988e+00 -1.29988e-01
9.93607e+00 1.77889e+00 -1.35509e-01
1.02450e+01 1.73608e+00 -1.41846e-01
1.05539e+01 1.69116e+00 -1.49219e-01
1.08838e+01 1.64042e+00 -1.58599e-01
1.11735e+01 1.59307e+00 -1.68554e-01
1.14633e+01 1.54254e+00 -1.80725e-01
1.17067e+01 1.49706e+00 -1.93327e-01
1.19502e+01 1.44816e+00 -2.08998e-01
1.21586e+01 1.40291e+00 -2.25879e-01
1.23670e+01 1.35369e+00 -2.47426e-01
1.25488e+01 1.30657e+00 -2.71851e-01
1.27307e+01 1.25434e+00 -3.04274e-01
1.29125e+01 1.19514e+00 -3.49438e-01
1.30944e+01 1.12594e+00 -4.16480e-01
1.32415e+01 1.05899e+00 -4.99480e-01
1.33941e+01 9.73139e-01 -6.37794e-01
1.34850e+01 9.09694e-01 -7.66594e-01
1.35750e+01 8.32772e-01 -9.56109e-01
1.36649e+01 7.34391e-01 -1.25420e+00
1.37549e+01 6.00989e-01 -1.75702e+00
1.37970e+01 5.19917e-01 -2.11403e+00
1.38391e+01 4.21335e-01 -2.59391e+00
1.38766e+01 3.13869e-01 -3.16481e+00
1.39154e+01 1.76733e-01 -3.94643e+00
1.39455e+01 4.67596e-02 -4.71886e+00
1.39771e+01 -1.17889e-01 -5.70222e+00
1.40088e+01 -3.16098e-01 -6.82481e+00
1.40405e+01 -5.50433e-01 -7.94681e+00
1.40670e+01 -7.70848e-01 -8.66933e+00
1.40934e+01 -1.00491e+00 -8.93672e+00
1.41113e+01 -1.16374e+00 -8.74780e+00
1.41294e+01 -1.31813e+00 -8.22330e+00
1.41485e+01 -1.46666e+00 -7.35855e+00
1.41650e+01 -1.58101e+00 -6.42549e+00
1.41816e+01 -1.67918e+00 -5.42181e+00
1.41992e+01 -1.76533e+00 -4.37480e+00
1.42183e+01 -1.83898e+00 -3.34682e+00
1.42349e+01 -1.88809e+00 -2.58721e+00
1.42516e+01 -1.92568e+00 -1.96083e+00
1.42682e+01 -1.95394e+00 -1.46024e+00
1.42848e+01 -1.97481e+00 -1.06955e+00
1.43014e+01 -1.98998e+00 -7.69985e-01
1.43180e+01 -2.00080e+00 -5.43277e-01
1.43346e+01 -2.00834e+00 -3.73332e-01
1.43525e+01 -2.01375e+00 -2.38594e-01
1.43714e+01 -2.01723e+00 -1.36474e-01
1.43915e+01 -2.01917e+00 -6.03259e-02
1.44130e+01 -2.01983e+00 -4.63069e-03
1.44363e+01 -2.01944e+00 3.51900e-02
1.44613e+01 -2.01819e+00 6.26416e-02
1.44891e+01 -2.01616e+00 8.14469e-02
1.45200e+01 -2.01344e+00 9.37010e-02
1.45547e+01 -2.01004e+00 1.01378e-01
1.45942e+01 -2.00593e+00 1.06002e-01
1.46400e+01 -2.00101e+00 1.08716e-01
1.46943e+01 -1.99506e+00 1.10349e-01
1.47607e+01 -1.98769e+00 1.11480e-01
1.48451e+01 -1.97824e+00 1.12517e-01
1.49591e+01 -1.96534e+00 1.13783e-01
1.51284e+01 -1.94592e+00 1.15694e-01
1.54512e+01 -1.90795e+00 1.19629e-01
1.57878e+01 -1.86692e+00 1.24222e-01
1.61244e+01 -1.82426e+00 1.29428e-01
1.64609e+01 -1.77971e+00 1.35394e-01
1.67975e+01 -1.73301e+00 1.42324e-01
1.71572e+01 -1.68029e+00 1.51129e-01
1.74691e+01 -1.63175e+00 1.60329e-01
1.77810e+01 -1.58006e+00 1.71525e-01
1.80410e+01 -1.53402e+00 1.82956e-01
1.83010e+01 -1.48469e+00 1.97066e-01
1.85219e+01 -1.43956e+00 2.12014e-01
1.87429e+01 -1.39073e+00 2.30878e-01
1.89341e+01 -1.34466e+00 2.51797e-01
1.91253e+01 -1.29402e+00 2.79086e-01
1.93166e+01 -1.23729e+00 3.16278e-01
1.94786e+01 -1.18268e+00 3.60282e-01
1.96406e+01 -1.11950e+00 4.23619e-01
1.98027e+01 -1.04356e+00 5.21525e-01
1.99209e+01 -9.75747e-01 6.33006e-01
2.00186e+01 -9.07641e-01 7.71167e-01
2.01082e+01 -8.30513e-01 9.62246e-01
2.01979e+01 -7.31824e-01 1.26282e+00
2.02765e+01 -6.17112e-01 1.69047e+00
2.03249e+01 -5.26351e-01 2.08438e+00
2.03677e+01 -4.27498e-01 2.56258e+00
2.04045e+01 -3.23547e-01 3.11165e+00
2.04436e+01 -1.87237e-01 3.88501e+00
2.04738e+01 -5.88602e-02 4.64632e+00
2.05057e+01 1.04330e-01 5.62214e+00
2.05376e+01 3.01138e-01 6.74428e+00
2.05694e+01 5.34483e-01 7.88037e+00
2.05958e+01 7.52970e-01 8.62591e+00
2.06222e+01 9.85971e-01 8.93780e+00
2.06403e+01 1.14705e+00 8.78354e+00
2.06586e+01 1.30357e+00 8.28835e+00
2.06781e+01 1.45675e+00 7.42807e+00
2.06945e+01 1.57154e+00 6.51215e+00
2.07109e+01 1.67049e+00 5.51855e+00
2.07284e+01 1.75762e+00 4.47523e+00
2.07497e+01 1.84039e+00 3.32589e+00
2.07658e+01 1.88785e+00 2.59104e+00
2.07826e+01 1.92578e+00 1.95910e+00
2.07993e+01 1.95422e+00 1.45507e+00
2.08161e+01 1.97517e+00 1.06262e+00
2.08328e+01 1.99034e+00 7.62488e-01
2.08496e+01 2.00113e+00 5.35964e-01
2.08663e+01 2.00862e+00 3.66628e-01
2.08843e+01 2.01394e+00 2.33477e-01
2.09032e+01 2.01735e+00 1.32628e-01
2.09233e+01 2.01922e+00 5.74870e-02
2.09450e+01 2.01983e+00 2.57876e-03
2.09683e+01 2.01940e+00 -3.66368e-02
2.09934e+01 2.01811e+00 -6.36113e-02
2.10213e+01 2.01606e+00 -8.20895e-02
2.10524e+01 2.01331e+00 -9.41108e-02
2.10872e+01 2.00988e+00 -1.01629e-01
2.11270e+01 2.00574e+00 -1.06150e-01
2.11731e+01 2.00078e+00 -1.08803e-01
2.12278e+01 1.99477e+00 -1.10404e-01
2.12948e+01 1.98734e+00 -1.11524e-01
2.13802e+01 1.97777e+00 -1.12564e-01
2.14959e+01 1.96468e+00 -1.13848e-01
2.16686e+01 1.94485e+00 -1.15801e-01
2.20087e+01 1.90476e+00 -1.19973e-01
2.23488e+01 1.86317e+00 -1.24662e-01
2.26890e+01 1.81989e+00 -1.29988e-01
2.30291e+01 1.77466e+00 -1.36109e-01
2.33693e+01 1.72718e+00 -1.43243e-01
2.37276e+01 1.67430e+00 -1.52203e-01
2.40362e+01 1.62594e+00 -1.61512e-01
2.43448e+01 1.57441e+00 -1.72848e-01
2.46022e+01 1.52847e+00 -1.84440e-01
2.48596e+01 1.47922e+00 -1.98764e-01
2.50786e+01 1.43410e+00 -2.13977e-01
2.52975e+01 1.38523e+00 -2.33204e-01
2.54873e+01 1.33903e+00 -2.54591e-01
2.56770e+01 1.28819e+00 -2.82559e-01
2.58668e+01 1.23115e+00 -3.20790e-01
2.60287e+01 1.17573e+00 -3.66546e-01
2.61905e+01 1.11139e+00 -4.32868e-01
2.63524e+01 1.03362e+00 -5.36351e-01
2.64647e+01 9.67517e-01 -6.48251e-01
2.65614e+01 8.98353e-01 -7.92186e-01
2.66502e+01 8.19704e-01 -9.92076e-01
2.67391e+01 7.18662e-01 -1.30768e+00
2.68145e+01 6.05107e-01 -1.73988e+00
2.68608e+01 5.15806e-01 -2.13308e+00
2.69031e+01 4.15916e-01 -2.62160e+00
2.69404e+01 3.07880e-01 -3.19785e+00
2.69777e+01 1.75106e-01 -3.95596e+00
2.70081e+01 4.31668e-02 -4.74040e+00
2.70397e+01 -1.21958e-01 -5.72620e+00
2.70714e+01 -3.20642e-01 -6.84909e+00
2.71030e+01 -5.55342e-01 -7.96692e+00
2.71295e+01 -7.76418e-01 -8.68225e+00
2.71560e+01 -1.01087e+00 -8.93548e+00
2.71738e+01 -1.16866e+00 -8.73651e+00
2.71918e+01 -1.32203e+00 -8.20526e+00
2.72107e+01 -1.46933e+00 -7.33949e+00
2.72273e+01 -1.58356e+00 -6.40182e+00
2.72439e+01 -1.68152e+00 -5.39548e+00
2.72616e+01 -1.76742e+00 -4.34740e+00
2.72804e+01 -1.83969e+00 -3.33626e+00
2.72969e+01 -1.88832e+00 -2.58355e+00
2.73134e+01 -1.92561e+00 -1.96209e+00
2.73299e+01 -1.95370e+00 -1.46457e+00
2.73464e+01 -1.97450e+00 -1.07548e+00
2.73629e+01 -1.98966e+00 -7.76466e-01
2.73794e+01 -2.00050e+00 -5.49642e-01
2.73964e+01 -2.00831e+00 -3.73962e-01
2.74143e+01 -2.01373e+00 -2.39062e-01
2.74332e+01 -2.01722e+00 -1.36825e-01
2.74533e+01 -2.01916e+00 -6.05855e-02
2.74748e+01 -2.01982e+00 -4.81839e-03
2.74981e+01 -2.01944e+00 3.50576e-02
2.75231e+01 -2.01819e+00 6.25528e-02
2.75509e+01 -2.01617e+00 8.13880e-02
2.75818e+01 -2.01345e+00 9.36634e-02
2.76164e+01 -2.01006e+00 1.01355e-01
2.76559e+01 -2.00595e+00 1.05988e-01
2.77017e+01 -2.00103e+00 1.08708e-01
2.77560e+01 -1.99508e+00 1.10344e-01
2.78223e+01 -1.98773e+00 1.11476e-01
2.79066e+01 -1.97828e+00 1.12513e-01
2.80204e+01 -1.96540e+00 1.13778e-01
2.81894e+01 -1.94602e+00 1.15684e-01
2.85108e+01 -1.90822e+00 1.19600e-01
2.88475e+01 -1.86720e+00 1.24191e-01
2.91841e+01 -1.82453e+00 1.29392e-01
2.95207e+01 -1.78000e+00 1.35354e-01
2.98574e+01 -1.73329e+00 1.42279e-01
3.02172e+01 -1.68057e+00 1.51079e-01
3.05293e+01 -1.63203e+00 1.60274e-01
3.08414e+01 -1.58032e+00 1.71463e-01
3.11015e+01 -1.53428e+00 1.82887e-01
3.13616e+01 -1.48494e+00 1.96987e-01
3.15826e+01 -1.43982e+00 2.11924e-01
3.18036e+01 -1.39099e+00 2.30771e-01
3.19949e+01 -1.34492e+00 2.51668e-01
3.21862e+01 -1.29429e+00 2.78927e-01
3.23775e+01 -1.23758e+00 3.16071e-01
3.25396e+01 -1.18300e+00 3.59997e-01
3.27016e+01 -1.11988e+00 4.23201e-01
3.28637e+01 -1.04401e+00 5.20859e-01
3.29822e+01 -9.76113e-01 6.32336e-01
3.30799e+01 -9.08056e-01 7.70240e-01
3.31696e+01 -8.30993e-01 9.60938e-01
3.32593e+01 -7.32405e-01 1.26087e+00
3.33381e+01 -6.17615e-01 1.68842e+00
3.33865e+01 -5.26908e-01 2.08183e+00
3.34293e+01 -4.28104e-01 2.55951e+00
3.34661e+01 -3.24231e-01 3.10791e+00
3.35053e+01 -1.87975e-01 3.88070e+00
3.35355e+01 -5.97102e-02 4.64123e+00
3.35674e+01 1.03378e-01 5.61651e+00
3.35993e+01 3.00088e-01 6.73859e+00
3.36312e+01 5.33364e-01 7.87564e+00
3.36576e+01 7.51731e-01 8.62279e+00
3.36840e+01 9.84672e-01 8.93771e+00
3.37021e+01 1.14585e+00 8.78596e+00
3.37204e+01 1.30261e+00 8.29251e+00
3.37398e+01 1.45612e+00 7.43245e+00
3.37563e+01 1.57093e+00 6.51767e+00
3.37727e+01 1.66993e+00 5.52476e+00
3.37902e+01 1.75712e+00 4.48167e+00
3.38114e+01 1.83984e+00 3.33408e+00
3.38275e+01 1.88749e+00 2.59692e+00
3.38443e+01 1.92553e+00 1.96343e+00
3.38611e+01 1.95405e+00 1.45814e+00
3.38778e+01 1.97506e+00 1.06472e+00
3.38946e+01 1.99028e+00 7.63887e-01
3.39114e+01 2.00109e+00 5.36866e-01
3.39281e+01 2.00860e+00 3.67189e-01
3.39461e+01 2.01392e+00 2.33905e-01
3.39650e+01 2.01734e+00 1.32949e-01
3.39851e+01 2.01921e+00 5.77239e-02
3.40067e+01 2.01983e+00 2.74997e-03
3.40301e+01 2.01940e+00 -3.65161e-02
3.40552e+01 2.01812e+00 -6.35305e-02
3.40831e+01 2.01607e+00 -8.20360e-02
3.41141e+01 2.01332e+00 -9.40767e-02
3.41490e+01 2.00989e+00 -1.01608e-01
3.41887e+01 2.00576e+00 -1.06138e-01
3.42348e+01 2.00080e+00 -1.08796e-01
3.42895e+01 1.99480e+00 -1.10399e-01
3.43564e+01 1.98737e+00 -1.11521e-01
3.44417e+01 1.97781e+00 -1.12560e-01
3.45572e+01 1.96473e+00 -1.13843e-01
3.47297e+01 1.94494e+00 -1.15792e-01
3.50682e+01 1.90505e+00 -1.19942e-01
3.54068e+01 1.86367e+00 -1.24603e-01
3.57453e+01 1.82061e+00 -1.29895e-01
3.60839e+01 1.77563e+00 -1.35971e-01
3.64224e+01 1.72843e+00 -1.43044e-01
3.67807e+01 1.67564e+00 -1.51961e-01
3.70900e+01 1.62724e+00 -1.61245e-01
3.73993e+01 1.57568e+00 -1.72549e-01
3.76573e+01 1.52972e+00 -1.84104e-01
3.79153e+01 1.48045e+00 -1.98380e-01
3.81347e+01 1.43533e+00 -2.13532e-01
3.83541e+01 1.38647e+00 -2.32676e-01
3.85442e+01 1.34030e+00 -2.53956e-01
3.87342e+01 1.28951e+00 -2.81769e-01
3.89243e+01 1.23254e+00 -3.19762e-01
3.90862e+01 1.17731e+00 -3.65112e-01
3.92481e+01 1.11324e+00 -4.30738e-01
3.94100e+01 1.03589e+00 -5.32915e-01
3.95236e+01 9.69431e-01 -6.44670e-01
3.96205e+01 9.00509e-01 -7.87259e-01
3.97096e+01 8.22225e-01 -9.85050e-01
3.97986e+01 7.21749e-01 -1.29706e+00
3.98748e+01 6.07825e-01 -1.72862e+00
3.99214e+01 5.18641e-01 -2.11993e+00
3.99638e+01 4.19001e-01 -2.60582e+00
4.00012e+01 3.11290e-01 -3.17902e+00
4.00386e+01 1.78888e-01 -3.93381e+00
4.00691e+01 4.74971e-02 -4.71443e+00
4.01008e+01 -1.17103e-01 -5.69759e+00
4.01325e+01 -3.15285e-01 -6.82045e+00
4.01642e+01 -5.49634e-01 -7.94352e+00
4.01906e+01 -7.69922e-01 -8.66715e+00
4.02170e+01 -1.00390e+00 -8.93688e+00
4.02350e+01 -1.16282e+00 -8.74986e+00
4.02531e+01 -1.31740e+00 -8.22663e+00
4.02721e+01 -1.46616e+00 -7.36207e+00
4.02887e+01 -1.58053e+00 -6.42987e+00
4.03053e+01 -1.67875e+00 -5.42670e+00
4.03229e+01 -1.76495e+00 -4.37988e+00
4.03421e+01 -1.83885e+00 -3.34875e+00
4.03587e+01 -1.88797e+00 -2.58917e+00
4.03753e+01 -1.92557e+00 -1.96270e+00
4.03919e+01 -1.95384e+00 -1.46193e+00
4.04085e+01 -1.97473e+00 -1.07103e+00
4.04251e+01 -1.98991e+00 -7.71241e-01
4.04417e+01 -2.00075e+00 -5.44320e-01
4.04583e+01 -2.00831e+00 -3.74183e-01
4.04762e+01 -2.01372e+00 -2.39244e-01
4.04950e+01 -2.01722e+00 -1.36962e-01
4.05151e+01 -2.01916e+00 -6.06868e-02
4.05367e+01 -2.01982e+00 -4.89170e-03
4.05599e+01 -2.01944e+00 3.50059e-02
4.05849e+01 -2.01819e+00 6.25181e-02
4.06127e+01 -2.01617e+00 8.13650e-02
4.06436e+01 -2.01345e+00 9.36487e-02
4.06783e+01 -2.01006e+00 1.01346e-01
4.07177e+01 -2.00596e+00 1.05983e-01
4.07635e+01 -2.00104e+00 1.08705e-01
4.08178e+01 -1.99509e+00 1.10342e-01
4.08840e+01 -1.98774e+00 1.11475e-01
4.09683e+01 -1.97830e+00 1.12511e-01
4.10821e+01 -1.96542e+00 1.13775e-01
4.12510e+01 -1.94605e+00 1.15681e-01
4.15718e+01 -1.90832e+00 1.19589e-01
4.19085e+01 -1.86730e+00 1.24178e-01
4.22452e+01 -1.82464e+00 1.29379e-01
4.25818e+01 -1.78010e+00 1.35339e-01
4.29185e+01 -1.73341e+00 1.42261e-01
4.32784e+01 -1.68068e+00 1.51059e-01
4.35905e+01 -1.63213e+00 1.60253e-01
4.39027e+01 -1.58042e+00 1.71440e-01
4.41628e+01 -1.53438e+00 1.82860e-01
4.44230e+01 -1.48504e+00 1.96957e-01
4.46440e+01 -1.43992e+00 2.11889e-01
4.48651e+01 -1.39108e+00 2.30729e-01
4.50564e+01 -1.34502e+00 2.51618e-01
4.52477e+01 -1.29440e+00 2.78865e-01
4.54391e+01 -1.23769e+00 3.15991e-01
4.56011e+01 -1.18312e+00 3.59887e-01
4.57632e+01 -1.12002e+00 4.23040e-01
4.59252e+01 -1.04419e+00 5.20603e-01
4.60439e+01 -9.76254e-01 6.32078e-01
4.61416e+01 -9.08216e-01 7.69884e-01
4.62313e+01 -8.31178e-01 9.60436e-01
4.63210e+01 -7.32628e-01 1.26012e+00
4.63999e+01 -6.17808e-01 1.68763e+00
4.64483e+01 -5.27122e-01 2.08085e+00
4.64911e+01 -4.28337e-01 2.55833e+00
4.65279e+01 -3.24493e-01 3.10647e+00
4.65671e+01 -1.88259e-01 3.87904e+00
4.65973e+01 -6.00366e-02 4.63927e+00
4.66292e+01 1.03013e-01 5.61434e+00
4.66611e+01 2.99685e-01 6.73641e+00
4.66930e+01 5.32934e-01 7.87383e+00
4.67194e+01 7.51255e-01 8.62159e+00
4.67458e+01 9.84175e-01 8.93767e+00
4.67639e+01 1.14539e+00 8.78688e+00
4.67822e+01 1.30224e+00 8.29411e+00
4.68017e+01 1.45588e+00 7.43413e+00
4.68181e+01 1.57069e+00 6.51979e+00
4.68346e+01 1.66972e+00 5.52714e+00
4.68520e+01 1.75693e+00 4.48413e+00
4.68732e+01 1.83963e+00 3.33721e+00
4.68894e+01 1.88735e+00 2.59917e+00
4.69061e+01 1.92544e+00 1.96508e+00
4.69229e+01 1.95399e+00 1.45931e+00
4.69397e+01 1.97502e+00 1.06553e+00
4.69565e+01 1.99025e+00 7.64419e-01
4.69732e+01 2.00108e+00 5.37208e-01
4.69900e+01 2.00859e+00 3.67401e-01
4.70079e+01 2.01392e+00 2.34067e-01
4.70268e+01 2.01734e+00 1.33071e-01
4.70470e+01 2.01921e+00 5.78136e-02
4.70686e+01 2.01983e+00 2.81474e-03
4.70919e+01 2.01940e+00 -3.64705e-02
4.71170e+01 2.01812e+00 -6.34999e-02
4.71450e+01 2.01607e+00 -8.20157e-02
4.71760e+01 2.01332e+00 -9.40638e-02
4.72108e+01 2.00990e+00 -1.01600e-01
4.72505e+01 2.00576e+00 -1.06133e-01
4.72966e+01 2.00080e+00 -1.08793e-01
4.73513e+01 1.99481e+00 -1.10398e-01
4.74182e+01 1.98738e+00 -1.11519e-01
4.75035e+01 1.97783e+00 -1.12559e-01
4.76189e+01 1.96475e+00 -1.13841e-01
4.77912e+01 1.94497e+00 -1.15789e-01
4.81292e+01 1.90515e+00 -1.19930e-01
4.84671e+01 1.86385e+00 -1.24582e-01
4.88051e+01 1.82088e+00 -1.29860e-01
4.91431e+01 1.77599e+00 -1.35919e-01
4.94810e+01 1.72890e+00 -1.42970e-01
4.98392e+01 1.67614e+00 -1.51871e-01
5.01488e+01 1.62773e+00 -1.61146e-01
5.04584e+01 1.57615e+00 -1.72437e-01
5.07166e+01 1.53019e+00 -1.83979e-01
5.09748e+01 1.48091e+00 -1.98236e-01
5.11944e+01 1.43579e+00 -2.13366e-01
5.14140e+01 1.38693e+00 -2.32480e-01
5.16042e+01 1.34077e+00 -2.53720e-01
5.17944e+01 1.29000e+00 -2.81475e-01
5.19846e+01 1.23306e+00 -3.19380e-01
5.21465e+01 1.17789e+00 -3.64580e-01
5.23084e+01 1.11392e+00 -4.29951e-01
5.24703e+01 1.03674e+00 -5.31648e-01
5.25844e+01 9.70137e-01 -6.43356e-01
5.26814e+01 9.01304e-01 -7.85449e-01
5.27705e+01 8.23153e-01 -9.82476e-01
5.28596e+01 7.22882e-01 -1.29318e+00
5.29358e+01 6.09288e-01 -1.72257e+00
5.29826e+01 5.20122e-01 -2.11308e+00
5.30250e+01 4.20616e-01 -2.59758e+00
5.30625e+01 3.13076e-01 -3.16918e+00
5.31012e+01 1.75874e-01 -3.95146e+00
5.31313e+01 4.57674e-02 -4.72481e+00
5.31630e+01 -1.19001e-01 -5.70878e+00
5.31946e+01 -3.17326e-01 -6.83138e+00
5.32263e+01 -5.51742e-01 -7.95219e+00
5.32528e+01 -7.72334e-01 -8.67280e+00
5.32792e+01 -1.00650e+00 -8.93643e+00
5.32971e+01 -1.16468e+00 -8.74566e+00
5.33152e+01 -1.31887e+00 -8.21987e+00
5.33342e+01 -1.46717e+00 -7.35493e+00
5.33507e+01 -1.58149e+00 -6.42099e+00
5.33673e+01 -1.67963e+00 -5.41680e+00
5.33849e+01 -1.76573e+00 -4.36959e+00
5.34040e+01 -1.83911e+00 -3.34484e+00
5.34206e+01 -1.88821e+00 -2.58519e+00
5.34373e+01 -1.92579e+00 -1.95891e+00
5.34539e+01 -1.95403e+00 -1.45850e+00
5.34705e+01 -1.97489e+00 -1.06803e+00
5.34871e+01 -1.99004e+00 -7.68698e-01
5.35037e+01 -2.00085e+00 -5.42209e-01
5.35204e+01 -2.00838e+00 -3.72460e-01
5.35382e+01 -2.01377e+00 -2.37929e-01
5.35571e+01 -2.01725e+00 -1.35974e-01
5.35772e+01 -2.01917e+00 -5.99566e-02
5.35988e+01 -2.01983e+00 -4.36365e-03
5.36221e+01 -2.01943e+00 3.53784e-02
5.36471e+01 -2.01818e+00 6.27678e-02
5.36749e+01 -2.01615e+00 8.15306e-02
5.37058e+01 -2.01342e+00 9.37544e-02
5.37405e+01 -2.01002e+00 1.01411e-01
5.37801e+01 -2.00591e+00 1.06021e-01
5.38259e+01 -2.00098e+00 1.08727e-01
5.38803e+01 -1.99502e+00 1.10356e-01
5.39467e+01 -1.98765e+00 1.11486e-01
5.40313e+01 -1.97818e+00 1.12523e-01
5.41455e+01 -1.96526e+00 1.13792e-01
5.43152e+01 -1.94578e+00 1.15708e-01
5.46401e+01 -1.90756e+00 1.19671e-01
5.49766e+01 -1.86653e+00 1.24268e-01
5.53131e+01 -1.82386e+00 1.29479e-01
5.56496e+01 -1.77930e+00 1.35452e-01
5.59861e+01 -1.73259e+00 1.42390e-01
5.63455e+01 -1.67988e+00 1.51202e-01
5.66572e+01 -1.63136e+00 1.60409e-01
5.69689e+01 -1.57967e+00 1.71614e-01
5.72287e+01 -1.53365e+00 1.83056e-01
5.74886e+01 -1.48432e+00 1.97180e-01
5.77093e+01 -1.43919e+00 2.12146e-01
5.79301e+01 -1.39036e+00 2.31035e-01
5.81212e+01 -1.34428e+00 2.51984e-01
5.83124e+01 -1.29363e+00 2.79319e-01
5.85035e+01 -1.23688e+00 3.16580e-01
5.86655e+01 -1.18221e+00 3.60699e-01
5.88275e+01 -1.11896e+00 4.24231e-01
5.89896e+01 -1.04290e+00 5.22497e-01
5.91074e+01 -9.75210e-01 6.33988e-01
5.92050e+01 -9.07034e-01 7.72525e-01
5.92946e+01 -8.29810e-01 9.64162e-01
5.93842e+01 -7.30974e-01 1.26569e+00
5.94626e+01 -6.16373e-01 1.69349e+00
5.95109e+01 -5.25535e-01 2.08813e+00
5.95536e+01 -4.26609e-01 2.56709e+00
5.95904e+01 -3.22545e-01 3.11714e+00
5.96295e+01 -1.86155e-01 3.89133e+00
5.96597e+01 -5.76138e-02 4.65379e+00
5.96916e+01 1.05726e-01 5.63040e+00
5.97234e+01 3.02678e-01 6.75261e+00
5.97553e+01 5.36125e-01 7.88729e+00
5.97817e+01 7.54791e-01 8.63046e+00
5.98081e+01 9.87884e-01 8.93788e+00
5.98262e+01 1.14881e+00 8.77996e+00
5.98444e+01 1.30498e+00 8.28221e+00
5.98638e+01 1.45769e+00 7.42159e+00
5.98803e+01 1.57243e+00 6.50401e+00
5.98967e+01 1.67132e+00 5.50939e+00
5.99142e+01 1.75835e+00 4.46574e+00
5.99356e+01 1.84121e+00 3.31375e+00
5.99516e+01 1.88839e+00 2.58231e+00
5.99684e+01 1.92616e+00 1.95267e+00
5.99851e+01 1.95447e+00 1.45050e+00
6.00019e+01 1.97533e+00 1.05948e+00
6.00186e+01 1.99045e+00 7.60396e-01
6.00353e+01 2.00119e+00 5.34612e-01
6.00521e+01 2.00866e+00 3.65783e-01
6.00700e+01 2.01396e+00 2.32833e-01
6.00889e+01 2.01736e+00 1.32144e-01
6.01091e+01 2.01923e+00 5.71300e-02
6.01307e+01 2.01983e+00 2.32093e-03
6.01541e+01 2.01939e+00 -3.68184e-02
6.01792e+01 2.01811e+00 -6.37331e-02
6.02071e+01 2.01604e+00 -8.21701e-02
6.02382e+01 2.01329e+00 -9.41622e-02
6.02731e+01 2.00986e+00 -1.01660e-01
6.03128e+01 2.00572e+00 -1.06169e-01
6.03590e+01 2.00075e+00 -1.08814e-01
6.04138e+01 1.99474e+00 -1.10411e-01
6.04809e+01 1.98729e+00 -1.11530e-01
6.05664e+01 1.97771e+00 -1.12570e-01
6.06822e+01 1.96459e+00 -1.13856e-01
6.08554e+01 1.94471e+00 -1.15815e-01
6.11980e+01 1.90432e+00 -1.20020e-01
6.15406e+01 1.86241e+00 -1.24751e-01
6.18832e+01 1.81877e+00 -1.30131e-01
6.21828e+01 1.77899e+00 -1.35495e-01
6.24825e+01 1.73749e+00 -1.41626e-01
6.27822e+01 1.69402e+00 -1.48727e-01
6.30818e+01 1.64824e+00 -1.57075e-01
6.33815e+01 1.59972e+00 -1.67080e-01
6.36811e+01 1.54788e+00 -1.79355e-01
6.39266e+01 1.50237e+00 -1.91762e-01
6.41721e+01 1.45348e+00 -2.07172e-01
6.43823e+01 1.40826e+00 -2.23748e-01
6.45924e+01 1.35912e+00 -2.44867e-01
6.47756e+01 1.31218e+00 -2.68722e-01
6.49587e+01 1.26022e+00 -3.00303e-01
6.51419e+01 1.20145e+00 -3.44140e-01
6.53250e+01 1.13291e+00 -4.08924e-01
6.54742e+01 1.06633e+00 -4.89390e-01
6.56286e+01 9.81360e-01 -6.22828e-01
6.57214e+01 9.18082e-01 -7.48177e-01
6.58122e+01 8.42421e-01 -9.30260e-01
6.59063e+01 7.41988e-01 -1.22894e+00
6.59866e+01 6.27909e-01 -1.64677e+00
6.60351e+01 5.39338e-01 -2.02522e+00
6.60786e+01 4.41602e-01 -2.49151e+00
6.61172e+01 3.35355e-01 -3.04724e+00
6.61557e+01 2.04331e-01 -3.78550e+00
6.61864e+01 7.73463e-02 -4.53565e+00
6.62185e+01 -8.36732e-02 -5.49965e+00
6.62507e+01 -2.78400e-01 -6.62030e+00
6.62829e+01 -5.10288e-01 -7.77643e+00
6.63093e+01 -7.26578e-01 -8.55649e+00
6.63366e+01 -9.66753e-01 -8.93451e+00
6.63554e+01 -1.13338e+00 -8.80991e+00
6.63739e+01 -1.29262e+00 -8.33508e+00
6.63911e+01 -1.43036e+00 -7.60480e+00
6.64084e+01 -1.55363e+00 -6.67133e+00
6.64256e+01 -1.65977e+00 -5.63582e+00
6.64428e+01 -1.74792e+00 -4.59949e+00
6.64632e+01 -1.83006e+00 -3.47829e+00
6.64798e+01 -1.88107e+00 -2.69971e+00
6.64964e+01 -1.92027e+00 -2.05365e+00
6.65129e+01 -1.94984e+00 -1.53470e+00
6.65295e+01 -1.97176e+00 -1.12805e+00
6.65461e+01 -1.98774e+00 -8.15225e-01
6.65627e+01 -1.99919e+00 -5.77862e-01
6.65792e+01 -2.00722e+00 -3.99549e-01
6.65970e+01 -2.01299e+00 -2.58620e-01
6.66157e+01 -2.01677e+00 -1.51549e-01
6.66355e+01 -2.01894e+00 -7.14778e-02
6.66568e+01 -2.01979e+00 -1.27105e-02
6.66798e+01 -2.01957e+00 2.94773e-02
6.67046e+01 -2.01844e+00 5.88118e-02
6.67320e+01 -2.01654e+00 7.88997e-02
6.67623e+01 -2.01393e+00 9.20697e-02
6.67963e+01 -2.01064e+00 1.00375e-01
6.68349e+01 -2.00665e+00 1.05407e-01
6.68796e+01 -2.00187e+00 1.08368e-01
6.69323e+01 -1.99610e+00 1.10130e-01
6.69964e+01 -1.98901e+00 1.11312e-01
6.70773e+01 -1.97996e+00 1.12342e-01
6.71853e+01 -1.96776e+00 1.13548e-01
6.73426e+01 -1.94976e+00 1.15312e-01
6.76193e+01 -1.91741e+00 1.18621e-01
6.79599e+01 -1.87624e+00 1.23145e-01
6.83006e+01 -1.83344e+00 1.28267e-01
6.86412e+01 -1.78878e+00 1.34132e-01
6.88997e+01 -1.75347e+00 1.39196e-01
6.91976e+01 -1.71103e+00 1.45859e-01
6.94954e+01 -1.66646e+00 1.53635e-01
6.98112e+01 -1.61643e+00 1.63484e-01
7.00888e+01 -1.56965e+00 1.73978e-01
7.03663e+01 -1.51965e+00 1.86852e-01
7.06004e+01 -1.47439e+00 2.00292e-01
7.08345e+01 -1.42561e+00 2.17097e-01
7.10358e+01 -1.38014e+00 2.35396e-01
7.12371e+01 -1.33049e+00 2.58939e-01
7.14138e+01 -1.28245e+00 2.86058e-01
7.15905e+01 -1.22885e+00 3.22512e-01
7.17672e+01 -1.16758e+00 3.74104e-01
7.19439e+01 -1.09509e+00 4.52281e-01
7.20827e+01 -1.02617e+00 5.47789e-01
7.21978e+01 -9.56661e-01 6.68956e-01
7.22929e+01 -8.86347e-01 8.20151e-01
7.23808e+01 -8.05521e-01 1.03237e+00
7.24688e+01 -7.01085e-01 1.36932e+00
7.25362e+01 -5.95960e-01 1.77809e+00
7.25821e+01 -5.05720e-01 2.18020e+00
7.26238e+01 -4.04973e-01 2.67789e+00
7.26607e+01 -2.95774e-01 3.26500e+00
7.26976e+01 -1.61670e-01 4.03486e+00
7.27279e+01 -2.77359e-02 4.83298e+00
7.27593e+01 1.39270e-01 5.82791e+00
7.27907e+01 3.39753e-01 6.95034e+00
7.28221e+01 5.75705e-01 8.04858e+00
7.28488e+01 8.00089e-01 8.73388e+00
7.28754e+01 1.03671e+00 8.92504e+00
7.28929e+01 1.19142e+00 8.67982e+00
7.29106e+01 1.34021e+00 8.11813e+00
7.29290e+01 1.48203e+00 7.24723e+00
7.29474e+01 1.60590e+00 6.18929e+00
7.29658e+01 1.70955e+00 5.07105e+00
7.29842e+01 1.79295e+00 4.00432e+00
7.29995e+01 1.84783e+00 3.21455e+00
7.30179e+01 1.89941e+00 2.40292e+00
7.30337e+01 1.93262e+00 1.84049e+00
7.30494e+01 1.95787e+00 1.38813e+00
7.30651e+01 1.97678e+00 1.03152e+00
7.30808e+01 1.99073e+00 7.54645e-01
7.30973e+01 2.00127e+00 5.32941e-01
7.31145e+01 2.00886e+00 3.61077e-01
7.31324e+01 2.01410e+00 2.29235e-01
7.31514e+01 2.01744e+00 1.29442e-01
7.31716e+01 2.01926e+00 5.51368e-02
7.31933e+01 2.01983e+00 8.81725e-04
7.32167e+01 2.01936e+00 -3.78320e-02
7.32419e+01 2.01805e+00 -6.44124e-02
7.32699e+01 2.01597e+00 -8.26196e-02
7.33011e+01 2.01320e+00 -9.44484e-02
7.33361e+01 2.00974e+00 -1.01835e-01
7.33760e+01 2.00558e+00 -1.06272e-01
7.34224e+01 2.00058e+00 -1.08875e-01
7.34775e+01 1.99453e+00 -1.10450e-01
7.35450e+01 1.98704e+00 -1.11561e-01
7.36312e+01 1.97737e+00 -1.12604e-01
7.37483e+01 1.96411e+00 -1.13903e-01
7.39240e+01 1.94393e+00 -1.15894e-01
7.42819e+01 1.90168e+00 -1.20308e-01
7.46397e+01 1.85775e+00 -1.25303e-01
7.49470e+01 1.81852e+00 -1.30163e-01
7.52542e+01 1.77770e+00 -1.35676e-01
7.55615e+01 1.73507e+00 -1.42003e-01
7.58687e+01 1.69034e+00 -1.49361e-01
7.61977e+01 1.63970e+00 -1.58741e-01
7.65267e+01 1.58566e+00 -1.70234e-01
7.67893e+01 1.53952e+00 -1.81508e-01
7.70519e+01 1.49011e+00 -1.95410e-01
7.72747e+01 1.44498e+00 -2.10105e-01
7.74976e+01 1.39617e+00 -2.28620e-01
7.76904e+01 1.35022e+00 -2.49092e-01
7.78831e+01 1.29976e+00 -2.75736e-01
7.80758e+01 1.24332e+00 -3.11943e-01
7.82381e+01 1.18944e+00 -3.54334e-01
7.84004e+01 1.12733e+00 -4.14954e-01
7.85627e+01 1.05303e+00 -5.07855e-01
7.86875e+01 9.83191e-01 -6.19546e-01
7.87865e+01 9.15653e-01 -7.53467e-01
7.88770e+01 8.39749e-01 -9.37359e-01
7.89707e+01 7.38928e-01 -1.23907e+00
7.90501e+01 6.25202e-01 -1.65766e+00
7.90984e+01 5.36521e-01 -2.03798e+00
7.91418e+01 4.38518e-01 -2.50698e+00
7.91802e+01 3.32011e-01 -3.06543e+00
7.92186e+01 2.00709e-01 -3.80654e+00
7.92491e+01 7.32080e-02 -4.56040e+00
7.92813e+01 -8.83001e-02 -5.52713e+00
7.93134e+01 -2.83499e-01 -6.64826e+00
7.93455e+01 -5.15722e-01 -7.80010e+00
7.93719e+01 -7.32429e-01 -8.57242e+00
7.93983e+01 -9.64664e-01 -8.93389e+00
7.94171e+01 -1.13225e+00 -8.81200e+00
7.94356e+01 -1.29170e+00 -8.33891e+00
7.94529e+01 -1.42950e+00 -7.61033e+00
7.94701e+01 -1.55286e+00 -6.67803e+00
7.94874e+01 -1.65911e+00 -5.64301e+00
7.95046e+01 -1.74737e+00 -4.60654e+00
7.95249e+01 -1.82948e+00 -3.48674e+00
7.95415e+01 -1.88069e+00 -2.70567e+00
7.95581e+01 -1.92004e+00 -2.05753e+00
7.95747e+01 -1.94971e+00 -1.53701e+00
7.95913e+01 -1.97169e+00 -1.12924e+00
7.96079e+01 -1.98772e+00 -8.15681e-01
7.96245e+01 -1.99919e+00 -5.77863e-01
7.96411e+01 -2.00723e+00 -3.99294e-01
7.96589e+01 -2.01300e+00 -2.58423e-01
7.96776e+01 -2.01677e+00 -1.51401e-01
7.96975e+01 -2.01894e+00 -7.13683e-02
7.97187e+01 -2.01979e+00 -1.26309e-02
7.97417e+01 -2.01957e+00 2.95336e-02
7.97665e+01 -2.01844e+00 5.88495e-02
7.97939e+01 -2.01653e+00 7.89249e-02
7.98242e+01 -2.01392e+00 9.20859e-02
7.98582e+01 -2.01063e+00 1.00385e-01
7.98969e+01 -2.00665e+00 1.05413e-01
7.99416e+01 -2.00186e+00 1.08371e-01
7.99943e+01 -1.99609e+00 1.10133e-01
8.00584e+01 -1.98900e+00 1.11314e-01
8.01393e+01 -1.97994e+00 1.12343e-01
8.02474e+01 -1.96774e+00 1.13550e-01
8.04048e+01 -1.94972e+00 1.15315e-01
8.06818e+01 -1.91733e+00 1.18630e-01
8.10224e+01 -1.87617e+00 1.23154e-01
8.13630e+01 -1.83337e+00 1.28276e-01
8.17036e+01 -1.78871e+00 1.34141e-01
8.19620e+01 -1.75340e+00 1.39206e-01
8.22599e+01 -1.71096e+00 1.45870e-01
8.25578e+01 -1.66639e+00 1.53648e-01
8.28736e+01 -1.61636e+00 1.63499e-01
8.31510e+01 -1.56958e+00 1.73994e-01
8.34285e+01 -1.51958e+00 1.86870e-01
8.36626e+01 -1.47432e+00 2.00314e-01
8.38967e+01 -1.42554e+00 2.17122e-01
8.40980e+01 -1.38007e+00 2.35426e-01
8.42992e+01 -1.33042e+00 2.58975e-01
8.44759e+01 -1.28237e+00 2.86102e-01
8.46526e+01 -1.22877e+00 3.22570e-01
8.48293e+01 -1.16750e+00 3.74184e-01
8.50060e+01 -1.09499e+00 4.52398e-01
8.51448e+01 -1.02607e+00 5.47948e-01
8.52598e+01 -9.56569e-01 6.69136e-01
8.53549e+01 -8.86243e-01 8.20398e-01
8.54428e+01 -8.05397e-01 1.03273e+00
8.55308e+01 -7.00930e-01 1.36988e+00
8.55982e+01 -5.95877e-01 1.77844e+00
8.56440e+01 -5.05629e-01 2.18062e+00
8.56857e+01 -4.04874e-01 2.67840e+00
8.57226e+01 -2.95665e-01 3.26561e+00
8.57595e+01 -1.61548e-01 4.03557e+00
8.57898e+01 -2.75960e-02 4.83382e+00
8.58212e+01 1.39427e-01 5.82883e+00
8.58526e+01 3.39926e-01 6.95125e+00
8.58840e+01 5.75890e-01 8.04931e+00
8.59107e+01 8.00308e-01 8.73433e+00
8.59373e+01 1.03696e+00 8.92490e+00
8.59548e+01 1.19164e+00 8.67924e+00
8.59725e+01 1.34038e+00 8.11727e+00
8.59909e+01 1.48215e+00 7.24631e+00
8.60093e+01 1.60598e+00 6.18852e+00
8.60277e+01 1.70960e+00 5.07055e+00
8.60461e+01 1.79296e+00 4.00411e+00
8.60614e+01 1.84784e+00 3.21443e+00
8.60798e+01 1.89941e+00 2.40285e+00
8.60955e+01 1.93263e+00 1.84042e+00
8.61113e+01 1.95787e+00 1.38807e+00
8.61270e+01 1.97678e+00 1.03148e+00
8.61427e+01 1.99073e+00 7.54608e-01
8.61592e+01 2.00127e+00 5.32913e-01
8.61764e+01 2.00886e+00 3.61055e-01
8.61943e+01 2.01410e+00 2.29219e-01
8.62133e+01 2.01744e+00 1.29430e-01
8.62335e+01 2.01926e+00 5.51276e-02
8.62552e+01 2.01983e+00 8.75069e-04
8.62786e+01 2.01936e+00 -3.78367e-02
8.63038e+01 2.01805e+00 -6.44155e-02
8.63318e+01 2.01597e+00 -8.26217e-02
8.63629e+01 2.01319e+00 -9.44497e-02
8.63980e+01 2.00974e+00 -1.01836e-01
8.64379e+01 2.00558e+00 -1.06273e-01
8.64843e+01 2.00058e+00 -1.08875e-01
8.65394e+01 1.99453e+00 -1.10450e-01
8.66069e+01 1.98704e+00 -1.11561e-01
8.66931e+01 1.97737e+00 -1.12605e-01
8.68102e+01 1.96411e+00 -1.13903e-01
8.69859e+01 1.94392e+00 -1.15894e-01
8.73439e+01 1.90167e+00 -1.20309e-01
8.77018e+01 1.85773e+00 -1.25306e-01
8.80090e+01 1.81850e+00 -1.30165e-01
8.83162e+01 1.77769e+00 -1.35679e-01
8.86235e+01 1.73505e+00 -1.42006e-01
8.89307e+01 1.69033e+00 -1.49363e-01
8.92597e+01 1.63969e+00 -1.58744e-01
8.95887e+01 1.58565e+00 -1.70236e-01
8.98512e+01 1.53952e+00 -1.81510e-01
9.01138e+01 1.49010e+00 -1.95412e-01
9.03367e+01 1.44497e+00 -2.10108e-01
9.05595e+01 1.39616e+00 -2.28624e-01
9.07523e+01 1.35021e+00 -2.49096e-01
9.09450e+01 1.29975e+00 -2.75742e-01
9.11377e+01 1.24331e+00 -3.11951e-01
9.13000e+01 1.18943e+00 -3.54344e-01
9.14623e+01 1.12732e+00 -4.14968e-01
9.16246e+01 1.05301e+00 -5.07878e-01
9.17494e+01 9.83179e-01 -6.19568e-01
9.18484e+01 9.15640e-01 -7.53493e-01
9.19389e+01 8.39735e-01 -9.37396e-01
9.20326e+01 7.38912e-01 -1.23913e+00
9.21120e+01 6.25188e-01 -1.65771e+00
9.21603e+01 5.36506e-01 -2.03804e+00
9.22036e+01 4.38502e-01 -2.50706e+00
9.22421e+01 3.31993e-01 -3.06552e+00
9.22805e+01 2.00690e-01 -3.80665e+00
9.23110e+01 7.31863e-02 -4.56053e+00
9.23431e+01 -8.83244e-02 -5.52728e+00
9.23753e+01 -2.83525e-01 -6.64840e+00
9.24074e+01 -5.15751e-01 -7.80023e+00
9.24338e+01 -7.32460e-01 -8.57250e+00
9.24602e+01 -9.64696e-01 -8.93390e+00
9.24790e+01 -1.13226e+00 -8.81197e+00
9.24975e+01 -1.29171e+00 -8.33887e+00
9.25148e+01 -1.42951e+00 -7.61027e+00
9.25320e+01 -1.55286e+00 -6.67796e+00
9.25492e+01 -1.65911e+00 -5.64294e+00
9.25665e+01 -1.74737e+00 -4.60647e+00
9.25868e+01 -1.82948e+00 -3.48666e+00
9.26034e+01 -1.88070e+00 -2.70561e+00
9.26200e+01 -1.92004e+00 -2.05749e+00
9.26366e+01 -1.94971e+00 -1.53699e+00
9.26532e+01 -1.97169e+00 -1.12923e+00
9.26698e+01 -1.98772e+00 -8.15676e-01
9.26864e+01 -1.99919e+00 -5.77863e-01
9.27030e+01 -2.00723e+00 -3.99297e-01
9.27208e+01 -2.01300e+00 -2.58426e-01
9.27395e+01 -2.01677e+00 -1.51403e-01
9.27593e+01 -2.01894e+00 -7.13694e-02
9.27806e+01 -2.01979e+00 -1.26318e-02
9.28036e+01 -2.01957e+00 2.95330e-02
9.28284e+01 -2.01844e+00 5.88491e-02
9.28558e+01 -2.01653e+00 7.89247e-02
9.28861e+01 -2.01392e+00 9.20857e-02
9.29201e+01 -2.01063e+00 1.00385e-01
9.29588e+01 -2.00665e+00 1.05413e-01
9.30034e+01 -2.00186e+00 1.08371e-01
9.30562e+01 -1.99609e+00 1.10133e-01
9.31203e+01 -1.98900e+00 1.11314e-01
9.32012e+01 -1.97994e+00 1.12343e-01
9.33093e+01 -1.96774e+00 1.13550e-01
9.34667e+01 -1.94972e+00 1.15315e-01
9.37437e+01 -1.91733e+00 1.18629e-01
9.40843e+01 -1.87617e+00 1.23154e-01
9.44249e+01 -1.83337e+00 1.28276e-01
9.47654e+01 -1.78871e+00 1.34141e-01
9.50239e+01 -1.75340e+00 1.39206e-01
9.53218e+01 -1.71097e+00 1.45870e-01
9.56197e+01 -1.66639e+00 1.53648e-01
9.59354e+01 -1.61636e+00 1.63499e-01
9.62129e+01 -1.56959e+00 1.73994e-01
9.64904e+01 -1.51958e+00 1.86870e-01
9.67245e+01 -1.47432e+00 2.00314e-01
9.69586e+01 -1.42554e+00 2.17122e-01
9.71599e+01 -1.38007e+00 2.35426e-01
9.73611e+01 -1.33042e+00 2.58975e-01
9.75378e+01 -1.28237e+00 2.86102e-01
9.77145e+01 -1.22877e+00 3.22569e-01
9.78912e+01 -1.16750e+00 3.74183e-01
9.80679e+01 -1.09499e+00 4.52397e-01
9.82066e+01 -1.02607e+00 5.47947e-01
9.83217e+01 -9.56570e-01 6.69134e-01
9.84167e+01 -8.86244e-01 8.20395e-01
9.85047e+01 -8.05398e-01 1.03272e+00
9.85927e+01 -7.00931e-01 1.36987e+00
9.86600e+01 -5.95878e-01 1.77844e+00
9.87059e+01 -5.05630e-01 2.18062e+00
9.87476e+01 -4.04875e-01 2.67840e+00
9.87845e+01 -2.95666e-01 3.26560e+00
9.88214e+01 -1.61550e-01 4.03557e+00
9.88517e+01 -2.75975e-02 4.83382e+00
9.88831e+01 1.39425e-01 5.82882e+00
9.89145e+01 3.39924e-01 6.95124e+00
9.89459e+01 5.75888e-01 8.04930e+00
9.89726e+01 8.00305e-01 8.73432e+00
9.89992e+01 1.03695e+00 8.92490e+00
9.90167e+01 1.19164e+00 8.67924e+00
9.90344e+01 1.34038e+00 8.11728e+00
9.90528e+01 1.48215e+00 7.24632e+00
9.90712e+01 1.60598e+00 6.18853e+00
9.90896e+01 1.70960e+00 5.07055e+00
9.91080e+01 1.79296e+00 4.00411e+00
9.91232e+01 1.84784e+00 3.21443e+00
9.91417e+01 1.89941e+00 2.40285e+00
9.91574e+01 1.93263e+00 1.84043e+00
9.91731e+01 1.95787e+00 1.38807e+00
9.91889e+01 1.97678e+00 1.03148e+00
9.92046e+01 1.99073e+00 7.54609e-01
9.92211e+01 2.00127e+00 5.32913e-01
9.92382e+01 2.00886e+00 3.61055e-01
9.92562e+01 2.01410e+00 2.29219e-01
9.92752e+01 2.01744e+00 1.29430e-01
9.92954e+01 2.01926e+00 5.51277e-02
9.93170e+01 2.01983e+00 8.75141e-04
9.93405e+01 2.01936e+00 -3.78366e-02
9.93656e+01 2.01805e+00 -6.44155e-02
9.93937e+01 2.01597e+00 -8.26216e-02
9.94248e+01 2.01319e+00 -9.44497e-02
9.94598e+01 2.00974e+00 -1.01836e-01
9.94998e+01 2.00558e+00 -1.06273e-01
9.95462e+01 2.00058e+00 -1.08875e-01
9.96013e+01 1.99453e+00 -1.10450e-01
9.96688e+01 1.98704e+00 -1.11561e-01
9.97550e+01 1.97737e+00 -1.12605e-01
9.98721e+01 1.96411e+00 -1.13903e-01
1.00000e+02 1.94945e+00 -1.15342e-01
