1.00000e-06 1.00000e+00 -1.00000e-06
6.00000e-06 1.00000e+00 -6.00000e-06
3.10000e-05 1.00000e+00 -3.10000e-05
1.56000e-04 1.00000e+00 -1.56000e-04
7.81000e-04 1.00000e+00 -7.81000e-04
3.90600e-03 9.99992e-01 -3.90599e-03
1.95310e-02 9.99809e-01 -1.95299e-02
9.76560e-02 9.95234e-01 -9.75689e-02
2.68178e-01 9.64050e-01 -2.68796e-01
4.38699e-01 9.02915e-01 -4.51949e-01
5.72266e-01 8.31637e-01 -6.20943e-01
7.12606e-01 7.29217e-01 -8.50694e-01
8.31817e-01 6.12500e-01 -1.12316e+00
9.51028e-01 4.56505e-01 -1.52068e+00
1.03151e+00 3.19583e-01 -1.90039e+00
1.10650e+00 1.60316e-01 -2.36788e+00
1.18149e+00 -3.88456e-02 -2.96602e+00
1.24161e+00 -2.33847e-01 -3.53027e+00
1.30173e+00 -4.63753e-01 -4.11224e+00
1.36186e+00 -7.26106e-01 -4.58059e+00
1.42824e+00 -1.03779e+00 -4.72227e+00
1.46574e+00 -1.21211e+00 -4.53989e+00
1.50343e+00 -1.37660e+00 -4.15668e+00
1.54304e+00 -1.53037e+00 -3.58483e+00
1.58266e+00 -1.65942e+00 -2.92342e+00
1.62227e+00 -1.76200e+00 -2.26244e+00
1.66142e+00 -1.83879e+00 -1.67538e+00
1.69778e+00 -1.89113e+00 -1.21839e+00
1.73414e+00 -1.92850e+00 -8.52044e-01
1.77051e+00 -1.95410e+00 -5.68785e-01
1.80687e+00 -1.97072e+00 -3.55313e-01
1.84323e+00 -1.98062e+00 -1.97234e-01
1.88120e+00 -1.98570e+00 -7.72028e-02
1.92126e+00 -1.98688e+00 1.28374e-02
1.96402e+00 -1.98482e+00 7.95381e-02
2.01016e+00 -1.97995e+00 1.28216e-01
2.06044e+00 -1.97256e+00 1.63184e-01
2.11582e+00 -1.96279e+00 1.87950e-01
2.17751e+00 -1.95061e+00 2.05363e-01
2.24714e+00 -1.93585e+00 2.17726e-01
2.32691e+00 -1.91809e+00 2.26897e-01
2.41996e+00 -1.89661e+00 2.34396e-01
2.53097e+00 -1.87019e+00 2.41535e-01
2.66732e+00 -1.83670e+00 2.49616e-01
2.84175e+00 -1.79224e+00 2.60349e-01
3.08479e+00 -1.72695e+00 2.77438e-01
3.32782e+00 -1.65708e+00 2.98221e-01
3.57086e+00 -1.58157e+00 3.24278e-01
3.78029e+00 -1.51078e+00 3.52805e-01
3.98972e+00 -1.43322e+00 3.89594e-01
4.19914e+00 -1.34673e+00 4.38893e-01
4.40857e+00 -1.24800e+00 5.08256e-01
4.58911e+00 -1.14890e+00 5.94910e-01
4.76965e+00 -1.03061e+00 7.25025e-01
4.89788e+00 -9.29345e-01 8.62659e-01
5.01575e+00 -8.17573e-01 1.04498e+00
5.13363e+00 -6.79575e-01 1.31488e+00
5.25151e+00 -5.01905e-01 1.73060e+00
5.32722e+00 -3.56971e-01 2.11715e+00
5.39879e+00 -1.88851e-01 2.60250e+00
5.47036e+00 1.88701e-02 3.22527e+00
5.52755e+00 2.19773e-01 3.81070e+00
5.58474e+00 4.55103e-01 4.41392e+00
5.64192e+00 7.22421e-01 4.89957e+00
5.70548e+00 1.04143e+00 5.04811e+00
5.74102e+00 1.21814e+00 4.86003e+00
5.77703e+00 1.38656e+00 4.46015e+00
5.81480e+00 1.54416e+00 3.86133e+00
5.85257e+00 1.67699e+00 3.16467e+00
5.89033e+00 1.78316e+00 2.46410e+00
5.92912e+00 1.86584e+00 1.81548e+00
5.96356e+00 1.91977e+00 1.33233e+00
5.99800e+00 1.95869e+00 9.43176e-01
6.03244e+00 1.98573e+00 6.40789e-01
6.06687e+00 2.00367e+00 4.11792e-01
6.10131e+00 2.01477e+00 2.41446e-01
6.13705e+00 2.02097e+00 1.12219e-01
6.17467e+00 2.02325e+00 1.49469e-02
6.21473e+00 2.02231e+00 -5.73689e-02
6.25627e+00 2.01879e+00 -1.08774e-01
6.30293e+00 2.01275e+00 -1.47343e-01
6.35411e+00 2.00446e+00 -1.74657e-01
6.41086e+00 1.99397e+00 -1.93751e-01
6.47454e+00 1.98117e+00 -2.07067e-01
6.54702e+00 1.96579e+00 -2.16566e-01
6.63090e+00 1.94730e+00 -2.23822e-01
6.72998e+00 1.92480e+00 -2.30129e-01
6.85011e+00 1.89676e+00 -2.36645e-01
7.00097e+00 1.86046e+00 -2.44631e-01
7.20115e+00 1.81037e+00 -2.56076e-01
7.45214e+00 1.74406e+00 -2.72793e-01
7.70313e+00 1.67312e+00 -2.93197e-01
7.95413e+00 1.59645e+00 -3.18814e-01
8.16531e+00 1.52634e+00 -3.46155e-01
8.37649e+00 1.44970e+00 -3.81237e-01
8.58768e+00 1.36451e+00 -4.27962e-01
8.79886e+00 1.26765e+00 -4.93199e-01
8.98355e+00 1.16944e+00 -5.75393e-01
9.16825e+00 1.05263e+00 -6.98402e-01
9.30207e+00 9.50811e-01 -8.31343e-01
9.42195e+00 8.41484e-01 -1.00323e+00
9.54679e+00 7.00754e-01 -1.27030e+00
9.65616e+00 5.43682e-01 -1.62651e+00
9.73944e+00 3.92795e-01 -2.01829e+00
9.81284e+00 2.28293e-01 -2.48610e+00
9.88623e+00 2.43628e-02 -3.09555e+00
9.94395e+00 -1.70597e-01 -3.67139e+00
1.00038e+01 -4.09407e-01 -4.30699e+00
1.00637e+01 -6.84344e-01 -4.84736e+00
1.01235e+01 -9.83218e-01 -5.06415e+00
1.01617e+01 -1.17489e+00 -4.92662e+00
1.01988e+01 -1.35155e+00 -4.56263e+00
1.02383e+01 -1.52064e+00 -3.96569e+00
1.02779e+01 -1.66333e+00 -3.24509e+00
1.03174e+01 -1.77692e+00 -2.50920e+00
1.03625e+01 -1.87268e+00 -1.75714e+00
1.03957e+01 -1.92319e+00 -1.29978e+00
1.04303e+01 -1.96130e+00 -9.15474e-01
1.04650e+01 -1.98763e+00 -6.18036e-01
1.04996e+01 -2.00497e+00 -3.93583e-01
1.05343e+01 -2.01557e+00 -2.27142e-01
1.05702e+01 -2.02135e+00 -1.01402e-01
1.06080e+01 -2.02329e+00 -6.85845e-03
1.06484e+01 -2.02207e+00 6.33317e-02
1.06918e+01 -2.01813e+00 1.14643e-01
1.07390e+01 -2.01179e+00 1.51522e-01
1.07908e+01 -2.00320e+00 1.77591e-01
1.08484e+01 -1.99241e+00 1.95793e-01
1.09131e+01 -1.97930e+00 2.08502e-01
1.09869e+01 -1.96354e+00 2.17622e-01
1.10726e+01 -1.94459e+00 2.24683e-01
1.11740e+01 -1.92146e+00 2.30953e-01
1.12975e+01 -1.89252e+00 2.37584e-01
1.14535e+01 -1.85482e+00 2.45884e-01
1.16628e+01 -1.80211e+00 2.58050e-01
1.19019e+01 -1.73855e+00 2.74280e-01
1.21409e+01 -1.67071e+00 2.93942e-01
1.23799e+01 -1.59765e+00 3.18382e-01
1.26189e+01 -1.51796e+00 3.49708e-01
1.28188e+01 -1.44482e+00 3.83682e-01
1.30187e+01 -1.36388e+00 4.28340e-01
1.32186e+01 -1.27249e+00 4.89592e-01
1.34184e+01 -1.16636e+00 5.78263e-01
1.35861e+01 -1.06075e+00 6.88871e-01
1.37294e+01 -9.52620e-01 8.28758e-01
1.38493e+01 -8.43706e-01 9.99428e-01
1.39744e+01 -7.03177e-01 1.26527e+00
1.40844e+01 -5.45836e-01 1.62124e+00
1.41678e+01 -3.95223e-01 2.01166e+00
1.42413e+01 -2.30948e-01 2.47831e+00
1.43148e+01 -2.72497e-02 3.08687e+00
1.43726e+01 1.67319e-01 3.66199e+00
1.44325e+01 4.05840e-01 4.29841e+00
1.44924e+01 6.80641e-01 4.84195e+00
1.45524e+01 9.79676e-01 5.06444e+00
1.45906e+01 1.17139e+00 4.93142e+00
1.46278e+01 1.34883e+00 4.57016e+00
1.46674e+01 1.51888e+00 3.97328e+00
1.47071e+01 1.66239e+00 3.25057e+00
1.47468e+01 1.77657e+00 2.51167e+00
1.47918e+01 1.87222e+00 1.76106e+00
1.48250e+01 1.92290e+00 1.30252e+00
1.48597e+01 1.96111e+00 9.17466e-01
1.48944e+01 1.98751e+00 6.19432e-01
1.49290e+01 2.00490e+00 3.94534e-01
1.49637e+01 2.01554e+00 2.27775e-01
1.49996e+01 2.02133e+00 1.01880e-01
1.50374e+01 2.02329e+00 7.21560e-03
1.50777e+01 2.02208e+00 -6.30686e-02
1.51211e+01 2.01815e+00 -1.14452e-01
1.51683e+01 2.01182e+00 -1.51386e-01
1.52201e+01 2.00325e+00 -1.77496e-01
1.52777e+01 1.99247e+00 -1.95727e-01
1.53424e+01 1.97936e+00 -2.08455e-01
1.54161e+01 1.96362e+00 -2.17587e-01
1.55017e+01 1.94468e+00 -2.24655e-01
1.56031e+01 1.92157e+00 -2.30926e-01
1.57265e+01 1.89266e+00 -2.37552e-01
1.58823e+01 1.85501e+00 -2.45841e-01
1.60913e+01 1.80239e+00 -2.57982e-01
1.63307e+01 1.73873e+00 -2.74230e-01
1.65702e+01 1.67079e+00 -2.93919e-01
1.68096e+01 1.59759e+00 -3.18402e-01
1.70491e+01 1.51775e+00 -3.49799e-01
1.72489e+01 1.44461e+00 -3.83783e-01
1.74487e+01 1.36369e+00 -4.28454e-01
1.76485e+01 1.27232e+00 -4.89723e-01
1.78483e+01 1.16620e+00 -5.78415e-01
1.80159e+01 1.06056e+00 -6.89091e-01
1.81592e+01 9.52452e-01 -8.28996e-01
1.82790e+01 8.43520e-01 -9.99746e-01
1.84041e+01 7.02975e-01 -1.26569e+00
1.85140e+01 5.45657e-01 -1.62168e+00
1.85974e+01 3.95021e-01 -2.01222e+00
1.86710e+01 2.30727e-01 -2.47895e+00
1.87445e+01 2.70091e-02 -3.08759e+00
1.88022e+01 -1.67592e-01 -3.66277e+00
1.88621e+01 -4.06137e-01 -4.29913e+00
1.89221e+01 -6.80950e-01 -4.84240e+00
1.89820e+01 -9.79971e-01 -5.06442e+00
1.90202e+01 -1.17168e+00 -4.93102e+00
1.90574e+01 -1.34906e+00 -4.56953e+00
1.90970e+01 -1.51902e+00 -3.97265e+00
1.91367e+01 -1.66247e+00 -3.25012e+00
1.91763e+01 -1.77660e+00 -2.51147e+00
1.92214e+01 -1.87226e+00 -1.76074e+00
1.92546e+01 -1.92292e+00 -1.30230e+00
1.92893e+01 -1.96112e+00 -9.17304e-01
1.93239e+01 -1.98752e+00 -6.19319e-01
1.93586e+01 -2.00491e+00 -3.94457e-01
1.93933e+01 -2.01554e+00 -2.27724e-01
1.94291e+01 -2.02133e+00 -1.01841e-01
1.94670e+01 -2.02329e+00 -7.18660e-03
1.95073e+01 -2.02208e+00 6.30899e-02
1.95507e+01 -2.01815e+00 1.14468e-01
1.95979e+01 -2.01182e+00 1.51397e-01
1.96497e+01 -2.00324e+00 1.77504e-01
1.97072e+01 -1.99246e+00 1.95732e-01
1.97719e+01 -1.97935e+00 2.08459e-01
1.98457e+01 -1.96361e+00 2.17590e-01
1.99313e+01 -1.94467e+00 2.24657e-01
2.00327e+01 -1.92157e+00 2.30928e-01
2.01561e+01 -1.89265e+00 2.37555e-01
2.03119e+01 -1.85499e+00 2.45844e-01
2.05209e+01 -1.80237e+00 2.57988e-01
2.07603e+01 -1.73872e+00 2.74234e-01
2.09998e+01 -1.67078e+00 2.93921e-01
2.12392e+01 -1.59759e+00 3.18401e-01
2.14786e+01 -1.51777e+00 3.49792e-01
2.16784e+01 -1.44463e+00 3.83776e-01
2.18782e+01 -1.36371e+00 4.28446e-01
2.20780e+01 -1.27233e+00 4.89714e-01
2.22778e+01 -1.16621e+00 5.78404e-01
2.24454e+01 -1.06058e+00 6.89076e-01
2.25887e+01 -9.52464e-01 8.28979e-01
2.27085e+01 -8.43533e-01 9.99724e-01
2.28337e+01 -7.02989e-01 1.26566e+00
2.29436e+01 -5.45669e-01 1.62165e+00
2.30270e+01 -3.95035e-01 2.01218e+00
2.31005e+01 -2.30742e-01 2.47891e+00
2.31740e+01 -2.70261e-02 3.08754e+00
2.32318e+01 1.67573e-01 3.66271e+00
2.32917e+01 4.06116e-01 4.29907e+00
2.33516e+01 6.80928e-01 4.84237e+00
2.34115e+01 9.79950e-01 5.06442e+00
2.34497e+01 1.17166e+00 4.93105e+00
2.34869e+01 1.34904e+00 4.56957e+00
2.35266e+01 1.51901e+00 3.97269e+00
2.35662e+01 1.66246e+00 3.25015e+00
2.36059e+01 1.77660e+00 2.51148e+00
2.36509e+01 1.87226e+00 1.76076e+00
2.36841e+01 1.92292e+00 1.30232e+00
2.37188e+01 1.96112e+00 9.17316e-01
2.37535e+01 1.98752e+00 6.19327e-01
2.37881e+01 2.00491e+00 3.94463e-01
2.38228e+01 2.01554e+00 2.27727e-01
2.38587e+01 2.02133e+00 1.01844e-01
2.38965e+01 2.02329e+00 7.18866e-03
2.39368e+01 2.02208e+00 -6.30884e-02
2.39802e+01 2.01815e+00 -1.14467e-01
2.40274e+01 2.01182e+00 -1.51396e-01
2.40792e+01 2.00324e+00 -1.77503e-01
2.41368e+01 1.99246e+00 -1.95732e-01
2.42015e+01 1.97935e+00 -2.08459e-01
2.42753e+01 1.96361e+00 -2.17590e-01
2.43608e+01 1.94467e+00 -2.24657e-01
2.44622e+01 1.92157e+00 -2.30928e-01
2.45856e+01 1.89265e+00 -2.37555e-01
2.47415e+01 1.85499e+00 -2.45844e-01
2.49505e+01 1.80237e+00 -2.57987e-01
2.51899e+01 1.73872e+00 -2.74234e-01
2.54293e+01 1.67078e+00 -2.93921e-01
2.56687e+01 1.59759e+00 -3.18401e-01
2.59082e+01 1.51777e+00 -3.49792e-01
2.61080e+01 1.44463e+00 -3.83776e-01
2.63077e+01 1.36371e+00 -4.28446e-01
2.65075e+01 1.27233e+00 -4.89714e-01
2.67073e+01 1.16621e+00 -5.78405e-01
2.68750e+01 1.06058e+00 -6.89077e-01
2.70183e+01 9.52463e-01 -8.28981e-01
2.71381e+01 8.43532e-01 -9.99726e-01
2.72632e+01 7.02988e-01 -1.26566e+00
2.73731e+01 5.45668e-01 -1.62165e+00
2.74565e+01 3.95034e-01 -2.01218e+00
2.75300e+01 2.30741e-01 -2.47891e+00
2.76036e+01 2.70249e-02 -3.08755e+00
2.76613e+01 -1.67574e-01 -3.66272e+00
2.77212e+01 -4.06117e-01 -4.29908e+00
2.77812e+01 -6.80930e-01 -4.84237e+00
2.78411e+01 -9.79952e-01 -5.06442e+00
2.78793e+01 -1.17166e+00 -4.93104e+00
2.79165e+01 -1.34904e+00 -4.56957e+00
2.79561e+01 -1.51902e+00 -3.97269e+00
2.79958e+01 -1.66246e+00 -3.25015e+00
2.80354e+01 -1.77660e+00 -2.51148e+00
2.80805e+01 -1.87226e+00 -1.76076e+00
2.81137e+01 -1.92292e+00 -1.30231e+00
2.81484e+01 -1.96112e+00 -9.17315e-01
2.81830e+01 -1.98752e+00 -6.19326e-01
2.82177e+01 -2.00491e+00 -3.94462e-01
2.82523e+01 -2.01554e+00 -2.27727e-01
2.82882e+01 -2.02133e+00 -1.01844e-01
2.83261e+01 -2.02329e+00 -7.18851e-03
2.83664e+01 -2.02208e+00 6.30885e-02
2.84098e+01 -2.01815e+00 1.14467e-01
2.84570e+01 -2.01182e+00 1.51396e-01
2.85088e+01 -2.00324e+00 1.77503e-01
2.85663e+01 -1.99246e+00 1.95732e-01
2.86310e+01 -1.97935e+00 2.08459e-01
2.87048e+01 -1.96361e+00 2.17590e-01
2.87904e+01 -1.94467e+00 2.24657e-01
2.88918e+01 -1.92157e+00 2.30928e-01
2.90152e+01 -1.89265e+00 2.37555e-01
2.91710e+01 -1.85499e+00 2.45844e-01
2.93800e+01 -1.80237e+00 2.57987e-01
2.96194e+01 -1.73872e+00 2.74234e-01
2.98589e+01 -1.67078e+00 2.93921e-01
3.00983e+01 -1.59759e+00 3.18401e-01
3.03377e+01 -1.51777e+00 3.49792e-01
3.05375e+01 -1.44463e+00 3.83776e-01
3.07373e+01 -1.36371e+00 4.28446e-01
3.09371e+01 -1.27233e+00 4.89714e-01
3.11369e+01 -1.16621e+00 5.78405e-01
3.13045e+01 -1.06058e+00 6.89077e-01
3.14478e+01 -9.52463e-01 8.28981e-01
3.15676e+01 -8.43532e-01 9.99725e-01
3.16928e+01 -7.02988e-01 1.26566e+00
3.18027e+01 -5.45669e-01 1.62165e+00
3.18861e+01 -3.95034e-01 2.01218e+00
3.19596e+01 -2.30741e-01 2.47891e+00
3.20331e+01 -2.70250e-02 3.08755e+00
3.20909e+01 1.67574e-01 3.66272e+00
3.21508e+01 4.06117e-01 4.29908e+00
3.22107e+01 6.80930e-01 4.84237e+00
3.22706e+01 9.79952e-01 5.06442e+00
3.23088e+01 1.17166e+00 4.93104e+00
3.23460e+01 1.34904e+00 4.56957e+00
3.23857e+01 1.51902e+00 3.97269e+00
3.24253e+01 1.66246e+00 3.25015e+00
3.24650e+01 1.77660e+00 2.51148e+00
3.25100e+01 1.87226e+00 1.76076e+00
3.25432e+01 1.92292e+00 1.30231e+00
3.25779e+01 1.96112e+00 9.17315e-01
3.26126e+01 1.98752e+00 6.19326e-01
3.26472e+01 2.00491e+00 3.94462e-01
3.26819e+01 2.01554e+00 2.27727e-01
3.27178e+01 2.02133e+00 1.01844e-01
3.27556e+01 2.02329e+00 7.18852e-03
3.27959e+01 2.02208e+00 -6.30885e-02
3.28393e+01 2.01815e+00 -1.14467e-01
3.28865e+01 2.01182e+00 -1.51396e-01
3.29383e+01 2.00324e+00 -1.77503e-01
3.29959e+01 1.99246e+00 -1.95732e-01
3.30606e+01 1.97935e+00 -2.08459e-01
3.31344e+01 1.96361e+00 -2.17590e-01
3.32199e+01 1.94467e+00 -2.24657e-01
3.33213e+01 1.92157e+00 -2.30928e-01
3.34447e+01 1.89265e+00 -2.37555e-01
3.36006e+01 1.85499e+00 -2.45844e-01
3.38096e+01 1.80237e+00 -2.57987e-01
3.40490e+01 1.73872e+00 -2.74234e-01
3.42884e+01 1.67078e+00 -2.93921e-01
3.45278e+01 1.59759e+00 -3.18401e-01
3.47673e+01 1.51777e+00 -3.49792e-01
3.49670e+01 1.44463e+00 -3.83776e-01
3.51668e+01 1.36371e+00 -4.28446e-01
3.53666e+01 1.27233e+00 -4.89714e-01
3.55664e+01 1.16621e+00 -5.78405e-01
3.57341e+01 1.06058e+00 -6.89077e-01
3.58774e+01 9.52463e-01 -8.28981e-01
3.59972e+01 8.43532e-01 -9.99725e-01
3.61223e+01 7.02988e-01 -1.26566e+00
3.62322e+01 5.45669e-01 -1.62165e+00
3.63156e+01 3.95034e-01 -2.01218e+00
3.63891e+01 2.30741e-01 -2.47891e+00
3.64627e+01 2.70250e-02 -3.08755e+00
3.65204e+01 -1.67574e-01 -3.66272e+00
3.65803e+01 -4.06117e-01 -4.29908e+00
3.66403e+01 -6.80930e-01 -4.84237e+00
3.67002e+01 -9.79952e-01 -5.06442e+00
3.67384e+01 -1.17166e+00 -4.93104e+00
3.67756e+01 -1.34904e+00 -4.56957e+00
3.68152e+01 -1.51902e+00 -3.97269e+00
3.68549e+01 -1.66246e+00 -3.25015e+00
3.68945e+01 -1.77660e+00 -2.51148e+00
3.69396e+01 -1.87226e+00 -1.76076e+00
3.69728e+01 -1.92292e+00 -1.30231e+00
3.70075e+01 -1.96112e+00 -9.17315e-01
3.70421e+01 -1.98752e+00 -6.19326e-01
3.70768e+01 -2.00491e+00 -3.94462e-01
3.71114e+01 -2.01554e+00 -2.27727e-01
3.71473e+01 -2.02133e+00 -1.01844e-01
3.71852e+01 -2.02329e+00 -7.18852e-03
3.72255e+01 -2.02208e+00 6.30885e-02
3.72689e+01 -2.01815e+00 1.14467e-01
3.73161e+01 -2.01182e+00 1.51396e-01
3.73679e+01 -2.00324e+00 1.77503e-01
3.74254e+01 -1.99246e+00 1.95732e-01
3.74901e+01 -1.97935e+00 2.08459e-01
3.75639e+01 -1.96361e+00 2.17590e-01
3.76495e+01 -1.94467e+00 2.24657e-01
3.77509e+01 -1.92157e+00 2.30928e-01
3.78743e+01 -1.89265e+00 2.37555e-01
3.80301e+01 -1.85499e+00 2.45844e-01
3.82391e+01 -1.80237e+00 2.57987e-01
3.84785e+01 -1.73872e+00 2.74234e-01
3.87180e+01 -1.67078e+00 2.93921e-01
3.89574e+01 -1.59759e+00 3.18401e-01
3.91968e+01 -1.51777e+00 3.49792e-01
3.93966e+01 -1.44463e+00 3.83776e-01
3.95964e+01 -1.36371e+00 4.28446e-01
3.97962e+01 -1.27233e+00 4.89714e-01
3.99960e+01 -1.16621e+00 5.78405e-01
4.01636e+01 -1.06058e+00 6.89077e-01
4.03069e+01 -9.52463e-01 8.28981e-01
4.04267e+01 -8.43532e-01 9.99725e-01
4.05519e+01 -7.02988e-01 1.26566e+00
4.06618e+01 -5.45669e-01 1.62165e+00
4.07452e+01 -3.95034e-01 2.01218e+00
4.08187e+01 -2.30741e-01 2.47891e+00
4.08922e+01 -2.70250e-02 3.08755e+00
4.09500e+01 1.67574e-01 3.66272e+00
4.10099e+01 4.06117e-01 4.29908e+00
4.10698e+01 6.80930e-01 4.84237e+00
4.11297e+01 9.79952e-01 5.06442e+00
4.11679e+01 1.17166e+00 4.93104e+00
4.12051e+01 1.34904e+00 4.56957e+00
4.12448e+01 1.51902e+00 3.97269e+00
4.12844e+01 1.66246e+00 3.25015e+00
4.13241e+01 1.77660e+00 2.51148e+00
4.13691e+01 1.87226e+00 1.76076e+00
4.14023e+01 1.92292e+00 1.30231e+00
4.14370e+01 1.96112e+00 9.17315e-01
4.14717e+01 1.98752e+00 6.19326e-01
4.15063e+01 2.00491e+00 3.94462e-01
4.15410e+01 2.01554e+00 2.27727e-01
4.15769e+01 2.02133e+00 1.01844e-01
4.16147e+01 2.02329e+00 7.18852e-03
4.16550e+01 2.02208e+00 -6.30885e-02
4.16984e+01 2.01815e+00 -1.14467e-01
4.17456e+01 2.01182e+00 -1.51396e-01
4.17974e+01 2.00324e+00 -1.77503e-01
4.18550e+01 1.99246e+00 -1.95732e-01
4.19197e+01 1.97935e+00 -2.08459e-01
4.19934e+01 1.96361e+00 -2.17590e-01
4.20790e+01 1.94467e+00 -2.24657e-01
4.21804e+01 1.92157e+00 -2.30928e-01
4.23038e+01 1.89265e+00 -2.37555e-01
4.24597e+01 1.85499e+00 -2.45844e-01
4.26687e+01 1.80237e+00 -2.57987e-01
4.29081e+01 1.73872e+00 -2.74234e-01
4.31475e+01 1.67078e+00 -2.93921e-01
4.33869e+01 1.59759e+00 -3.18401e-01
4.36263e+01 1.51777e+00 -3.49792e-01
4.38261e+01 1.44463e+00 -3.83776e-01
4.40259e+01 1.36371e+00 -4.28446e-01
4.42257e+01 1.27233e+00 -4.89714e-01
4.44255e+01 1.16621e+00 -5.78405e-01
4.45932e+01 1.06058e+00 -6.89077e-01
4.47365e+01 9.52463e-01 -8.28981e-01
4.48563e+01 8.43532e-01 -9.99725e-01
4.49814e+01 7.02988e-01 -1.26566e+00
4.50913e+01 5.45669e-01 -1.62165e+00
4.51747e+01 3.95034e-01 -2.01218e+00
4.52482e+01 2.30741e-01 -2.47891e+00
4.53218e+01 2.70250e-02 -3.08755e+00
4.53795e+01 -1.67574e-01 -3.66272e+00
4.54394e+01 -4.06117e-01 -4.29908e+00
4.54993e+01 -6.80930e-01 -4.84237e+00
4.55593e+01 -9.79952e-01 -5.06442e+00
4.55975e+01 -1.17166e+00 -4.93104e+00
4.56347e+01 -1.34904e+00 -4.56957e+00
4.56743e+01 -1.51902e+00 -3.97269e+00
4.57140e+01 -1.66246e+00 -3.25015e+00
4.57536e+01 -1.77660e+00 -2.51148e+00
4.57987e+01 -1.87226e+00 -1.76076e+00
4.58319e+01 -1.92292e+00 -1.30231e+00
4.58666e+01 -1.96112e+00 -9.17315e-01
4.59012e+01 -1.98752e+00 -6.19326e-01
4.59359e+01 -2.00491e+00 -3.94462e-01
4.59705e+01 -2.01554e+00 -2.27727e-01
4.60064e+01 -2.02133e+00 -1.01844e-01
4.60443e+01 -2.02329e+00 -7.18852e-03
4.60846e+01 -2.02208e+00 6.30885e-02
4.61280e+01 -2.01815e+00 1.14467e-01
4.61752e+01 -2.01182e+00 1.51396e-01
4.62270e+01 -2.00324e+00 1.77503e-01
4.62845e+01 -1.99246e+00 1.95732e-01
4.63492e+01 -1.97935e+00 2.08459e-01
4.64230e+01 -1.96361e+00 2.17590e-01
4.65086e+01 -1.94467e+00 2.24657e-01
4.66100e+01 -1.92157e+00 2.30928e-01
4.67334e+01 -1.89265e+00 2.37555e-01
4.68892e+01 -1.85499e+00 2.45844e-01
4.70982e+01 -1.80237e+00 2.57987e-01
4.73376e+01 -1.73872e+00 2.74234e-01
4.75770e+01 -1.67078e+00 2.93921e-01
4.78165e+01 -1.59759e+00 3.18401e-01
4.80559e+01 -1.51777e+00 3.49792e-01
4.82557e+01 -1.44463e+00 3.83776e-01
4.84555e+01 -1.36371e+00 4.28446e-01
4.86553e+01 -1.27233e+00 4.89714e-01
4.88551e+01 -1.16621e+00 5.78405e-01
4.90227e+01 -1.06058e+00 6.89077e-01
4.91660e+01 -9.52463e-01 8.28981e-01
4.92858e+01 -8.43532e-01 9.99725e-01
4.94110e+01 -7.02988e-01 1.26566e+00
4.95209e+01 -5.45669e-01 1.62165e+00
4.96043e+01 -3.95034e-01 2.01218e+00
4.96778e+01 -2.30741e-01 2.47891e+00
4.97513e+01 -2.70250e-02 3.08755e+00
4.98091e+01 1.67574e-01 3.66272e+00
4.98690e+01 4.06117e-01 4.29908e+00
4.99289e+01 6.80930e-01 4.84237e+00
4.99888e+01 9.79952e-01 5.06442e+00
5.00270e+01 1.17166e+00 4.93104e+00
5.00642e+01 1.34904e+00 4.56957e+00
5.01039e+01 1.51902e+00 3.97269e+00
5.01435e+01 1.66246e+00 3.25015e+00
5.01832e+01 1.77660e+00 2.51148e+00
5.02282e+01 1.87226e+00 1.76076e+00
5.02614e+01 1.92292e+00 1.30231e+00
5.02961e+01 1.96112e+00 9.17315e-01
5.03308e+01 1.98752e+00 6.19326e-01
5.03654e+01 2.00491e+00 3.94462e-01
5.04001e+01 2.01554e+00 2.27727e-01
5.04360e+01 2.02133e+00 1.01844e-01
5.04738e+01 2.02329e+00 7.18852e-03
5.05141e+01 2.02208e+00 -6.30885e-02
5.05575e+01 2.01815e+00 -1.14467e-01
5.06047e+01 2.01182e+00 -1.51396e-01
5.06565e+01 2.00324e+00 -1.77503e-01
5.07141e+01 1.99246e+00 -1.95732e-01
5.07788e+01 1.97935e+00 -2.08459e-01
5.08525e+01 1.96361e+00 -2.17590e-01
5.09381e+01 1.94467e+00 -2.24657e-01
5.10395e+01 1.92157e+00 -2.30928e-01
5.11629e+01 1.89265e+00 -2.37555e-01
5.13188e+01 1.85499e+00 -2.45844e-01
5.15278e+01 1.80237e+00 -2.57987e-01
5.17672e+01 1.73872e+00 -2.74234e-01
5.20066e+01 1.67078e+00 -2.93921e-01
5.22460e+01 1.59759e+00 -3.18401e-01
5.24854e+01 1.51777e+00 -3.49792e-01
5.26852e+01 1.44463e+00 -3.83776e-01
5.28850e+01 1.36371e+00 -4.28446e-01
5.30848e+01 1.27233e+00 -4.89714e-01
5.32846e+01 1.16621e+00 -5.78405e-01
5.34523e+01 1.06058e+00 -6.89077e-01
5.35956e+01 9.52463e-01 -8.28981e-01
5.37154e+01 8.43532e-01 -9.99725e-01
5.38405e+01 7.02988e-01 -1.26566e+00
5.39504e+01 5.45669e-01 -1.62165e+00
5.40338e+01 3.95034e-01 -2.01218e+00
5.41073e+01 2.30741e-01 -2.47891e+00
5.41809e+01 2.70250e-02 -3.08755e+00
5.42386e+01 -1.67574e-01 -3.66272e+00
5.42985e+01 -4.06117e-01 -4.29908e+00
5.43584e+01 -6.80930e-01 -4.84237e+00
5.44184e+01 -9.79952e-01 -5.06442e+00
5.44566e+01 -1.17166e+00 -4.93104e+00
5.44938e+01 -1.34904e+00 -4.56957e+00
5.45334e+01 -1.51902e+00 -3.97269e+00
5.45731e+01 -1.66246e+00 -3.25015e+00
5.46127e+01 -1.77660e+00 -2.51148e+00
5.46577e+01 -1.87226e+00 -1.76076e+00
5.46910e+01 -1.92292e+00 -1.30231e+00
5.47257e+01 -1.96112e+00 -9.17315e-01
5.47603e+01 -1.98752e+00 -6.19326e-01
5.47950e+01 -2.00491e+00 -3.94462e-01
5.48296e+01 -2.01554e+00 -2.27727e-01
5.48655e+01 -2.02133e+00 -1.01844e-01
5.49034e+01 -2.02329e+00 -7.18852e-03
5.49437e+01 -2.02208e+00 6.30885e-02
5.49871e+01 -2.01815e+00 1.14467e-01
5.50343e+01 -2.01182e+00 1.51396e-01
5.50861e+01 -2.00324e+00 1.77503e-01
5.51436e+01 -1.99246e+00 1.95732e-01
5.52083e+01 -1.97935e+00 2.08459e-01
5.52821e+01 -1.96361e+00 2.17590e-01
5.53677e+01 -1.94467e+00 2.24657e-01
5.54691e+01 -1.92157e+00 2.30928e-01
5.55925e+01 -1.89265e+00 2.37555e-01
5.57483e+01 -1.85499e+00 2.45844e-01
5.59573e+01 -1.80237e+00 2.57987e-01
5.61967e+01 -1.73872e+00 2.74234e-01
5.64361e+01 -1.67078e+00 2.93921e-01
5.66756e+01 -1.59759e+00 3.18401e-01
5.69150e+01 -1.51777e+00 3.49792e-01
5.71148e+01 -1.44463e+00 3.83776e-01
5.73146e+01 -1.36371e+00 4.28446e-01
5.75144e+01 -1.27233e+00 4.89714e-01
5.77142e+01 -1.16621e+00 5.78405e-01
5.78818e+01 -1.06058e+00 6.89077e-01
5.80251e+01 -9.52463e-01 8.28981e-01
5.81449e+01 -8.43532e-01 9.99725e-01
5.82701e+01 -7.02988e-01 1.26566e+00
5.83800e+01 -5.45669e-01 1.62165e+00
5.84634e+01 -3.95034e-01 2.01218e+00
5.85369e+01 -2.30741e-01 2.47891e+00
5.86104e+01 -2.70250e-02 3.08755e+00
5.86682e+01 1.67574e-01 3.66272e+00
5.87281e+01 4.06117e-01 4.29908e+00
5.87880e+01 6.80930e-01 4.84237e+00
5.88479e+01 9.79952e-01 5.06442e+00
5.88861e+01 1.17166e+00 4.93104e+00
5.89233e+01 1.34904e+00 4.56957e+00
5.89630e+01 1.51902e+00 3.97269e+00
5.90026e+01 1.66246e+00 3.25015e+00
5.90423e+01 1.77660e+00 2.51148e+00
5.90873e+01 1.87226e+00 1.76076e+00
5.91205e+01 1.92292e+00 1.30231e+00
5.91552e+01 1.96112e+00 9.17315e-01
5.91899e+01 1.98752e+00 6.19326e-01
5.92245e+01 2.00491e+00 3.94462e-01
5.92592e+01 2.01554e+00 2.27727e-01
5.92951e+01 2.02133e+00 1.01844e-01
5.93329e+01 2.02329e+00 7.18852e-03
5.93732e+01 2.02208e+00 -6.30885e-02
5.94166e+01 2.01815e+00 -1.14467e-01
5.94638e+01 2.01182e+00 -1.51396e-01
5.95156e+01 2.00324e+00 -1.77503e-01
5.95732e+01 1.99246e+00 -1.95732e-01
5.96379e+01 1.97935e+00 -2.08459e-01
5.97116e+01 1.96361e+00 -2.17590e-01
5.97972e+01 1.94467e+00 -2.24657e-01
5.98986e+01 1.92157e+00 -2.30928e-01
6.00220e+01 1.89265e+00 -2.37555e-01
6.01779e+01 1.85499e+00 -2.45844e-01
6.03868e+01 1.80237e+00 -2.57987e-01
6.06263e+01 1.73872e+00 -2.74234e-01
6.08657e+01 1.67078e+00 -2.93921e-01
6.11051e+01 1.59759e+00 -3.18401e-01
6.13445e+01 1.51777e+00 -3.49792e-01
6.15443e+01 1.44463e+00 -3.83776e-01
6.17441e+01 1.36371e+00 -4.28446e-01
6.19439e+01 1.27233e+00 -4.89714e-01
6.21437e+01 1.16621e+00 -5.78405e-01
6.23114e+01 1.06058e+00 -6.89077e-01
6.24547e+01 9.52463e-01 -8.28981e-01
6.25745e+01 8.43532e-01 -9.99725e-01
6.26996e+01 7.02988e-01 -1.26566e+00
6.28095e+01 5.45669e-01 -1.62165e+00
6.28929e+01 3.95034e-01 -2.01218e+00
6.29664e+01 2.30741e-01 -2.47891e+00
6.30400e+01 2.70250e-02 -3.08755e+00
6.30977e+01 -1.67574e-01 -3.66272e+00
6.31576e+01 -4.06117e-01 -4.29908e+00
6.32175e+01 -6.80930e-01 -4.84237e+00
6.32775e+01 -9.79952e-01 -5.06442e+00
6.33157e+01 -1.17166e+00 -4.93104e+00
6.33529e+01 -1.34904e+00 -4.56957e+00
6.33925e+01 -1.51902e+00 -3.97269e+00
6.34322e+01 -1.66246e+00 -3.25015e+00
6.34718e+01 -1.77660e+00 -2.51148e+00
6.35168e+01 -1.87226e+00 -1.76076e+00
6.35501e+01 -1.92292e+00 -1.30231e+00
6.35847e+01 -1.96112e+00 -9.17315e-01
6.36194e+01 -1.98752e+00 -6.19326e-01
6.36541e+01 -2.00491e+00 -3.94462e-01
6.36887e+01 -2.01554e+00 -2.27727e-01
6.37246e+01 -2.02133e+00 -1.01844e-01
6.37625e+01 -2.02329e+00 -7.18852e-03
6.38028e+01 -2.02208e+00 6.30885e-02
6.38462e+01 -2.01815e+00 1.14467e-01
6.38933e+01 -2.01182e+00 1.51396e-01
6.39452e+01 -2.00324e+00 1.77503e-01
6.40027e+01 -1.99246e+00 1.95732e-01
6.40674e+01 -1.97935e+00 2.08459e-01
6.41412e+01 -1.96361e+00 2.17590e-01
6.42268e+01 -1.94467e+00 2.24657e-01
6.43282e+01 -1.92157e+00 2.30928e-01
6.44516e+01 -1.89265e+00 2.37555e-01
6.46074e+01 -1.85499e+00 2.45844e-01
6.48164e+01 -1.80237e+00 2.57987e-01
6.50558e+01 -1.73872e+00 2.74234e-01
6.52952e+01 -1.67078e+00 2.93921e-01
6.55347e+01 -1.59759e+00 3.18401e-01
6.57741e+01 -1.51777e+00 3.49792e-01
6.59739e+01 -1.44463e+00 3.83776e-01
6.61737e+01 -1.36371e+00 4.28446e-01
6.63735e+01 -1.27233e+00 4.89714e-01
6.65733e+01 -1.16621e+00 5.78405e-01
6.67409e+01 -1.06058e+00 6.89077e-01
6.68842e+01 -9.52463e-01 8.28981e-01
6.70040e+01 -8.43532e-01 9.99725e-01
6.71292e+01 -7.02988e-01 1.26566e+00
6.72391e+01 -5.45669e-01 1.62165e+00
6.73225e+01 -3.95034e-01 2.01218e+00
6.73960e+01 -2.30741e-01 2.47891e+00
6.74695e+01 -2.70250e-02 3.08755e+00
6.75273e+01 1.67574e-01 3.66272e+00
6.75872e+01 4.06117e-01 4.29908e+00
6.76471e+01 6.80930e-01 4.84237e+00
6.77070e+01 9.79952e-01 5.06442e+00
6.77452e+01 1.17166e+00 4.93104e+00
6.77824e+01 1.34904e+00 4.56957e+00
6.78221e+01 1.51902e+00 3.97269e+00
6.78617e+01 1.66246e+00 3.25015e+00
6.79014e+01 1.77660e+00 2.51148e+00
6.79464e+01 1.87226e+00 1.76076e+00
6.79796e+01 1.92292e+00 1.30231e+00
6.80143e+01 1.96112e+00 9.17315e-01
6.80490e+01 1.98752e+00 6.19326e-01
6.80836e+01 2.00491e+00 3.94462e-01
6.81183e+01 2.01554e+00 2.27727e-01
6.81542e+01 2.02133e+00 1.01844e-01
6.81920e+01 2.02329e+00 7.18852e-03
6.82323e+01 2.02208e+00 -6.30885e-02
6.82757e+01 2.01815e+00 -1.14467e-01
6.83229e+01 2.01182e+00 -1.51396e-01
6.83747e+01 2.00324e+00 -1.77503e-01
6.84323e+01 1.99246e+00 -1.95732e-01
6.84970e+01 1.97935e+00 -2.08459e-01
6.85707e+01 1.96361e+00 -2.17590e-01
6.86563e+01 1.94467e+00 -2.24657e-01
6.87577e+01 1.92157e+00 -2.30928e-01
6.88811e+01 1.89265e+00 -2.37555e-01
6.90370e+01 1.85499e+00 -2.45844e-01
6.92459e+01 1.80237e+00 -2.57987e-01
6.94854e+01 1.73872e+00 -2.74234e-01
6.97248e+01 1.67078e+00 -2.93921e-01
6.99642e+01 1.59759e+00 -3.18401e-01
7.02036e+01 1.51777e+00 -3.49792e-01
7.04034e+01 1.44463e+00 -3.83776e-01
7.06032e+01 1.36371e+00 -4.28446e-01
7.08030e+01 1.27233e+00 -4.89714e-01
7.10028e+01 1.16621e+00 -5.78405e-01
7.11705e+01 1.06058e+00 -6.89077e-01
7.13138e+01 9.52463e-01 -8.28981e-01
7.14336e+01 8.43532e-01 -9.99725e-01
7.15587e+01 7.02988e-01 -1.26566e+00
7.16686e+01 5.45669e-01 -1.62165e+00
7.17520e+01 3.95034e-01 -2.01218e+00
7.18255e+01 2.30741e-01 -2.47891e+00
7.18991e+01 2.70250e-02 -3.08755e+00
7.19568e+01 -1.67574e-01 -3.66272e+00
7.20167e+01 -4.06117e-01 -4.29908e+00
7.20766e+01 -6.80930e-01 -4.84237e+00
7.21366e+01 -9.79952e-01 -5.06442e+00
7.21748e+01 -1.17166e+00 -4.93104e+00
7.22120e+01 -1.34904e+00 -4.56957e+00
7.22516e+01 -1.51902e+00 -3.97269e+00
7.22913e+01 -1.66246e+00 -3.25015e+00
7.23309e+01 -1.77660e+00 -2.51148e+00
7.23759e+01 -1.87226e+00 -1.76076e+00
7.24092e+01 -1.92292e+00 -1.30231e+00
7.24438e+01 -1.96112e+00 -9.17315e-01
7.24785e+01 -1.98752e+00 -6.19326e-01
7.25132e+01 -2.00491e+00 -3.94462e-01
7.25478e+01 -2.01554e+00 -2.27727e-01
7.25837e+01 -2.02133e+00 -1.01844e-01
7.26216e+01 -2.02329e+00 -7.18852e-03
7.26619e+01 -2.02208e+00 6.30885e-02
7.27053e+01 -2.01815e+00 1.14467e-01
7.27524e+01 -2.01182e+00 1.51396e-01
7.28043e+01 -2.00324e+00 1.77503e-01
7.28618e+01 -1.99246e+00 1.95732e-01
7.29265e+01 -1.97935e+00 2.08459e-01
7.30003e+01 -1.96361e+00 2.17590e-01
7.30859e+01 -1.94467e+00 2.24657e-01
7.31873e+01 -1.92157e+00 2.30928e-01
7.33107e+01 -1.89265e+00 2.37555e-01
7.34665e+01 -1.85499e+00 2.45844e-01
7.36755e+01 -1.80237e+00 2.57987e-01
7.39149e+01 -1.73872e+00 2.74234e-01
7.41543e+01 -1.67078e+00 2.93921e-01
7.43938e+01 -1.59759e+00 3.18401e-01
7.46332e+01 -1.51777e+00 3.49792e-01
7.48330e+01 -1.44463e+00 3.83776e-01
7.50328e+01 -1.36371e+00 4.28446e-01
7.52326e+01 -1.27233e+00 4.89714e-01
7.54324e+01 -1.16621e+00 5.78405e-01
7.56000e+01 -1.06058e+00 6.89077e-01
7.57433e+01 -9.52463e-01 8.28981e-01
7.58631e+01 -8.43532e-01 9.99725e-01
7.59883e+01 -7.02988e-01 1.26566e+00
7.60982e+01 -5.45669e-01 1.62165e+00
7.61816e+01 -3.95034e-01 2.01218e+00
7.62551e+01 -2.30741e-01 2.47891e+00
7.63286e+01 -2.70250e-02 3.08755e+00
7.63864e+01 1.67574e-01 3.66272e+00
7.64463e+01 4.06117e-01 4.29908e+00
7.65062e+01 6.80930e-01 4.84237e+00
7.65661e+01 9.79952e-01 5.06442e+00
7.66043e+01 1.17166e+00 4.93104e+00
7.66415e+01 1.34904e+00 4.56957e+00
7.66812e+01 1.51902e+00 3.97269e+00
7.67208e+01 1.66246e+00 3.25015e+00
7.67605e+01 1.77660e+00 2.51148e+00
7.68055e+01 1.87226e+00 1.76076e+00
7.68387e+01 1.92292e+00 1.30231e+00
7.68734e+01 1.96112e+00 9.17315e-01
7.69081e+01 1.98752e+00 6.19326e-01
7.69427e+01 2.00491e+00 3.94462e-01
7.69774e+01 2.01554e+00 2.27727e-01
7.70133e+01 2.02133e+00 1.01844e-01
7.70511e+01 2.02329e+00 7.18852e-03
7.70914e+01 2.02208e+00 -6.30885e-02
7.71348e+01 2.01815e+00 -1.14467e-01
7.71820e+01 2.01182e+00 -1.51396e-01
7.72338e+01 2.00324e+00 -1.77503e-01
7.72914e+01 1.99246e+00 -1.95732e-01
7.73561e+01 1.97935e+00 -2.08459e-01
7.74298e+01 1.96361e+00 -2.17590e-01
7.75154e+01 1.94467e+00 -2.24657e-01
7.76168e+01 1.92157e+00 -2.30928e-01
7.77402e+01 1.89265e+00 -2.37555e-01
7.78961e+01 1.85499e+00 -2.45844e-01
7.81050e+01 1.80237e+00 -2.57987e-01
7.83445e+01 1.73872e+00 -2.74234e-01
7.85839e+01 1.67078e+00 -2.93921e-01
7.88233e+01 1.59759e+00 -3.18401e-01
7.90627e+01 1.51777e+00 -3.49792e-01
7.92625e+01 1.44463e+00 -3.83776e-01
7.94623e+01 1.36371e+00 -4.28446e-01
7.96621e+01 1.27233e+00 -4.89714e-01
7.98619e+01 1.16621e+00 -5.78405e-01
8.00296e+01 1.06058e+00 -6.89077e-01
8.01729e+01 9.52463e-01 -8.28981e-01
8.02927e+01 8.43532e-01 -9.99725e-01
8.04178e+01 7.02988e-01 -1.26566e+00
8.05277e+01 5.45669e-01 -1.62165e+00
8.06111e+01 3.95034e-01 -2.01218e+00
8.06846e+01 2.30741e-01 -2.47891e+00
8.07582e+01 2.70250e-02 -3.08755e+00
8.08159e+01 -1.67574e-01 -3.66272e+00
8.08758e+01 -4.06117e-01 -4.29908e+00
8.09357e+01 -6.80930e-01 -4.84237e+00
8.09957e+01 -9.79952e-01 -5.06442e+00
8.10339e+01 -1.17166e+00 -4.93104e+00
8.10711e+01 -1.34904e+00 -4.56957e+00
8.11107e+01 -1.51902e+00 -3.97269e+00
8.11504e+01 -1.66246e+00 -3.25015e+00
8.11900e+01 -1.77660e+00 -2.51148e+00
8.12350e+01 -1.87226e+00 -1.76076e+00
8.12683e+01 -1.92292e+00 -1.30231e+00
8.13029e+01 -1.96112e+00 -9.17315e-01
8.13376e+01 -1.98752e+00 -6.19326e-01
8.13723e+01 -2.00491e+00 -3.94462e-01
8.14069e+01 -2.01554e+00 -2.27727e-01
8.14428e+01 -2.02133e+00 -1.01844e-01
8.14807e+01 -2.02329e+00 -7.18852e-03
8.15210e+01 -2.02208e+00 6.30885e-02
8.15644e+01 -2.01815e+00 1.14467e-01
8.16115e+01 -2.01182e+00 1.51396e-01
8.16634e+01 -2.00324e+00 1.77503e-01
8.17209e+01 -1.99246e+00 1.95732e-01
8.17856e+01 -1.97935e+00 2.08459e-01
8.18594e+01 -1.96361e+00 2.17590e-01
8.19450e+01 -1.94467e+00 2.24657e-01
8.20464e+01 -1.92157e+00 2.30928e-01
8.21698e+01 -1.89265e+00 2.37555e-01
8.23256e+01 -1.85499e+00 2.45844e-01
8.25346e+01 -1.80237e+00 2.57987e-01
8.27740e+01 -1.73872e+00 2.74234e-01
8.30134e+01 -1.67078e+00 2.93921e-01
8.32529e+01 -1.59759e+00 3.18401e-01
8.34923e+01 -1.51777e+00 3.49792e-01
8.36921e+01 -1.44463e+00 3.83776e-01
8.38919e+01 -1.36371e+00 4.28446e-01
8.40917e+01 -1.27233e+00 4.89714e-01
8.42915e+01 -1.16621e+00 5.78405e-01
8.44591e+01 -1.06058e+00 6.89077e-01
8.46024e+01 -9.52463e-01 8.28981e-01
8.47222e+01 -8.43532e-01 9.99725e-01
8.48474e+01 -7.02988e-01 1.26566e+00
8.49573e+01 -5.45669e-01 1.62165e+00
8.50407e+01 -3.95034e-01 2.01218e+00
8.51142e+01 -2.30741e-01 2.47891e+00
8.51877e+01 -2.70250e-02 3.08755e+00
8.52455e+01 1.67574e-01 3.66272e+00
8.53054e+01 4.06117e-01 4.29908e+00
8.53653e+01 6.80930e-01 4.84237e+00
8.54252e+01 9.79952e-01 5.06442e+00
8.54634e+01 1.17166e+00 4.93104e+00
8.55006e+01 1.34904e+00 4.56957e+00
8.55403e+01 1.51902e+00 3.97269e+00
8.55799e+01 1.66246e+00 3.25015e+00
8.56196e+01 1.77660e+00 2.51148e+00
8.56646e+01 1.87226e+00 1.76076e+00
8.56978e+01 1.92292e+00 1.30231e+00
8.57325e+01 1.96112e+00 9.17315e-01
8.57672e+01 1.98752e+00 6.19326e-01
8.58018e+01 2.00491e+00 3.94462e-01
8.58365e+01 2.01554e+00 2.27727e-01
8.58724e+01 2.02133e+00 1.01844e-01
8.59102e+01 2.02329e+00 7.18852e-03
8.59505e+01 2.02208e+00 -6.30885e-02
8.59939e+01 2.01815e+00 -1.14467e-01
8.60411e+01 2.01182e+00 -1.51396e-01
8.60929e+01 2.00324e+00 -1.77503e-01
8.61505e+01 1.99246e+00 -1.95732e-01
8.62152e+01 1.97935e+00 -2.08459e-01
8.62889e+01 1.96361e+00 -2.17590e-01
8.63745e+01 1.94467e+00 -2.24657e-01
8.64759e+01 1.92157e+00 -2.30928e-01
8.65993e+01 1.89265e+00 -2.37555e-01
8.67552e+01 1.85499e+00 -2.45844e-01
8.69641e+01 1.80237e+00 -2.57987e-01
8.72036e+01 1.73872e+00 -2.74234e-01
8.74430e+01 1.67078e+00 -2.93921e-01
8.76824e+01 1.59759e+00 -3.18401e-01
8.79218e+01 1.51777e+00 -3.49792e-01
8.81216e+01 1.44463e+00 -3.83776e-01
8.83214e+01 1.36371e+00 -4.28446e-01
8.85212e+01 1.27233e+00 -4.89714e-01
8.87210e+01 1.16621e+00 -5.78405e-01
8.88887e+01 1.06058e+00 -6.89077e-01
8.90320e+01 9.52463e-01 -8.28981e-01
8.91518e+01 8.43532e-01 -9.99725e-01
8.92769e+01 7.02988e-01 -1.26566e+00
8.93868e+01 5.45669e-01 -1.62165e+00
8.94702e+01 3.95034e-01 -2.01218e+00
8.95437e+01 2.30741e-01 -2.47891e+00
8.96173e+01 2.70250e-02 -3.08755e+00
8.96750e+01 -1.67574e-01 -3.66272e+00
8.97349e+01 -4.06117e-01 -4.29908e+00
8.97948e+01 -6.80930e-01 -4.84237e+00
8.98548e+01 -9.79952e-01 -5.06442e+00
8.98930e+01 -1.17166e+00 -4.93104e+00
8.99302e+01 -1.34904e+00 -4.56957e+00
8.99698e+01 -1.51902e+00 -3.97269e+00
9.00095e+01 -1.66246e+00 -3.25015e+00
9.00491e+01 -1.77660e+00 -2.51148e+00
9.00941e+01 -1.87226e+00 -1.76076e+00
9.01274e+01 -1.92292e+00 -1.30231e+00
9.01620e+01 -1.96112e+00 -9.17315e-01
9.01967e+01 -1.98752e+00 -6.19326e-01
9.02314e+01 -2.00491e+00 -3.94462e-01
9.02660e+01 -2.01554e+00 -2.27727e-01
9.03019e+01 -2.02133e+00 -1.01844e-01
9.03398e+01 -2.02329e+00 -7.18852e-03
9.03801e+01 -2.02208e+00 6.30885e-02
9.04235e+01 -2.01815e+00 1.14467e-01
9.04706e+01 -2.01182e+00 1.51396e-01
9.05225e+01 -2.00324e+00 1.77503e-01
9.05800e+01 -1.99246e+00 1.95732e-01
9.06447e+01 -1.97935e+00 2.08459e-01
9.07185e+01 -1.96361e+00 2.17590e-01
9.08041e+01 -1.94467e+00 2.24657e-01
9.09055e+01 -1.92157e+00 2.30928e-01
9.10289e+01 -1.89265e+00 2.37555e-01
9.11847e+01 -1.85499e+00 2.45844e-01
9.13937e+01 -1.80237e+00 2.57987e-01
9.16331e+01 -1.73872e+00 2.74234e-01
9.18725e+01 -1.67078e+00 2.93921e-01
9.21120e+01 -1.59759e+00 3.18401e-01
9.23514e+01 -1.51777e+00 3.49792e-01
9.25512e+01 -1.44463e+00 3.83776e-01
9.27510e+01 -1.36371e+00 4.28446e-01
9.29508e+01 -1.27233e+00 4.89714e-01
9.31506e+01 -1.16621e+00 5.78405e-01
9.33182e+01 -1.06058e+00 6.89077e-01
9.34615e+01 -9.52463e-01 8.28981e-01
9.35813e+01 -8.43532e-01 9.99725e-01
9.37065e+01 -7.02988e-01 1.26566e+00
9.38164e+01 -5.45669e-01 1.62165e+00
9.38998e+01 -3.95034e-01 2.01218e+00
9.39733e+01 -2.30741e-01 2.47891e+00
9.40468e+01 -2.70250e-02 3.08755e+00
9.41046e+01 1.67574e-01 3.66272e+00
9.41645e+01 4.06117e-01 4.29908e+00
9.42244e+01 6.80930e-01 4.84237e+00
9.42843e+01 9.79952e-01 5.06442e+00
9.43225e+01 1.17166e+00 4.93104e+00
9.43597e+01 1.34904e+00 4.56957e+00
9.43994e+01 1.51902e+00 3.97269e+00
9.44390e+01 1.66246e+00 3.25015e+00
9.44787e+01 1.77660e+00 2.51148e+00
9.45237e+01 1.87226e+00 1.76076e+00
9.45569e+01 1.92292e+00 1.30231e+00
9.45916e+01 1.96112e+00 9.17315e-01
9.46263e+01 1.98752e+00 6.19326e-01
9.46609e+01 2.00491e+00 3.94462e-01
9.46956e+01 2.01554e+00 2.27727e-01
9.47315e+01 2.02133e+00 1.01844e-01
9.47693e+01 2.02329e+00 7.18852e-03
9.48096e+01 2.02208e+00 -6.30885e-02
9.48530e+01 2.01815e+00 -1.14467e-01
9.49002e+01 2.01182e+00 -1.51396e-01
9.49520e+01 2.00324e+00 -1.77503e-01
9.50096e+01 1.99246e+00 -1.95732e-01
9.50743e+01 1.97935e+00 -2.08459e-01
9.51480e+01 1.96361e+00 -2.17590e-01
9.52336e+01 1.94467e+00 -2.24657e-01
9.53350e+01 1.92157e+00 -2.30928e-01
9.54584e+01 1.89265e+00 -2.37555e-01
9.56142e+01 1.85499e+00 -2.45844e-01
9.58232e+01 1.80237e+00 -2.57987e-01
9.60627e+01 1.73872e+00 -2.74234e-01
9.63021e+01 1.67078e+00 -2.93921e-01
9.65415e+01 1.59759e+00 -3.18401e-01
9.67809e+01 1.51777e+00 -3.49792e-01
9.69807e+01 1.44463e+00 -3.83776e-01
9.71805e+01 1.36371e+00 -4.28446e-01
9.73803e+01 1.27233e+00 -4.89714e-01
9.75801e+01 1.16621e+00 -5.78405e-01
9.77478e+01 1.06058e+00 -6.89077e-01
9.78911e+01 9.52463e-01 -8.28981e-01
9.80109e+01 8.43532e-01 -9.99725e-01
9.81360e+01 7.02988e-01 -1.26566e+00
9.82459e+01 5.45669e-01 -1.62165e+00
9.83293e+01 3.95034e-01 -2.01218e+00
9.84028e+01 2.30741e-01 -2.47891e+00
9.84764e+01 2.70250e-02 -3.08755e+00
9.85341e+01 -1.67574e-01 -3.66272e+00
9.85940e+01 -4.06117e-01 -4.29908e+00
9.86539e+01 -6.80930e-01 -4.84237e+00
9.87139e+01 -9.79952e-01 -5.06442e+00
9.87521e+01 -1.17166e+00 -4.93104e+00
9.87893e+01 -1.34904e+00 -4.56957e+00
9.88289e+01 -1.51902e+00 -3.97269e+00
9.88686e+01 -1.66246e+00 -3.25015e+00
9.89082e+01 -1.77660e+00 -2.51148e+00
9.89532e+01 -1.87226e+00 -1.76076e+00
9.89865e+01 -1.92292e+00 -1.30231e+00
9.90211e+01 -1.96112e+00 -9.17315e-01
9.90558e+01 -1.98752e+00 -6.19326e-01
9.90905e+01 -2.00491e+00 -3.94462e-01
9.91251e+01 -2.01554e+00 -2.27727e-01
9.91610e+01 -2.02133e+00 -1.01844e-01
9.91989e+01 -2.02329e+00 -7.18852e-03
9.92392e+01 -2.02208e+00 6.30885e-02
9.92826e+01 -2.01815e+00 1.14467e-01
9.93297e+01 -2.01182e+00 1.51396e-01
9.93816e+01 -2.00324e+00 1.77503e-01
9.94391e+01 -1.99246e+00 1.95732e-01
9.95038e+01 -1.97935e+00 2.08459e-01
9.95776e+01 -1.96361e+00 2.17590e-01
9.96632e+01 -1.94467e+00 2.24657e-01
9.97646e+01 -1.92157e+00 2.30928e-01
9.98880e+01 -1.89265e+00 2.37555e-01
1.00000e+02 -1.86571e+00 2.43473e-01
