1.00000e-06 1.00000e+00 -1.00000e-06
6.00000e-06 1.00000e+00 -6.00000e-06
3.10000e-05 1.00000e+00 -3.10000e-05
1.56000e-04 1.00000e+00 -1.56000e-04
7.81000e-04 1.00000e+00 -7.81000e-04
3.90600e-03 9.99992e-01 -3.90599e-03
1.95310e-02 9.99809e-01 -1.95302e-02
9.76560e-02 9.95230e-01 -9.77961e-02
2.24957e-01 9.74427e-01 -2.31480e-01
3.18909e-01 9.47377e-01 -3.48784e-01
4.02851e-01 9.12582e-01 -4.88011e-01
4.79664e-01 8.68418e-01 -6.75263e-01
5.56477e-01 8.05830e-01 -9.82912e-01
5.93459e-01 7.65457e-01 -1.21281e+00
6.29690e-01 7.16127e-01 -1.52892e+00
6.60817e-01 6.62892e-01 -1.91329e+00
6.87548e-01 6.05940e-01 -2.37247e+00
7.10743e-01 5.44920e-01 -2.91618e+00
7.31125e-01 4.79268e-01 -3.55599e+00
7.49344e-01 4.07929e-01 -4.30862e+00
7.67564e-01 3.20846e-01 -5.29633e+00
7.81712e-01 2.39219e-01 -6.27766e+00
7.96580e-01 1.36667e-01 -7.56539e+00
8.09293e-01 3.21775e-02 -8.91393e+00
8.22006e-01 -9.10345e-02 -1.05119e+01
8.34719e-01 -2.36085e-01 -1.23418e+01
8.47431e-01 -4.05423e-01 -1.43074e+01
8.58840e-01 -5.78504e-01 -1.60016e+01
8.69674e-01 -7.59245e-01 -1.72864e+01
8.80508e-01 -9.50773e-01 -1.79392e+01
8.89396e-01 -1.11010e+00 -1.77977e+01
8.97458e-01 -1.25101e+00 -1.70639e+01
9.04418e-01 -1.36626e+00 -1.59857e+01
9.11707e-01 -1.47753e+00 -1.44957e+01
9.18996e-01 -1.57697e+00 -1.27610e+01
9.26285e-01 -1.66331e+00 -1.09247e+01
9.33573e-01 -1.73630e+00 -9.11910e+00
9.42442e-01 -1.80806e+00 -7.10619e+00
9.49364e-01 -1.85240e+00 -5.73884e+00
9.56286e-01 -1.88797e+00 -4.57102e+00
9.63208e-01 -1.91614e+00 -3.59922e+00
9.70130e-01 -1.93821e+00 -2.80702e+00
9.77052e-01 -1.95536e+00 -2.17158e+00
9.83974e-01 -1.96858e+00 -1.66828e+00
9.90896e-01 -1.97871e+00 -1.27351e+00
9.97819e-01 -1.98641e+00 -9.66181e-01
1.00517e+00 -1.99255e+00 -7.15410e-01
1.01286e+00 -1.99726e+00 -5.17814e-01
1.02095e+00 -2.00079e+00 -3.63983e-01
1.02951e+00 -2.00337e+00 -2.45895e-01
1.03861e+00 -2.00518e+00 -1.56713e-01
1.04835e+00 -2.00637e+00 -9.06310e-02
1.05884e+00 -2.00705e+00 -4.27361e-02
1.07021e+00 -2.00733e+00 -8.91113e-03
1.08264e+00 -2.00728e+00 1.42577e-02
1.09631e+00 -2.00697e+00 2.95450e-02
1.11145e+00 -2.00645e+00 3.91732e-02
1.12845e+00 -2.00573e+00 4.49510e-02
1.14786e+00 -2.00482e+00 4.82096e-02
1.17046e+00 -2.00371e+00 4.99108e-02
1.19742e+00 -2.00235e+00 5.07240e-02
1.23067e+00 -2.00066e+00 5.10888e-02
1.27360e+00 -1.99846e+00 5.12714e-02
1.33283e+00 -1.99542e+00 5.14199e-02
1.42230e+00 -1.99081e+00 5.16205e-02
1.55922e+00 -1.98372e+00 5.19298e-02
1.72511e+00 -1.97507e+00 5.23110e-02
2.01228e+00 -1.95995e+00 5.29944e-02
2.49491e+00 -1.93409e+00 5.42123e-02
3.00548e+00 -1.90606e+00 5.56038e-02
3.51605e+00 -1.87729e+00 5.71171e-02
3.96088e+00 -1.85157e+00 5.85489e-02
4.40572e+00 -1.82518e+00 6.01050e-02
4.85056e+00 -1.79807e+00 6.18032e-02
5.29540e+00 -1.77017e+00 6.36668e-02
5.74023e+00 -1.74140e+00 6.57249e-02
6.12007e+00 -1.71608e+00 6.76620e-02
6.49990e+00 -1.68998e+00 6.97977e-02
6.87973e+00 -1.66303e+00 7.21669e-02
7.25956e+00 -1.63512e+00 7.48159e-02
7.63939e+00 -1.60615e+00 7.78047e-02
7.95860e+00 -1.58087e+00 8.06351e-02
8.27781e+00 -1.55464e+00 8.38254e-02
8.59701e+00 -1.52731e+00 8.74565e-02
8.91622e+00 -1.49875e+00 9.16399e-02
9.16125e+00 -1.47585e+00 9.53187e-02
9.44100e+00 -1.44853e+00 1.00152e-01
9.72074e+00 -1.41974e+00 1.05846e-01
1.00220e+01 -1.38677e+00 1.13273e-01
1.02811e+01 -1.35643e+00 1.21144e-01
1.05403e+01 -1.32381e+00 1.30966e-01
1.07525e+01 -1.29498e+00 1.41085e-01
1.09647e+01 -1.26374e+00 1.53943e-01
1.11422e+01 -1.23524e+00 1.67782e-01
1.13196e+01 -1.20394e+00 1.85878e-01
1.14712e+01 -1.17429e+00 2.06489e-01
1.16227e+01 -1.14098e+00 2.34669e-01
1.17743e+01 -1.10252e+00 2.75553e-01
1.19258e+01 -1.05629e+00 3.39912e-01
1.20422e+01 -1.01241e+00 4.20438e-01
1.21332e+01 -9.69967e-01 5.20264e-01
1.22076e+01 -9.26901e-01 6.47021e-01
1.22761e+01 -8.76763e-01 8.30451e-01
1.23471e+01 -8.07461e-01 1.15206e+00
1.23883e+01 -7.54166e-01 1.45455e+00
1.24209e+01 -7.01554e-01 1.79971e+00
1.24496e+01 -6.43939e-01 2.22890e+00
1.24744e+01 -5.82699e-01 2.74053e+00
1.24960e+01 -5.17340e-01 3.34475e+00
1.25150e+01 -4.47528e-01 4.04988e+00
1.25339e+01 -3.62296e-01 4.98327e+00
1.25485e+01 -2.83129e-01 5.90944e+00
1.25639e+01 -1.82972e-01 7.14329e+00
1.25768e+01 -8.30467e-02 8.41999e+00
1.25897e+01 3.49339e-02 9.95140e+00
1.26025e+01 1.74304e-01 1.17391e+01
1.26154e+01 3.38056e-01 1.37202e+01
1.26293e+01 5.43896e-01 1.58602e+01
1.26399e+01 7.18850e-01 1.72155e+01
1.26510e+01 9.15688e-01 1.80479e+01
1.26611e+01 1.09817e+00 1.79981e+01
1.26685e+01 1.23017e+00 1.73773e+01
1.26755e+01 1.34883e+00 1.63440e+01
1.26829e+01 1.46444e+00 1.48611e+01
1.26903e+01 1.56796e+00 1.31007e+01
1.26977e+01 1.65791e+00 1.12153e+01
1.27051e+01 1.73390e+00 9.34886e+00
1.27137e+01 1.80504e+00 7.36267e+00
1.27206e+01 1.85099e+00 5.95115e+00
1.27275e+01 1.88786e+00 4.74213e+00
1.27344e+01 1.91708e+00 3.73415e+00
1.27413e+01 1.93997e+00 2.91156e+00
1.27483e+01 1.95775e+00 2.25145e+00
1.27552e+01 1.97144e+00 1.72862e+00
1.27621e+01 1.98193e+00 1.31868e+00
1.27690e+01 1.98990e+00 9.99745e-01
1.27763e+01 1.99620e+00 7.42072e-01
1.27839e+01 2.00103e+00 5.38772e-01
1.27919e+01 2.00467e+00 3.80252e-01
1.28003e+01 2.00734e+00 2.58343e-01
1.28093e+01 2.00922e+00 1.66083e-01
1.28189e+01 2.01047e+00 9.75550e-02
1.28293e+01 2.01120e+00 4.77479e-02
1.28405e+01 2.01152e+00 1.24566e-02
1.28527e+01 2.01151e+00 -1.18106e-02
1.28661e+01 2.01124e+00 -2.79091e-02
1.28810e+01 2.01074e+00 -3.80973e-02
1.28977e+01 2.01005e+00 -4.42496e-02
1.29167e+01 2.00917e+00 -4.77468e-02
1.29387e+01 2.00809e+00 -4.95900e-02
1.29649e+01 2.00678e+00 -5.04795e-02
1.29971e+01 2.00515e+00 -5.08788e-02
1.30385e+01 2.00304e+00 -5.10717e-02
1.30950e+01 2.00015e+00 -5.12170e-02
1.31794e+01 1.99582e+00 -5.14048e-02
1.33108e+01 1.98904e+00 -5.16975e-02
1.34748e+01 1.98053e+00 -5.20690e-02
1.37679e+01 1.96517e+00 -5.27563e-02
1.42544e+01 1.93922e+00 -5.39660e-02
1.47679e+01 1.91116e+00 -5.53449e-02
1.52815e+01 1.88236e+00 -5.68439e-02
1.57288e+01 1.85662e+00 -5.82611e-02
1.61760e+01 1.83022e+00 -5.98007e-02
1.66233e+01 1.80310e+00 -6.14800e-02
1.70706e+01 1.77520e+00 -6.33219e-02
1.75179e+01 1.74643e+00 -6.53546e-02
1.79001e+01 1.72110e+00 -6.72678e-02
1.82822e+01 1.69499e+00 -6.93759e-02
1.86644e+01 1.66804e+00 -7.17127e-02
1.90466e+01 1.64015e+00 -7.43232e-02
1.94287e+01 1.61120e+00 -7.72656e-02
1.97501e+01 1.58592e+00 -8.00513e-02
2.00715e+01 1.55970e+00 -8.31880e-02
2.03929e+01 1.53241e+00 -8.67537e-02
2.07143e+01 1.50388e+00 -9.08559e-02
2.09611e+01 1.48102e+00 -9.44596e-02
2.12424e+01 1.45381e+00 -9.91771e-02
2.15236e+01 1.42516e+00 -1.04721e-01
2.18291e+01 1.39209e+00 -1.12001e-01
2.20927e+01 1.36158e+00 -1.19728e-01
2.23564e+01 1.32880e+00 -1.29360e-01
2.25719e+01 1.29989e+00 -1.39254e-01
2.27874e+01 1.26858e+00 -1.51803e-01
2.29673e+01 1.24011e+00 -1.65256e-01
2.31473e+01 1.20887e+00 -1.82798e-01
2.33006e+01 1.17939e+00 -2.02668e-01
2.34540e+01 1.14635e+00 -2.29713e-01
2.36073e+01 1.10833e+00 -2.68721e-01
2.37408e+01 1.06927e+00 -3.19925e-01
2.38744e+01 1.02155e+00 -4.01890e-01
2.39684e+01 9.79677e-01 -4.95341e-01
2.40443e+01 9.37979e-01 -6.11801e-01
2.41140e+01 8.89983e-01 -7.78175e-01
2.41871e+01 8.23407e-01 -1.07090e+00
2.42349e+01 7.65251e-01 -1.38769e+00
2.42673e+01 7.15487e-01 -1.70388e+00
2.42972e+01 6.58702e-01 -2.11398e+00
2.43229e+01 5.98412e-01 -2.60403e+00
2.43452e+01 5.34142e-01 -3.18399e+00
2.43648e+01 4.65642e-01 -3.86140e+00
2.43843e+01 3.81844e-01 -4.76284e+00
2.43991e+01 3.04731e-01 -5.65178e+00
2.44149e+01 2.06600e-01 -6.84714e+00
2.44279e+01 1.09667e-01 -8.07684e+00
2.44410e+01 -4.91241e-03 -9.56137e+00
2.44540e+01 -1.40570e-01 -1.13120e+01
2.44670e+01 -3.00565e-01 -1.32834e+01
2.44800e+01 -4.86906e-01 -1.53182e+01
2.44905e+01 -6.55155e-01 -1.67811e+01
2.45021e+01 -8.56270e-01 -1.78849e+01
2.45136e+01 -1.06521e+00 -1.80730e+01
2.45210e+01 -1.19621e+00 -1.75880e+01
2.45281e+01 -1.31935e+00 -1.66453e+01
2.45349e+01 -1.42709e+00 -1.53942e+01
2.45416e+01 -1.52546e+00 -1.38749e+01
2.45483e+01 -1.61305e+00 -1.21983e+01
2.45555e+01 -1.69450e+00 -1.03486e+01
2.45631e+01 -1.76609e+00 -8.47942e+00
2.45702e+01 -1.82050e+00 -6.89906e+00
2.45772e+01 -1.86358e+00 -5.54602e+00
2.45841e+01 -1.89798e+00 -4.39832e+00
2.45910e+01 -1.92510e+00 -3.44910e+00
2.45980e+01 -1.94628e+00 -2.67952e+00
2.46049e+01 -1.96266e+00 -2.06525e+00
2.46119e+01 -1.97525e+00 -1.58084e+00
2.46188e+01 -1.98486e+00 -1.20240e+00
2.46257e+01 -1.99214e+00 -9.08853e-01
2.46331e+01 -1.99792e+00 -6.70127e-01
2.46408e+01 -2.00234e+00 -4.82448e-01
2.46490e+01 -2.00564e+00 -3.36732e-01
2.46576e+01 -2.00803e+00 -2.25228e-01
2.46668e+01 -2.00969e+00 -1.41331e-01
2.46766e+01 -2.01076e+00 -7.94328e-02
2.46872e+01 -2.01135e+00 -3.47973e-02
2.46987e+01 -2.01155e+00 -3.46171e-03
2.47113e+01 -2.01145e+00 1.78502e-02
2.47252e+01 -2.01110e+00 3.17785e-02
2.47406e+01 -2.01053e+00 4.04714e-02
2.47580e+01 -2.00978e+00 4.56263e-02
2.47778e+01 -2.00884e+00 4.84902e-02
2.48011e+01 -2.00770e+00 4.99581e-02
2.48290e+01 -2.00629e+00 5.06467e-02
2.48638e+01 -2.00452e+00 5.09547e-02
2.49092e+01 -2.00221e+00 5.11191e-02
2.49729e+01 -1.99894e+00 5.12701e-02
2.50710e+01 -1.99390e+00 5.14871e-02
2.52164e+01 -1.98639e+00 5.18131e-02
2.53859e+01 -1.97758e+00 5.21996e-02
2.56657e+01 -1.96288e+00 5.28606e-02
2.61474e+01 -1.93713e+00 5.40658e-02
2.66596e+01 -1.90909e+00 5.54495e-02
2.71718e+01 -1.88031e+00 5.69539e-02
2.76181e+01 -1.85458e+00 5.83770e-02
2.80644e+01 -1.82818e+00 5.99233e-02
2.85108e+01 -1.80107e+00 6.16103e-02
2.89571e+01 -1.77317e+00 6.34609e-02
2.94034e+01 -1.74440e+00 6.55039e-02
2.97846e+01 -1.71907e+00 6.74267e-02
3.01658e+01 -1.69297e+00 6.95459e-02
3.05470e+01 -1.66601e+00 7.18957e-02
3.09283e+01 -1.63812e+00 7.45216e-02
3.13095e+01 -1.60916e+00 7.74827e-02
3.16300e+01 -1.58388e+00 8.02863e-02
3.19505e+01 -1.55765e+00 8.34445e-02
3.22710e+01 -1.53035e+00 8.70364e-02
3.25915e+01 -1.50180e+00 9.11712e-02
3.28376e+01 -1.47893e+00 9.48050e-02
3.31182e+01 -1.45167e+00 9.95689e-02
3.33989e+01 -1.42297e+00 1.05172e-01
3.37026e+01 -1.38994e+00 1.12511e-01
3.39645e+01 -1.35950e+00 1.20296e-01
3.42263e+01 -1.32679e+00 1.30003e-01
3.44404e+01 -1.29791e+00 1.39987e-01
3.46546e+01 -1.26663e+00 1.52659e-01
3.48335e+01 -1.23815e+00 1.66266e-01
3.50125e+01 -1.20689e+00 1.84027e-01
3.51651e+01 -1.17734e+00 2.04191e-01
3.53177e+01 -1.14419e+00 2.31684e-01
3.54703e+01 -1.10600e+00 2.71431e-01
3.56230e+01 -1.06021e+00 3.33705e-01
3.57410e+01 -1.01657e+00 4.11874e-01
3.58348e+01 -9.73650e-01 5.10658e-01
3.59097e+01 -9.31125e-01 6.33372e-01
3.59787e+01 -8.81849e-01 8.10001e-01
3.60504e+01 -8.13667e-01 1.11997e+00
3.60939e+01 -7.58739e-01 1.42672e+00
3.61265e+01 -7.07082e-01 1.76131e+00
3.61557e+01 -6.49802e-01 2.18285e+00
3.61809e+01 -5.88941e-01 2.68589e+00
3.62027e+01 -5.24018e-01 3.28042e+00
3.62219e+01 -4.54730e-01 3.97450e+00
3.62411e+01 -3.70071e-01 4.89517e+00
3.62558e+01 -2.91727e-01 5.80648e+00
3.62713e+01 -1.92381e-01 7.02503e+00
3.62843e+01 -9.36562e-02 8.28303e+00
3.62972e+01 2.29615e-02 9.79593e+00
3.63101e+01 1.60847e-01 1.15693e+01
3.63231e+01 3.23100e-01 1.35474e+01
3.63367e+01 5.21982e-01 1.56570e+01
3.63472e+01 6.95199e-01 1.70627e+01
3.63585e+01 8.93183e-01 1.79958e+01
3.63698e+01 1.09675e+00 1.80020e+01
3.63771e+01 1.22648e+00 1.74020e+01
3.63841e+01 1.34571e+00 1.63773e+01
3.63915e+01 1.46201e+00 1.48974e+01
3.63990e+01 1.56618e+00 1.31347e+01
3.64064e+01 1.65669e+00 1.12431e+01
3.64138e+01 1.73314e+00 9.36879e+00
3.64223e+01 1.80419e+00 7.38776e+00
3.64292e+01 1.85031e+00 5.97273e+00
3.64361e+01 1.88733e+00 4.76012e+00
3.64431e+01 1.91666e+00 3.74879e+00
3.64500e+01 1.93965e+00 2.92326e+00
3.64569e+01 1.95750e+00 2.26066e+00
3.64638e+01 1.97126e+00 1.73578e+00
3.64708e+01 1.98179e+00 1.32420e+00
3.64777e+01 1.98980e+00 1.00397e+00
3.64849e+01 1.99612e+00 7.45422e-01
3.64925e+01 2.00097e+00 5.41400e-01
3.65005e+01 2.00462e+00 3.82288e-01
3.65090e+01 2.00731e+00 2.59896e-01
3.65179e+01 2.00920e+00 1.67248e-01
3.65275e+01 2.01045e+00 9.84108e-02
3.65379e+01 2.01119e+00 4.83621e-02
3.65491e+01 2.01152e+00 1.28854e-02
3.65613e+01 2.01152e+00 -1.15209e-02
3.65747e+01 2.01124e+00 -2.77224e-02
3.65895e+01 2.01075e+00 -3.79818e-02
3.66062e+01 2.01006e+00 -4.41819e-02
3.66251e+01 2.00918e+00 -4.77098e-02
3.66471e+01 2.00811e+00 -4.95714e-02
3.66733e+01 2.00680e+00 -5.04709e-02
3.67054e+01 2.00517e+00 -5.08750e-02
3.67465e+01 2.00308e+00 -5.10695e-02
3.68027e+01 2.00020e+00 -5.12148e-02
3.68867e+01 1.99590e+00 -5.14014e-02
3.70173e+01 1.98916e+00 -5.16925e-02
3.71811e+01 1.98066e+00 -5.20632e-02
3.74749e+01 1.96527e+00 -5.27520e-02
3.79616e+01 1.93930e+00 -5.39620e-02
3.84752e+01 1.91124e+00 -5.53406e-02
3.89888e+01 1.88244e+00 -5.68394e-02
3.94361e+01 1.85670e+00 -5.82564e-02
3.98834e+01 1.83030e+00 -5.97957e-02
4.03307e+01 1.80319e+00 -6.14748e-02
4.07781e+01 1.77528e+00 -6.33162e-02
4.12254e+01 1.74652e+00 -6.53486e-02
4.16076e+01 1.72118e+00 -6.72614e-02
4.19898e+01 1.69508e+00 -6.93690e-02
4.23720e+01 1.66813e+00 -7.17053e-02
4.27542e+01 1.64023e+00 -7.43151e-02
4.31364e+01 1.61128e+00 -7.72568e-02
4.34578e+01 1.58601e+00 -8.00418e-02
4.37793e+01 1.55979e+00 -8.31775e-02
4.41007e+01 1.53249e+00 -8.67422e-02
4.44221e+01 1.50397e+00 -9.08431e-02
4.46690e+01 1.48111e+00 -9.44456e-02
4.49502e+01 1.45390e+00 -9.91612e-02
4.52315e+01 1.42525e+00 -1.04702e-01
4.55371e+01 1.39218e+00 -1.11980e-01
4.58008e+01 1.36167e+00 -1.19705e-01
4.60645e+01 1.32888e+00 -1.29334e-01
4.62801e+01 1.29997e+00 -1.39224e-01
4.64957e+01 1.26866e+00 -1.51768e-01
4.66756e+01 1.24019e+00 -1.65215e-01
4.68556e+01 1.20896e+00 -1.82748e-01
4.70090e+01 1.17947e+00 -2.02606e-01
4.71624e+01 1.14644e+00 -2.29634e-01
4.73157e+01 1.10842e+00 -2.68612e-01
4.74492e+01 1.06939e+00 -3.19749e-01
4.75827e+01 1.02171e+00 -4.01576e-01
4.76770e+01 9.79794e-01 -4.95047e-01
4.77529e+01 9.38116e-01 -6.11377e-01
4.78226e+01 8.90144e-01 -7.77555e-01
4.78957e+01 8.23598e-01 -1.06996e+00
4.79436e+01 7.65367e-01 -1.38700e+00
4.79759e+01 7.15647e-01 -1.70280e+00
4.80059e+01 6.58871e-01 -2.11268e+00
4.80316e+01 5.98591e-01 -2.60249e+00
4.80539e+01 5.34335e-01 -3.18217e+00
4.80735e+01 4.65849e-01 -3.85927e+00
4.80930e+01 3.82067e-01 -4.76035e+00
4.81079e+01 3.04978e-01 -5.64886e+00
4.81236e+01 2.06869e-01 -6.84378e+00
4.81367e+01 1.09970e-01 -8.07295e+00
4.81497e+01 -4.57106e-03 -9.55693e+00
4.81627e+01 -1.40187e-01 -1.13071e+01
4.81757e+01 -3.00139e-01 -1.32784e+01
4.81888e+01 -4.86443e-01 -1.53136e+01
4.81992e+01 -6.54698e-01 -1.67777e+01
4.82108e+01 -8.55858e-01 -1.78835e+01
4.82224e+01 -1.06487e+00 -1.80736e+01
4.82297e+01 -1.19582e+00 -1.75902e+01
4.82369e+01 -1.31902e+00 -1.66485e+01
4.82436e+01 -1.42679e+00 -1.53982e+01
4.82503e+01 -1.52521e+00 -1.38793e+01
4.82570e+01 -1.61284e+00 -1.22028e+01
4.82642e+01 -1.69431e+00 -1.03532e+01
4.82719e+01 -1.76591e+00 -8.48436e+00
4.82790e+01 -1.82045e+00 -6.90059e+00
4.82859e+01 -1.86354e+00 -5.54737e+00
4.82928e+01 -1.89794e+00 -4.39949e+00
4.82998e+01 -1.92508e+00 -3.45008e+00
4.83067e+01 -1.94626e+00 -2.68033e+00
4.83137e+01 -1.96265e+00 -2.06590e+00
4.83206e+01 -1.97524e+00 -1.58137e+00
4.83276e+01 -1.98485e+00 -1.20282e+00
4.83345e+01 -1.99213e+00 -9.09186e-01
4.83419e+01 -1.99792e+00 -6.70390e-01
4.83496e+01 -2.00233e+00 -4.82653e-01
4.83577e+01 -2.00564e+00 -3.36890e-01
4.83663e+01 -2.00803e+00 -2.25348e-01
4.83755e+01 -2.00969e+00 -1.41420e-01
4.83853e+01 -2.01076e+00 -7.94981e-02
4.83960e+01 -2.01135e+00 -3.48437e-02
4.84075e+01 -2.01155e+00 -3.49381e-03
4.84201e+01 -2.01145e+00 1.78288e-02
4.84339e+01 -2.01110e+00 3.17649e-02
4.84493e+01 -2.01054e+00 4.04631e-02
4.84667e+01 -2.00978e+00 4.56216e-02
4.84866e+01 -2.00884e+00 4.84876e-02
4.85098e+01 -2.00770e+00 4.99568e-02
4.85378e+01 -2.00629e+00 5.06461e-02
4.85725e+01 -2.00453e+00 5.09544e-02
4.86179e+01 -2.00221e+00 5.11189e-02
4.86816e+01 -1.99895e+00 5.12699e-02
4.87796e+01 -1.99391e+00 5.14868e-02
4.89250e+01 -1.98640e+00 5.18126e-02
4.90945e+01 -1.97759e+00 5.21991e-02
4.93743e+01 -1.96289e+00 5.28602e-02
4.98560e+01 -1.93714e+00 5.40654e-02
5.03682e+01 -1.90910e+00 5.54490e-02
5.08804e+01 -1.88032e+00 5.69534e-02
5.13268e+01 -1.85459e+00 5.83766e-02
5.17731e+01 -1.82819e+00 5.99228e-02
5.22194e+01 -1.80108e+00 6.16097e-02
5.26657e+01 -1.77318e+00 6.34603e-02
5.31120e+01 -1.74441e+00 6.55033e-02
5.34932e+01 -1.71907e+00 6.74261e-02
5.38745e+01 -1.69297e+00 6.95452e-02
5.42557e+01 -1.66602e+00 7.18950e-02
5.46369e+01 -1.63812e+00 7.45208e-02
5.50181e+01 -1.60916e+00 7.74818e-02
5.53386e+01 -1.58389e+00 8.02853e-02
5.56591e+01 -1.55766e+00 8.34434e-02
5.59797e+01 -1.53035e+00 8.70353e-02
5.63002e+01 -1.50181e+00 9.11699e-02
5.65463e+01 -1.47894e+00 9.48036e-02
5.68269e+01 -1.45168e+00 9.95672e-02
5.71075e+01 -1.42298e+00 1.05170e-01
5.74113e+01 -1.38995e+00 1.12509e-01
5.76731e+01 -1.35951e+00 1.20294e-01
5.79350e+01 -1.32679e+00 1.30001e-01
5.81492e+01 -1.29792e+00 1.39984e-01
5.83633e+01 -1.26664e+00 1.52655e-01
5.85423e+01 -1.23816e+00 1.66262e-01
5.87212e+01 -1.20690e+00 1.84022e-01
5.88738e+01 -1.17734e+00 2.04184e-01
5.90264e+01 -1.14420e+00 2.31676e-01
5.91791e+01 -1.10601e+00 2.71420e-01
5.93132e+01 -1.06631e+00 3.24347e-01
5.94473e+01 -1.01758e+00 4.09842e-01
5.95376e+01 -9.76678e-01 5.02902e-01
5.96131e+01 -9.34492e-01 6.22688e-01
5.96824e+01 -8.85863e-01 7.94159e-01
5.97548e+01 -8.18501e-01 1.09541e+00
5.98003e+01 -7.62093e-01 1.40653e+00
5.98328e+01 -7.11307e-01 1.73230e+00
5.98624e+01 -6.54278e-01 2.14806e+00
5.98878e+01 -5.93705e-01 2.64455e+00
5.99099e+01 -5.29111e-01 3.23174e+00
5.99293e+01 -4.60221e-01 3.91742e+00
5.99486e+01 -3.75996e-01 4.82841e+00
5.99634e+01 -2.98274e-01 5.72844e+00
5.99791e+01 -1.99542e-01 6.93532e+00
5.99921e+01 -1.01723e-01 8.17907e+00
6.00050e+01 1.38654e-02 9.67774e+00
6.00180e+01 1.50626e-01 1.14398e+01
6.00310e+01 3.11742e-01 1.34148e+01
6.00444e+01 5.05932e-01 1.55040e+01
6.00549e+01 6.75735e-01 1.69294e+01
6.00663e+01 8.75054e-01 1.79452e+01
6.00776e+01 1.08102e+00 1.80409e+01
6.00850e+01 1.21261e+00 1.74908e+01
6.00921e+01 1.33357e+00 1.65037e+01
6.00997e+01 1.45261e+00 1.50356e+01
6.01072e+01 1.55935e+00 1.32635e+01
6.01147e+01 1.65209e+00 1.13476e+01
6.01223e+01 1.73035e+00 9.44181e+00
6.01307e+01 1.80110e+00 7.47868e+00
6.01376e+01 1.84783e+00 6.05151e+00
6.01445e+01 1.88536e+00 4.82633e+00
6.01514e+01 1.91512e+00 3.80310e+00
6.01583e+01 1.93845e+00 2.96695e+00
6.01653e+01 1.95658e+00 2.29530e+00
6.01722e+01 1.97056e+00 1.76292e+00
6.01791e+01 1.98126e+00 1.34527e+00
6.01860e+01 1.98940e+00 1.02022e+00
6.01933e+01 1.99580e+00 7.58312e-01
6.02009e+01 2.00073e+00 5.51516e-01
6.02088e+01 2.00445e+00 3.90126e-01
6.02172e+01 2.00718e+00 2.65880e-01
6.02262e+01 2.00911e+00 1.71738e-01
6.02357e+01 2.01040e+00 1.01713e-01
6.02460e+01 2.01116e+00 5.07345e-02
6.02572e+01 2.01151e+00 1.45434e-02
6.02693e+01 2.01152e+00 -1.03994e-02
6.02827e+01 2.01127e+00 -2.69986e-02
6.02974e+01 2.01078e+00 -3.75334e-02
6.03140e+01 2.01010e+00 -4.39186e-02
6.03328e+01 2.00924e+00 -4.75653e-02
6.03546e+01 2.00818e+00 -4.94985e-02
6.03804e+01 2.00688e+00 -5.04374e-02
6.04122e+01 2.00527e+00 -5.08600e-02
6.04527e+01 2.00321e+00 -5.10611e-02
6.05078e+01 2.00039e+00 -5.12063e-02
6.05897e+01 1.99619e+00 -5.13887e-02
6.07177e+01 1.98960e+00 -5.16735e-02
6.08803e+01 1.98116e+00 -5.20412e-02
6.11769e+01 1.96563e+00 -5.27357e-02
6.16645e+01 1.93962e+00 -5.39469e-02
6.21782e+01 1.91156e+00 -5.53248e-02
6.26920e+01 1.88275e+00 -5.68227e-02
6.31395e+01 1.85701e+00 -5.82388e-02
6.35870e+01 1.83062e+00 -5.97771e-02
6.40344e+01 1.80350e+00 -6.14549e-02
6.44819e+01 1.77559e+00 -6.32951e-02
6.49294e+01 1.74683e+00 -6.53259e-02
6.53117e+01 1.72149e+00 -6.72372e-02
6.56941e+01 1.69539e+00 -6.93431e-02
6.60764e+01 1.66844e+00 -7.16774e-02
6.64588e+01 1.64054e+00 -7.42849e-02
6.68411e+01 1.61159e+00 -7.72238e-02
6.71627e+01 1.58632e+00 -8.00061e-02
6.74843e+01 1.56010e+00 -8.31386e-02
6.78058e+01 1.53280e+00 -8.66993e-02
6.81274e+01 1.50428e+00 -9.07953e-02
6.84070e+01 1.47833e+00 -9.49046e-02
6.86867e+01 1.45115e+00 -9.96658e-02
6.89663e+01 1.42252e+00 -1.05266e-01
6.92694e+01 1.38954e+00 -1.12608e-01
6.95309e+01 1.35911e+00 -1.20404e-01
6.97923e+01 1.32641e+00 -1.30125e-01
7.00063e+01 1.29754e+00 -1.40126e-01
7.02202e+01 1.26626e+00 -1.52821e-01
7.03989e+01 1.23778e+00 -1.66457e-01
7.05776e+01 1.20651e+00 -1.84261e-01
7.07301e+01 1.17695e+00 -2.04480e-01
7.08826e+01 1.14378e+00 -2.32060e-01
7.10351e+01 1.10556e+00 -2.71949e-01
7.11876e+01 1.05972e+00 -3.34482e-01
7.13054e+01 1.01605e+00 -4.12944e-01
7.13988e+01 9.73190e-01 -5.11848e-01
7.14737e+01 9.30597e-01 -6.35064e-01
7.15426e+01 8.81216e-01 -8.12522e-01
7.16142e+01 8.12900e-01 -1.12390e+00
7.16574e+01 7.58188e-01 -1.43005e+00
7.16900e+01 7.06405e-01 -1.76599e+00
7.17192e+01 6.49084e-01 -2.18847e+00
7.17443e+01 5.88176e-01 -2.69255e+00
7.17661e+01 5.23200e-01 -3.28827e+00
7.17853e+01 4.53848e-01 -3.98370e+00
7.18044e+01 3.69119e-01 -4.90593e+00
7.18191e+01 2.90674e-01 -5.81906e+00
7.18346e+01 1.91230e-01 -7.03948e+00
7.18476e+01 9.23587e-02 -8.29977e+00
7.18605e+01 -2.44251e-02 -9.81494e+00
7.18734e+01 -1.62492e-01 -1.15901e+01
7.18863e+01 -3.24929e-01 -1.35686e+01
7.19000e+01 -5.24609e-01 -1.56817e+01
7.19107e+01 -7.00333e-01 -1.70967e+01
7.19219e+01 -8.98001e-01 -1.80079e+01
7.19331e+01 -1.10097e+00 -1.79904e+01
7.19404e+01 -1.23019e+00 -1.73771e+01
7.19475e+01 -1.34897e+00 -1.63425e+01
7.19548e+01 -1.46455e+00 -1.48595e+01
7.19622e+01 -1.56804e+00 -1.30991e+01
7.19696e+01 -1.65797e+00 -1.12139e+01
7.19770e+01 -1.73394e+00 -9.34782e+00
7.19856e+01 -1.80508e+00 -7.36138e+00
7.19925e+01 -1.85102e+00 -5.95004e+00
7.19994e+01 -1.88789e+00 -4.74121e+00
7.20063e+01 -1.91710e+00 -3.73340e+00
7.20132e+01 -1.93999e+00 -2.91096e+00
7.20202e+01 -1.95776e+00 -2.25098e+00
7.20271e+01 -1.97145e+00 -1.72825e+00
7.20340e+01 -1.98194e+00 -1.31839e+00
7.20409e+01 -1.98991e+00 -9.99529e-01
7.20482e+01 -1.99620e+00 -7.41901e-01
7.20558e+01 -2.00103e+00 -5.38638e-01
7.20638e+01 -2.00467e+00 -3.80149e-01
7.20722e+01 -2.00734e+00 -2.58263e-01
7.20812e+01 -2.00922e+00 -1.66024e-01
7.20908e+01 -2.01047e+00 -9.75114e-02
7.21012e+01 -2.01120e+00 -4.77165e-02
7.21124e+01 -2.01152e+00 -1.24347e-02
7.21246e+01 -2.01151e+00 1.18254e-02
7.21380e+01 -2.01124e+00 2.79186e-02
7.21529e+01 -2.01074e+00 3.81032e-02
7.21696e+01 -2.01005e+00 4.42530e-02
7.21886e+01 -2.00917e+00 4.77487e-02
7.22106e+01 -2.00809e+00 4.95909e-02
7.22369e+01 -2.00678e+00 5.04799e-02
7.22691e+01 -2.00515e+00 5.08790e-02
7.23104e+01 -2.00304e+00 5.10718e-02
7.23669e+01 -2.00015e+00 5.12172e-02
7.24514e+01 -1.99581e+00 5.14050e-02
7.25828e+01 -1.98904e+00 5.16978e-02
7.27469e+01 -1.98053e+00 5.20693e-02
7.30399e+01 -1.96517e+00 5.27565e-02
7.35264e+01 -1.93921e+00 5.39662e-02
7.40399e+01 -1.91115e+00 5.53451e-02
7.45534e+01 -1.88235e+00 5.68441e-02
7.50007e+01 -1.85662e+00 5.82614e-02
7.54480e+01 -1.83022e+00 5.98010e-02
7.58953e+01 -1.80310e+00 6.14803e-02
7.63426e+01 -1.77520e+00 6.33222e-02
7.67899e+01 -1.74643e+00 6.53549e-02
7.71720e+01 -1.72109e+00 6.72682e-02
7.75542e+01 -1.69499e+00 6.93763e-02
7.79364e+01 -1.66804e+00 7.17131e-02
7.83185e+01 -1.64014e+00 7.43236e-02
7.87007e+01 -1.61119e+00 7.72661e-02
7.90221e+01 -1.58592e+00 8.00518e-02
7.93435e+01 -1.55970e+00 8.31885e-02
7.96649e+01 -1.53240e+00 8.67543e-02
7.99863e+01 -1.50388e+00 9.08566e-02
8.02331e+01 -1.48102e+00 9.44603e-02
8.05143e+01 -1.45381e+00 9.91779e-02
8.07955e+01 -1.42516e+00 1.04721e-01
8.11010e+01 -1.39209e+00 1.12002e-01
8.13647e+01 -1.36158e+00 1.19730e-01
8.16283e+01 -1.32880e+00 1.29361e-01
8.18438e+01 -1.29989e+00 1.39255e-01
8.20593e+01 -1.26858e+00 1.51804e-01
8.22393e+01 -1.24011e+00 1.65258e-01
8.24192e+01 -1.20887e+00 1.82800e-01
8.25725e+01 -1.17939e+00 2.02671e-01
8.27259e+01 -1.14635e+00 2.29717e-01
8.28792e+01 -1.10832e+00 2.68726e-01
8.30128e+01 -1.06927e+00 3.19934e-01
8.31463e+01 -1.02155e+00 4.01907e-01
8.32404e+01 -9.79671e-01 4.95356e-01
8.33162e+01 -9.37972e-01 6.11823e-01
8.33859e+01 -8.89974e-01 7.78207e-01
8.34590e+01 -8.23397e-01 1.07095e+00
8.35068e+01 -7.65244e-01 1.38773e+00
8.35392e+01 -7.15479e-01 1.70393e+00
8.35691e+01 -6.58693e-01 2.11404e+00
8.35948e+01 -5.98402e-01 2.60411e+00
8.36171e+01 -5.34133e-01 3.18408e+00
8.36367e+01 -4.65631e-01 3.86151e+00
8.36562e+01 -3.81832e-01 4.76297e+00
8.36710e+01 -3.04719e-01 5.65193e+00
8.36868e+01 -2.06586e-01 6.84731e+00
8.36998e+01 -1.09652e-01 8.07704e+00
8.37129e+01 4.93001e-03 9.56159e+00
8.37259e+01 1.40590e-01 1.13122e+01
8.37389e+01 3.00587e-01 1.32837e+01
8.37519e+01 4.86930e-01 1.53184e+01
8.37624e+01 6.55179e-01 1.67813e+01
8.37740e+01 8.56292e-01 1.78850e+01
8.37855e+01 1.06522e+00 1.80730e+01
8.37929e+01 1.19623e+00 1.75879e+01
8.38000e+01 1.31937e+00 1.66451e+01
8.38068e+01 1.42710e+00 1.53940e+01
8.38135e+01 1.52548e+00 1.38747e+01
8.38202e+01 1.61306e+00 1.21981e+01
8.38274e+01 1.69451e+00 1.03484e+01
8.38350e+01 1.76610e+00 8.47916e+00
8.38421e+01 1.82051e+00 6.89898e+00
8.38491e+01 1.86358e+00 5.54595e+00
8.38560e+01 1.89798e+00 4.39827e+00
8.38629e+01 1.92511e+00 3.44905e+00
8.38699e+01 1.94628e+00 2.67948e+00
8.38768e+01 1.96267e+00 2.06521e+00
8.38838e+01 1.97525e+00 1.58081e+00
8.38907e+01 1.98486e+00 1.20238e+00
8.38976e+01 1.99214e+00 9.08836e-01
8.39050e+01 1.99792e+00 6.70113e-01
8.39127e+01 2.00234e+00 4.82437e-01
8.39209e+01 2.00564e+00 3.36724e-01
8.39295e+01 2.00803e+00 2.25222e-01
8.39387e+01 2.00969e+00 1.41326e-01
8.39485e+01 2.01076e+00 7.94294e-02
8.39591e+01 2.01135e+00 3.47949e-02
8.39706e+01 2.01155e+00 3.46006e-03
8.39832e+01 2.01145e+00 -1.78513e-02
8.39971e+01 2.01110e+00 -3.17792e-02
8.40125e+01 2.01053e+00 -4.04718e-02
8.40299e+01 2.00978e+00 -4.56266e-02
8.40497e+01 2.00884e+00 -4.84903e-02
8.40730e+01 2.00770e+00 -4.99581e-02
8.41009e+01 2.00629e+00 -5.06467e-02
8.41357e+01 2.00452e+00 -5.09547e-02
8.41811e+01 2.00221e+00 -5.11191e-02
8.42448e+01 1.99894e+00 -5.12701e-02
8.43429e+01 1.99390e+00 -5.14871e-02
8.44883e+01 1.98639e+00 -5.18131e-02
8.46578e+01 1.97758e+00 -5.21997e-02
8.49377e+01 1.96288e+00 -5.28606e-02
8.54193e+01 1.93713e+00 -5.40658e-02
8.59315e+01 1.90909e+00 -5.54495e-02
8.64437e+01 1.88031e+00 -5.69539e-02
8.68900e+01 1.85458e+00 -5.83771e-02
8.73364e+01 1.82818e+00 -5.99233e-02
8.77827e+01 1.80107e+00 -6.16103e-02
8.82290e+01 1.77317e+00 -6.34609e-02
8.86753e+01 1.74440e+00 -6.55040e-02
8.90565e+01 1.71907e+00 -6.74268e-02
8.94377e+01 1.69296e+00 -6.95459e-02
8.98189e+01 1.66601e+00 -7.18958e-02
9.02002e+01 1.63812e+00 -7.45217e-02
9.05814e+01 1.60915e+00 -7.74827e-02
9.09019e+01 1.58388e+00 -8.02864e-02
9.12224e+01 1.55765e+00 -8.34445e-02
9.15429e+01 1.53035e+00 -8.70365e-02
9.18634e+01 1.50180e+00 -9.11713e-02
9.21095e+01 1.47893e+00 -9.48051e-02
9.23901e+01 1.45167e+00 -9.95689e-02
9.26708e+01 1.42297e+00 -1.05172e-01
9.29745e+01 1.38994e+00 -1.12511e-01
9.32364e+01 1.35950e+00 -1.20296e-01
9.34982e+01 1.32679e+00 -1.30004e-01
9.37124e+01 1.29791e+00 -1.39987e-01
9.39265e+01 1.26663e+00 -1.52659e-01
9.41055e+01 1.23815e+00 -1.66266e-01
9.42844e+01 1.20689e+00 -1.84028e-01
9.44370e+01 1.17734e+00 -2.04191e-01
9.45896e+01 1.14419e+00 -2.31685e-01
9.47422e+01 1.10600e+00 -2.71432e-01
9.48949e+01 1.06021e+00 -3.33706e-01
9.50129e+01 1.01657e+00 -4.11875e-01
9.51067e+01 9.73650e-01 -5.10660e-01
9.51816e+01 9.31124e-01 -6.33374e-01
9.52506e+01 8.81848e-01 -8.10003e-01
9.53223e+01 8.13666e-01 -1.11997e+00
9.53658e+01 7.58738e-01 -1.42673e+00
9.53984e+01 7.07082e-01 -1.76131e+00
9.54276e+01 6.49802e-01 -2.18286e+00
9.54528e+01 5.88940e-01 -2.68589e+00
9.54746e+01 5.24017e-01 -3.28043e+00
9.54938e+01 4.54729e-01 -3.97451e+00
9.55130e+01 3.70070e-01 -4.89518e+00
9.55277e+01 2.91725e-01 -5.80650e+00
9.55432e+01 1.92380e-01 -7.02505e+00
9.55562e+01 9.36548e-02 -8.28305e+00
9.55691e+01 -2.29631e-02 -9.79595e+00
9.55820e+01 -1.60849e-01 -1.15693e+01
9.55950e+01 -3.23103e-01 -1.35474e+01
9.56086e+01 -5.21985e-01 -1.56570e+01
9.56191e+01 -6.95203e-01 -1.70627e+01
9.56304e+01 -8.93187e-01 -1.79958e+01
9.56417e+01 -1.09675e+00 -1.80020e+01
9.56490e+01 -1.22648e+00 -1.74020e+01
9.56560e+01 -1.34571e+00 -1.63773e+01
9.56634e+01 -1.46201e+00 -1.48974e+01
9.56709e+01 -1.56618e+00 -1.31346e+01
9.56783e+01 -1.65669e+00 -1.12431e+01
9.56857e+01 -1.73314e+00 -9.36878e+00
9.56942e+01 -1.80419e+00 -7.38774e+00
9.57011e+01 -1.85031e+00 -5.97271e+00
9.57080e+01 -1.88733e+00 -4.76011e+00
9.57150e+01 -1.91666e+00 -3.74878e+00
9.57219e+01 -1.93965e+00 -2.92325e+00
9.57288e+01 -1.95750e+00 -2.26065e+00
9.57357e+01 -1.97126e+00 -1.73577e+00
9.57427e+01 -1.98179e+00 -1.32419e+00
9.57496e+01 -1.98980e+00 -1.00397e+00
9.57568e+01 -1.99612e+00 -7.45420e-01
9.57644e+01 -2.00097e+00 -5.41398e-01
9.57724e+01 -2.00462e+00 -3.82286e-01
9.57809e+01 -2.00731e+00 -2.59895e-01
9.57898e+01 -2.00920e+00 -1.67247e-01
9.57994e+01 -2.01045e+00 -9.84102e-02
9.58098e+01 -2.01119e+00 -4.83616e-02
9.58210e+01 -2.01152e+00 -1.28851e-02
9.58332e+01 -2.01152e+00 1.15211e-02
9.58466e+01 -2.01124e+00 2.77225e-02
9.58614e+01 -2.01075e+00 3.79819e-02
9.58781e+01 -2.01006e+00 4.41819e-02
9.58970e+01 -2.00918e+00 4.77098e-02
9.59190e+01 -2.00811e+00 4.95714e-02
9.59452e+01 -2.00680e+00 5.04709e-02
9.59773e+01 -2.00517e+00 5.08750e-02
9.60184e+01 -2.00308e+00 5.10695e-02
9.60746e+01 -2.00020e+00 5.12148e-02
9.61586e+01 -1.99590e+00 5.14014e-02
9.62892e+01 -1.98916e+00 5.16925e-02
9.64530e+01 -1.98066e+00 5.20632e-02
9.67468e+01 -1.96527e+00 5.27520e-02
9.72335e+01 -1.93930e+00 5.39620e-02
9.77471e+01 -1.91124e+00 5.53407e-02
9.82607e+01 -1.88244e+00 5.68394e-02
9.87080e+01 -1.85670e+00 5.82564e-02
9.91553e+01 -1.83030e+00 5.97957e-02
9.96026e+01 -1.80319e+00 6.14748e-02
1.00000e+02 -1.77844e+00 6.31007e-02
