1.00000e-06 1.00000e+00 -1.00000e-06
6.00000e-06 1.00000e+00 -6.00000e-06
3.10000e-05 1.00000e+00 -3.10000e-05
1.56000e-04 1.00000e+00 -1.56000e-04
7.81000e-04 1.00000e+00 -7.81000e-04
3.90600e-03 9.99992e-01 -3.90599e-03
1.95310e-02 9.99809e-01 -1.95298e-02
9.76560e-02 9.95235e-01 -9.75235e-02
3.10693e-01 9.51980e-01 -3.07980e-01
5.23730e-01 8.64094e-01 -5.17583e-01
7.36767e-01 7.30794e-01 -7.36630e-01
9.49804e-01 5.48436e-01 -9.81065e-01
1.12860e+00 3.52342e-01 -1.21791e+00
1.30740e+00 1.10930e-01 -1.48733e+00
1.45159e+00 -1.20095e-01 -1.71707e+00
1.59578e+00 -3.83281e-01 -1.92613e+00
1.73997e+00 -6.71796e-01 -2.05652e+00
1.89111e+00 -9.83019e-01 -2.02706e+00
2.01031e+00 -1.21530e+00 -1.84642e+00
2.13365e+00 -1.42448e+00 -1.52723e+00
2.25698e+00 -1.58886e+00 -1.13178e+00
2.38741e+00 -1.70863e+00 -7.10162e-01
2.49940e+00 -1.76981e+00 -3.91162e-01
2.61139e+00 -1.79837e+00 -1.28725e-01
2.72338e+00 -1.80072e+00 7.82657e-02
2.84341e+00 -1.78061e+00 2.49042e-01
2.97464e+00 -1.73818e+00 3.91215e-01
3.12200e+00 -1.67108e+00 5.14711e-01
3.29566e+00 -1.57109e+00 6.33679e-01
3.49557e+00 -1.43183e+00 7.59345e-01
3.71650e+00 -1.24795e+00 9.09217e-01
3.90846e+00 -1.05874e+00 1.06806e+00
4.10042e+00 -8.34974e-01 1.27266e+00
4.29238e+00 -5.65906e-01 1.54339e+00
4.42694e+00 -3.42686e-01 1.78110e+00
4.55611e+00 -9.59820e-02 2.04338e+00
4.68527e+00 1.85726e-01 2.31724e+00
4.81444e+00 5.00863e-01 2.54862e+00
4.94360e+00 8.38328e-01 2.64522e+00
5.04801e+00 1.11132e+00 2.55524e+00
5.15671e+00 1.37547e+00 2.27404e+00
5.26541e+00 1.60003e+00 1.83846e+00
5.37410e+00 1.77271e+00 1.33583e+00
5.48685e+00 1.89477e+00 8.40052e-01
5.57790e+00 1.95531e+00 5.00694e-01
5.66895e+00 1.98794e+00 2.26789e-01
5.75999e+00 1.99847e+00 1.38642e-02
5.85581e+00 1.99127e+00 -1.55956e-01
5.95762e+00 1.96821e+00 -2.90315e-01
6.06900e+00 1.92951e+00 -3.99203e-01
6.19443e+00 1.87341e+00 -4.91084e-01
6.33459e+00 1.79875e+00 -5.71490e-01
6.50005e+00 1.69739e+00 -6.52429e-01
6.69921e+00 1.55811e+00 -7.46952e-01
6.92499e+00 1.37619e+00 -8.68555e-01
7.15077e+00 1.16331e+00 -1.02476e+00
7.33148e+00 9.63817e-01 -1.19057e+00
7.51905e+00 7.20123e-01 -1.41890e+00
7.67284e+00 4.83955e-01 -1.66144e+00
7.80684e+00 2.44636e-01 -1.91706e+00
7.94084e+00 -3.11967e-02 -2.20273e+00
8.07484e+00 -3.45310e-01 -2.47832e+00
8.20884e+00 -6.91189e-01 -2.65868e+00
8.32493e+00 -1.00102e+00 -2.64599e+00
8.42247e+00 -1.25172e+00 -2.46729e+00
8.52002e+00 -1.47743e+00 -2.13838e+00
8.61757e+00 -1.66557e+00 -1.70771e+00
8.71845e+00 -1.81375e+00 -1.23126e+00
8.81288e+00 -1.91007e+00 -8.17451e-01
8.90732e+00 -1.97019e+00 -4.67771e-01
9.00176e+00 -2.00071e+00 -1.90282e-01
9.09619e+00 -2.00820e+00 2.17693e-02
9.19063e+00 -1.99825e+00 1.81115e-01
9.29286e+00 -1.97285e+00 3.09455e-01
9.40514e+00 -1.93196e+00 4.13789e-01
9.53209e+00 -1.87355e+00 5.02389e-01
9.67404e+00 -1.79651e+00 5.80573e-01
9.84212e+00 -1.69210e+00 6.60590e-01
1.00446e+01 -1.54882e+00 7.55800e-01
1.02721e+01 -1.36336e+00 8.79263e-01
1.04995e+01 -1.14602e+00 1.03970e+00
1.06778e+01 -9.46436e-01 1.20709e+00
1.08637e+01 -7.01606e-01 1.43829e+00
1.10157e+01 -4.65040e-01 1.68242e+00
1.11487e+01 -2.24718e-01 1.93923e+00
1.12816e+01 5.18612e-02 2.22389e+00
1.14145e+01 3.66037e-01 2.49439e+00
1.15475e+01 7.10702e-01 2.66442e+00
1.16615e+01 1.01507e+00 2.64140e+00
1.17592e+01 1.26528e+00 2.45348e+00
1.18569e+01 1.48959e+00 2.11642e+00
1.19546e+01 1.67561e+00 1.68101e+00
1.20561e+01 1.82174e+00 1.20227e+00
1.21503e+01 1.91531e+00 7.92702e-01
1.22445e+01 1.97321e+00 4.48222e-01
1.23388e+01 2.00206e+00 1.75596e-01
1.24330e+01 2.00834e+00 -3.25030e-02
1.25272e+01 1.99755e+00 -1.88891e-01
1.26299e+01 1.97133e+00 -3.15670e-01
1.27428e+01 1.92957e+00 -4.18902e-01
1.28707e+01 1.87013e+00 -5.06844e-01
1.30137e+01 1.79188e+00 -5.84752e-01
1.31834e+01 1.68577e+00 -6.65118e-01
1.33880e+01 1.53992e+00 -7.61666e-01
1.36161e+01 1.35239e+00 -8.86927e-01
1.38443e+01 1.13231e+00 -1.05059e+00
1.40209e+01 9.32495e-01 -1.21955e+00
1.42055e+01 6.86811e-01 -1.45309e+00
1.43563e+01 4.49987e-01 -1.69843e+00
1.44884e+01 2.08859e-01 -1.95614e+00
1.46206e+01 -6.83328e-02 -2.23989e+00
1.47528e+01 -3.82582e-01 -2.50617e+00
1.48850e+01 -7.26311e-01 -2.66780e+00
1.49969e+01 -1.02492e+00 -2.63722e+00
1.50939e+01 -1.27270e+00 -2.44514e+00
1.51909e+01 -1.49450e+00 -2.10695e+00
1.52879e+01 -1.67834e+00 -1.67337e+00
1.53895e+01 -1.82393e+00 -1.19388e+00
1.54837e+01 -1.91671e+00 -7.85575e-01
1.55779e+01 -1.97399e+00 -4.42613e-01
1.56721e+01 -2.00235e+00 -1.71389e-01
1.57663e+01 -2.00829e+00 3.55777e-02
1.58604e+01 -1.99727e+00 1.91122e-01
1.59632e+01 -1.97080e+00 3.17464e-01
1.60763e+01 -1.92879e+00 4.20389e-01
1.62045e+01 -1.86903e+00 5.08156e-01
1.63491e+01 -1.78968e+00 5.86631e-01
1.65194e+01 -1.68283e+00 6.67160e-01
1.67250e+01 -1.53579e+00 7.64354e-01
1.69535e+01 -1.34732e+00 8.90457e-01
1.71819e+01 -1.12601e+00 1.05562e+00
1.73578e+01 -9.26040e-01 1.22534e+00
1.75419e+01 -6.79931e-01 1.45999e+00
1.76920e+01 -4.42993e-01 1.70586e+00
1.78238e+01 -2.01477e-01 1.96398e+00
1.79557e+01 7.60147e-02 2.24728e+00
1.80875e+01 3.90313e-01 2.51155e+00
1.82194e+01 7.33619e-01 2.66921e+00
1.83306e+01 1.03042e+00 2.63477e+00
1.84277e+01 1.27790e+00 2.43917e+00
1.85247e+01 1.49907e+00 2.09803e+00
1.86217e+01 1.68204e+00 1.66291e+00
1.87236e+01 1.82685e+00 1.18260e+00
1.88177e+01 1.91858e+00 7.76017e-01
1.89118e+01 1.97500e+00 4.35093e-01
1.90060e+01 2.00273e+00 1.65747e-01
1.91001e+01 2.00821e+00 -3.97054e-02
1.91942e+01 1.99686e+00 -1.94122e-01
1.92972e+01 1.97007e+00 -3.19878e-01
1.94105e+01 1.92771e+00 -4.22394e-01
1.95391e+01 1.86753e+00 -5.09927e-01
1.96842e+01 1.78767e+00 -5.88331e-01
1.98552e+01 1.68010e+00 -6.69041e-01
2.00617e+01 1.53197e+00 -7.66841e-01
2.02904e+01 1.34264e+00 -8.93728e-01
2.05191e+01 1.12019e+00 -1.06027e+00
2.06944e+01 9.20055e-01 -1.23073e+00
2.08775e+01 6.74192e-01 -1.46575e+00
2.10272e+01 4.36923e-01 -1.71232e+00
2.11769e+01 1.58884e-01 -2.00905e+00
2.12970e+01 -9.77918e-02 -2.26806e+00
2.14170e+01 -3.84917e-01 -2.50780e+00
2.15371e+01 -6.96450e-01 -2.66102e+00
2.16529e+01 -1.00581e+00 -2.64516e+00
2.17504e+01 -1.25605e+00 -2.46368e+00
2.18478e+01 -1.48109e+00 -2.13265e+00
2.19453e+01 -1.66842e+00 -1.70106e+00
2.20463e+01 -1.81608e+00 -1.22387e+00
2.21407e+01 -1.91167e+00 -8.11119e-01
2.22350e+01 -1.97121e+00 -4.62771e-01
2.23294e+01 -2.00129e+00 -1.86541e-01
2.24238e+01 -2.00847e+00 2.44812e-02
2.25181e+01 -1.99832e+00 1.83054e-01
2.26204e+01 -1.97272e+00 3.10980e-01
2.27328e+01 -1.93162e+00 4.15013e-01
2.28600e+01 -1.87299e+00 5.03419e-01
2.30022e+01 -1.79568e+00 5.81500e-01
2.31706e+01 -1.69091e+00 6.61552e-01
2.33735e+01 -1.54710e+00 7.57000e-01
2.36011e+01 -1.36120e+00 8.80810e-01
2.38287e+01 -1.14329e+00 1.04189e+00
2.40066e+01 -9.43676e-01 1.20958e+00
2.41923e+01 -6.98679e-01 1.44124e+00
2.43440e+01 -4.62060e-01 1.68561e+00
2.44768e+01 -2.21580e-01 1.94260e+00
2.46096e+01 5.51181e-02 2.22709e+00
2.47424e+01 3.69305e-01 2.49676e+00
2.48752e+01 7.13783e-01 2.66515e+00
2.49889e+01 1.01732e+00 2.64049e+00
2.50867e+01 1.26743e+00 2.45110e+00
2.51844e+01 1.49150e+00 2.11277e+00
2.52821e+01 1.67717e+00 1.67666e+00
2.53836e+01 1.82297e+00 1.19757e+00
2.54779e+01 1.91610e+00 7.88707e-01
2.55721e+01 1.97365e+00 4.45074e-01
2.56663e+01 2.00223e+00 1.73232e-01
2.57605e+01 2.00832e+00 -3.42325e-02
2.58547e+01 1.99740e+00 -1.90147e-01
2.59574e+01 1.97104e+00 -3.16680e-01
2.60704e+01 1.92913e+00 -4.19738e-01
2.61985e+01 1.86952e+00 -5.07581e-01
2.63417e+01 1.79107e+00 -5.85451e-01
2.65116e+01 1.68467e+00 -6.65886e-01
2.67166e+01 1.53838e+00 -7.62674e-01
2.69449e+01 1.35049e+00 -8.88250e-01
2.71731e+01 1.12995e+00 -1.05247e+00
2.73495e+01 9.30077e-01 -1.22172e+00
2.75339e+01 6.84236e-01 -1.45567e+00
2.76844e+01 4.47369e-01 -1.70121e+00
2.78164e+01 2.06097e-01 -1.95907e+00
2.79485e+01 -7.12060e-02 -2.24266e+00
2.80805e+01 -3.85472e-01 -2.50819e+00
2.82126e+01 -7.29043e-01 -2.66834e+00
2.83242e+01 -1.02697e+00 -2.63632e+00
2.84213e+01 -1.27464e+00 -2.44292e+00
2.85183e+01 -1.49621e+00 -2.10363e+00
2.86153e+01 -1.67972e+00 -1.66947e+00
2.87170e+01 -1.82502e+00 -1.18967e+00
2.88112e+01 -1.91741e+00 -7.82008e-01
2.89053e+01 -1.97437e+00 -4.39805e-01
2.89995e+01 -2.00250e+00 -1.69282e-01
2.90936e+01 -2.00826e+00 3.71198e-02
2.91878e+01 -1.99712e+00 1.92243e-01
2.92907e+01 -1.97053e+00 3.18365e-01
2.94039e+01 -1.92838e+00 4.21138e-01
2.95322e+01 -1.86847e+00 5.08817e-01
2.96770e+01 -1.78893e+00 5.87265e-01
2.98475e+01 -1.68181e+00 6.67861e-01
3.00535e+01 -1.53437e+00 7.65279e-01
3.02820e+01 -1.34558e+00 8.91673e-01
3.05105e+01 -1.12385e+00 1.05735e+00
3.06862e+01 -9.23815e-01 1.22734e+00
3.08701e+01 -6.77555e-01 1.46237e+00
3.10200e+01 -4.40578e-01 1.70843e+00
3.11517e+01 -1.98926e-01 1.96669e+00
3.12834e+01 7.86708e-02 2.24983e+00
3.14152e+01 3.92987e-01 2.51340e+00
3.15469e+01 7.36150e-01 2.66968e+00
3.16579e+01 1.03233e+00 2.63390e+00
3.17550e+01 1.27971e+00 2.43707e+00
3.18599e+01 1.51707e+00 2.06204e+00
3.19649e+01 1.70894e+00 1.58439e+00
3.20698e+01 1.84921e+00 1.09327e+00
3.21634e+01 1.93266e+00 7.01135e-01
3.22569e+01 1.98251e+00 3.76617e-01
3.23505e+01 2.00531e+00 1.22075e-01
3.24440e+01 2.00724e+00 -7.15807e-02
3.25412e+01 1.99260e+00 -2.22243e-01
3.26460e+01 1.96270e+00 -3.42509e-01
3.27620e+01 1.91694e+00 -4.41289e-01
3.28945e+01 1.85258e+00 -5.26795e-01
3.30444e+01 1.76764e+00 -6.04752e-01
3.32219e+01 1.65286e+00 -6.87553e-01
3.34375e+01 1.49358e+00 -7.91903e-01
3.36683e+01 1.29588e+00 -9.26885e-01
3.38694e+01 1.09481e+00 -1.08079e+00
3.40704e+01 8.57811e-01 -1.28773e+00
3.42383e+01 6.23129e-01 -1.51753e+00
3.43806e+01 3.90342e-01 -1.76202e+00
3.45102e+01 1.45486e-01 -2.02315e+00
3.46397e+01 -1.34724e-01 -2.30261e+00
3.47693e+01 -4.49865e-01 -2.55070e+00
3.48988e+01 -7.90417e-01 -2.67682e+00
3.50056e+01 -1.07440e+00 -2.61239e+00
3.51166e+01 -1.35138e+00 -2.34525e+00
3.52136e+01 -1.56145e+00 -1.96737e+00
3.53106e+01 -1.73078e+00 -1.51740e+00
3.54166e+01 -1.86520e+00 -1.02608e+00
3.55225e+01 -1.95052e+00 -5.98222e-01
3.56133e+01 -1.99090e+00 -3.02694e-01
3.57041e+01 -2.00743e+00 -7.15412e-02
3.57948e+01 -2.00554e+00 1.05000e-01
3.58934e+01 -1.98777e+00 2.48734e-01
3.60001e+01 -1.95476e+00 3.63977e-01
3.61190e+01 -1.90555e+00 4.59400e-01
3.62514e+01 -1.83912e+00 5.40932e-01
3.64057e+01 -1.74948e+00 6.18944e-01
3.65892e+01 -1.62806e+00 7.04088e-01
3.68084e+01 -1.46209e+00 8.12631e-01
3.70404e+01 -1.25783e+00 9.54549e-01
3.72335e+01 -1.05922e+00 1.11008e+00
3.74265e+01 -8.25861e-01 1.31769e+00
3.75924e+01 -5.88624e-01 1.55299e+00
3.77342e+01 -3.51209e-01 1.80390e+00
3.78622e+01 -1.03774e-01 2.06675e+00
3.79902e+01 1.78495e-01 2.34235e+00
3.81182e+01 4.94210e-01 2.57699e+00
3.82462e+01 8.32576e-01 2.67844e+00
3.83489e+01 1.10488e+00 2.59392e+00
3.84573e+01 1.37257e+00 2.31475e+00
3.85657e+01 1.60074e+00 1.87610e+00
3.86741e+01 1.77662e+00 1.36648e+00
3.87824e+01 1.89776e+00 8.79033e-01
3.88734e+01 1.96135e+00 5.30089e-01
3.89643e+01 1.99624e+00 2.48180e-01
3.90553e+01 2.00841e+00 2.92572e-02
3.91498e+01 2.00265e+00 -1.43015e-01
3.92500e+01 1.98117e+00 -2.78939e-01
3.93593e+01 1.94440e+00 -3.88625e-01
3.94818e+01 1.89088e+00 -4.80466e-01
3.96187e+01 1.81950e+00 -5.60087e-01
3.97793e+01 1.72308e+00 -6.38651e-01
3.99715e+01 1.59175e+00 -7.27931e-01
4.01951e+01 1.41650e+00 -8.43050e-01
4.04282e+01 1.20310e+00 -9.95505e-01
4.06121e+01 1.00598e+00 -1.15510e+00
4.08042e+01 7.63851e-01 -1.37710e+00
4.09620e+01 5.28490e-01 -1.61555e+00
4.10986e+01 2.91094e-01 -1.86832e+00
4.12417e+01 2.38145e-03 -2.17033e+00
4.13621e+01 -2.74387e-01 -2.42415e+00
4.14824e+01 -5.78932e-01 -2.61978e+00
4.16150e+01 -9.31953e-01 -2.66760e+00
4.17124e+01 -1.18638e+00 -2.53200e+00
4.18157e+01 -1.43314e+00 -2.21861e+00
4.19190e+01 -1.64029e+00 -1.77671e+00
4.20223e+01 -1.79864e+00 -1.28850e+00
4.21186e+01 -1.90168e+00 -8.60252e-01
4.22149e+01 -1.96640e+00 -4.96357e-01
4.23111e+01 -1.99969e+00 -2.07550e-01
4.24074e+01 -2.00858e+00 1.24157e-02
4.25037e+01 -1.99908e+00 1.76845e-01
4.26057e+01 -1.97415e+00 3.05970e-01
4.27175e+01 -1.93375e+00 4.10869e-01
4.28439e+01 -1.87596e+00 4.99783e-01
4.29852e+01 -1.79963e+00 5.78066e-01
4.31523e+01 -1.69626e+00 6.57812e-01
4.33535e+01 -1.55456e+00 7.52150e-01
4.35805e+01 -1.37038e+00 8.74467e-01
4.38076e+01 -1.15474e+00 1.03287e+00
4.39869e+01 -9.55251e-01 1.19931e+00
4.41736e+01 -7.10899e-01 1.42909e+00
4.43265e+01 -4.74501e-01 1.67243e+00
4.44599e+01 -2.34662e-01 1.92866e+00
4.45934e+01 4.15572e-02 2.21386e+00
4.47268e+01 3.55710e-01 2.48693e+00
4.48603e+01 7.00985e-01 2.66215e+00
4.49753e+01 1.00805e+00 2.64428e+00
4.50729e+01 1.25854e+00 2.46097e+00
4.51705e+01 1.48358e+00 2.12792e+00
4.52681e+01 1.67069e+00 1.69478e+00
4.53693e+01 1.81786e+00 1.21712e+00
4.54636e+01 1.91282e+00 8.05350e-01
4.55579e+01 1.97184e+00 4.58207e-01
4.56522e+01 2.00154e+00 1.83104e-01
4.57466e+01 2.00843e+00 -2.70020e-02
4.58409e+01 1.99808e+00 -1.84889e-01
4.59433e+01 1.97229e+00 -3.12453e-01
4.60559e+01 1.93099e+00 -4.16234e-01
4.61832e+01 1.87210e+00 -5.04493e-01
4.63257e+01 1.79450e+00 -5.82517e-01
4.64945e+01 1.68931e+00 -6.62664e-01
4.66979e+01 1.54487e+00 -7.58451e-01
4.69257e+01 1.35846e+00 -8.82710e-01
4.71535e+01 1.13987e+00 -1.04459e+00
4.73310e+01 9.40204e-01 -1.21267e+00
4.75163e+01 6.95001e-01 -1.44491e+00
4.76678e+01 4.58317e-01 -1.68958e+00
4.78004e+01 2.17639e-01 -1.94680e+00
4.79330e+01 -5.92092e-02 -2.23106e+00
4.80656e+01 -3.73413e-01 -2.49969e+00
4.81982e+01 -7.17656e-01 -2.66600e+00
4.83115e+01 -1.02015e+00 -2.63929e+00
4.84093e+01 -1.27014e+00 -2.44805e+00
4.85070e+01 -1.49390e+00 -2.10812e+00
4.86048e+01 -1.67913e+00 -1.67114e+00
4.87064e+01 -1.82452e+00 -1.19163e+00
4.88006e+01 -1.91709e+00 -7.83657e-01
4.88948e+01 -1.97419e+00 -4.41097e-01
4.89890e+01 -2.00243e+00 -1.70247e-01
4.90831e+01 -2.00828e+00 3.64171e-02
4.91773e+01 -1.99718e+00 1.91735e-01
4.92801e+01 -1.97065e+00 3.17957e-01
4.93933e+01 -1.92857e+00 4.20798e-01
4.95215e+01 -1.86873e+00 5.08517e-01
4.96663e+01 -1.78927e+00 5.86977e-01
4.98367e+01 -1.68227e+00 6.67543e-01
5.00425e+01 -1.53502e+00 7.64859e-01
5.02710e+01 -1.34637e+00 8.91121e-01
5.04995e+01 -1.12483e+00 1.05656e+00
5.06753e+01 -9.24826e-01 1.22643e+00
5.08592e+01 -6.78634e-01 1.46129e+00
5.10092e+01 -4.41675e-01 1.70726e+00
5.11410e+01 -2.00085e-01 1.96546e+00
5.12728e+01 7.74640e-02 2.24867e+00
5.14045e+01 3.91772e-01 2.51256e+00
5.15363e+01 7.35000e-01 2.66947e+00
5.16474e+01 1.03146e+00 2.63430e+00
5.17445e+01 1.27888e+00 2.43802e+00
5.18495e+01 1.51652e+00 2.06316e+00
5.19546e+01 1.70863e+00 1.58532e+00
5.20596e+01 1.84908e+00 1.09383e+00
5.21531e+01 1.93257e+00 7.01617e-01
5.22467e+01 1.98246e+00 3.77003e-01
5.23402e+01 2.00529e+00 1.22373e-01
5.24337e+01 2.00725e+00 -7.13560e-02
5.25310e+01 1.99263e+00 -2.22065e-01
5.26357e+01 1.96275e+00 -3.42365e-01
5.27517e+01 1.91701e+00 -4.41169e-01
5.28842e+01 1.85268e+00 -5.26686e-01
5.30340e+01 1.76777e+00 -6.04645e-01
5.32115e+01 1.65305e+00 -6.87430e-01
5.34271e+01 1.49383e+00 -7.91734e-01
5.36579e+01 1.29619e+00 -9.26659e-01
5.38590e+01 1.09509e+00 -1.08055e+00
5.40600e+01 8.58061e-01 -1.28750e+00
5.42280e+01 6.23403e-01 -1.51725e+00
5.43703e+01 3.90621e-01 -1.76172e+00
5.44999e+01 1.45783e-01 -2.02284e+00
5.46294e+01 -1.34413e-01 -2.30232e+00
5.47590e+01 -4.49549e-01 -2.55050e+00
5.48886e+01 -7.90116e-01 -2.67680e+00
5.49954e+01 -1.07417e+00 -2.61253e+00
5.51064e+01 -1.35121e+00 -2.34549e+00
5.52034e+01 -1.56130e+00 -1.96771e+00
5.53004e+01 -1.73065e+00 -1.51780e+00
5.54063e+01 -1.86510e+00 -1.02651e+00
5.55123e+01 -1.95046e+00 -5.98628e-01
5.56031e+01 -1.99087e+00 -3.03014e-01
5.56938e+01 -2.00742e+00 -7.17856e-02
5.57846e+01 -2.00556e+00 1.04816e-01
5.58831e+01 -1.98780e+00 2.48588e-01
5.59898e+01 -1.95481e+00 3.63858e-01
5.61087e+01 -1.90562e+00 4.59300e-01
5.62411e+01 -1.83921e+00 5.40842e-01
5.63953e+01 -1.74960e+00 6.18853e-01
5.65788e+01 -1.62822e+00 7.03980e-01
5.67980e+01 -1.46229e+00 8.12494e-01
5.70300e+01 -1.25808e+00 9.54366e-01
5.72231e+01 -1.05946e+00 1.10989e+00
5.74162e+01 -8.26080e-01 1.31748e+00
5.75821e+01 -5.88857e-01 1.55275e+00
5.77239e+01 -3.51444e-01 1.80365e+00
5.78519e+01 -1.04025e-01 2.06649e+00
5.79799e+01 1.78230e-01 2.34211e+00
5.81080e+01 4.93939e-01 2.57684e+00
5.82360e+01 8.32317e-01 2.67844e+00
5.83387e+01 1.10468e+00 2.59405e+00
5.84471e+01 1.37242e+00 2.31497e+00
5.85555e+01 1.60065e+00 1.87632e+00
5.86639e+01 1.77658e+00 1.36664e+00
5.87723e+01 1.89774e+00 8.79106e-01
5.88632e+01 1.96134e+00 5.30159e-01
5.89542e+01 1.99623e+00 2.48242e-01
5.90451e+01 2.00841e+00 2.93103e-02
5.91397e+01 2.00265e+00 -1.42973e-01
5.92398e+01 1.98118e+00 -2.78906e-01
5.93491e+01 1.94441e+00 -3.88598e-01
5.94717e+01 1.89089e+00 -4.80443e-01
5.96085e+01 1.81952e+00 -5.60066e-01
5.97691e+01 1.72311e+00 -6.38628e-01
5.99613e+01 1.59180e+00 -7.27904e-01
6.01849e+01 1.41656e+00 -8.43014e-01
6.04180e+01 1.20316e+00 -9.95456e-01
6.06020e+01 1.00605e+00 -1.15505e+00
6.07940e+01 7.63916e-01 -1.37704e+00
6.09518e+01 5.28556e-01 -1.61548e+00
6.10884e+01 2.91163e-01 -1.86825e+00
6.12315e+01 2.45139e-03 -2.17026e+00
6.13519e+01 -2.74305e-01 -2.42408e+00
6.14723e+01 -5.78840e-01 -2.61974e+00
6.16048e+01 -9.31858e-01 -2.66762e+00
6.17022e+01 -1.18630e+00 -2.53207e+00
6.18055e+01 -1.43308e+00 -2.21871e+00
6.19088e+01 -1.64025e+00 -1.77681e+00
6.20121e+01 -1.79861e+00 -1.28859e+00
6.21084e+01 -1.90166e+00 -8.60315e-01
6.22047e+01 -1.96639e+00 -4.96395e-01
6.23010e+01 -1.99969e+00 -2.07569e-01
6.23973e+01 -2.00858e+00 1.24098e-02
6.24936e+01 -1.99908e+00 1.76847e-01
6.25955e+01 -1.97415e+00 3.05971e-01
6.27074e+01 -1.93375e+00 4.10870e-01
6.28338e+01 -1.87596e+00 4.99784e-01
6.29751e+01 -1.79963e+00 5.78067e-01
6.31422e+01 -1.69626e+00 6.57813e-01
6.33433e+01 -1.55456e+00 7.52151e-01
6.35704e+01 -1.37038e+00 8.74468e-01
6.37974e+01 -1.15474e+00 1.03287e+00
6.39768e+01 -9.55248e-01 1.19932e+00
6.41635e+01 -7.10896e-01 1.42909e+00
6.43164e+01 -4.74498e-01 1.67243e+00
6.44498e+01 -2.34659e-01 1.92866e+00
6.45833e+01 4.15603e-02 2.21386e+00
6.47167e+01 3.55713e-01 2.48693e+00
6.48501e+01 7.00988e-01 2.66215e+00
6.49652e+01 1.00805e+00 2.64428e+00
6.50628e+01 1.25854e+00 2.46097e+00
6.51604e+01 1.48358e+00 2.12792e+00
6.52580e+01 1.67069e+00 1.69478e+00
6.53591e+01 1.81786e+00 1.21712e+00
6.54535e+01 1.91282e+00 8.05346e-01
6.55478e+01 1.97184e+00 4.58204e-01
6.56421e+01 2.00154e+00 1.83102e-01
6.57364e+01 2.00843e+00 -2.70037e-02
6.58308e+01 1.99808e+00 -1.84890e-01
6.59332e+01 1.97229e+00 -3.12454e-01
6.60457e+01 1.93099e+00 -4.16235e-01
6.61731e+01 1.87210e+00 -5.04494e-01
6.63156e+01 1.79450e+00 -5.82518e-01
6.64843e+01 1.68931e+00 -6.62665e-01
6.66878e+01 1.54487e+00 -7.58452e-01
6.69156e+01 1.35846e+00 -8.82712e-01
6.71434e+01 1.13987e+00 -1.04459e+00
6.73209e+01 9.40202e-01 -1.21267e+00
6.75062e+01 6.94998e-01 -1.44491e+00
6.76576e+01 4.58314e-01 -1.68958e+00
6.77902e+01 2.17637e-01 -1.94680e+00
6.79228e+01 -5.92119e-02 -2.23106e+00
6.80554e+01 -3.73415e-01 -2.49969e+00
6.81880e+01 -7.17658e-01 -2.66600e+00
6.83014e+01 -1.02015e+00 -2.63929e+00
6.83991e+01 -1.27014e+00 -2.44805e+00
6.84969e+01 -1.49390e+00 -2.10811e+00
6.85947e+01 -1.67913e+00 -1.67113e+00
6.86963e+01 -1.82452e+00 -1.19162e+00
6.87905e+01 -1.91709e+00 -7.83654e-01
6.88847e+01 -1.97419e+00 -4.41094e-01
6.89788e+01 -2.00243e+00 -1.70245e-01
6.90730e+01 -2.00828e+00 3.64185e-02
6.91672e+01 -1.99718e+00 1.91736e-01
6.92700e+01 -1.97065e+00 3.17958e-01
6.93832e+01 -1.92857e+00 4.20799e-01
6.95114e+01 -1.86873e+00 5.08518e-01
6.96561e+01 -1.78927e+00 5.86978e-01
6.98266e+01 -1.68227e+00 6.67543e-01
7.00324e+01 -1.53502e+00 7.64860e-01
7.02609e+01 -1.34637e+00 8.91122e-01
7.04893e+01 -1.12483e+00 1.05656e+00
7.06651e+01 -9.24824e-01 1.22644e+00
7.08491e+01 -6.78632e-01 1.46129e+00
7.09991e+01 -4.41673e-01 1.70726e+00
7.11309e+01 -2.00082e-01 1.96546e+00
7.12626e+01 7.74664e-02 2.24868e+00
7.13944e+01 3.91774e-01 2.51256e+00
7.15262e+01 7.35002e-01 2.66947e+00
7.16373e+01 1.03146e+00 2.63430e+00
7.17344e+01 1.27889e+00 2.43802e+00
7.18394e+01 1.51652e+00 2.06316e+00
7.19444e+01 1.70863e+00 1.58532e+00
7.20494e+01 1.84908e+00 1.09383e+00
7.21430e+01 1.93257e+00 7.01616e-01
7.22365e+01 1.98246e+00 3.77002e-01
7.23301e+01 2.00529e+00 1.22372e-01
7.24236e+01 2.00725e+00 -7.13565e-02
7.25208e+01 1.99263e+00 -2.22066e-01
7.26256e+01 1.96274e+00 -3.42366e-01
7.27416e+01 1.91701e+00 -4.41169e-01
7.28740e+01 1.85268e+00 -5.26686e-01
7.30239e+01 1.76777e+00 -6.04645e-01
7.32014e+01 1.65305e+00 -6.87431e-01
7.34169e+01 1.49383e+00 -7.91734e-01
7.36477e+01 1.29619e+00 -9.26660e-01
7.38488e+01 1.09509e+00 -1.08055e+00
7.40499e+01 8.58060e-01 -1.28750e+00
7.42178e+01 6.23403e-01 -1.51725e+00
7.43602e+01 3.90620e-01 -1.76172e+00
7.44897e+01 1.45782e-01 -2.02284e+00
7.46193e+01 -1.34413e-01 -2.30232e+00
7.47489e+01 -4.49550e-01 -2.55050e+00
7.48784e+01 -7.90117e-01 -2.67680e+00
7.49852e+01 -1.07417e+00 -2.61252e+00
7.50962e+01 -1.35121e+00 -2.34549e+00
7.51932e+01 -1.56130e+00 -1.96771e+00
7.52903e+01 -1.73065e+00 -1.51780e+00
7.53962e+01 -1.86510e+00 -1.02651e+00
7.55022e+01 -1.95046e+00 -5.98627e-01
7.55929e+01 -1.99087e+00 -3.03013e-01
7.56837e+01 -2.00742e+00 -7.17851e-02
7.57745e+01 -2.00556e+00 1.04816e-01
7.58730e+01 -1.98780e+00 2.48589e-01
7.59797e+01 -1.95481e+00 3.63858e-01
7.60985e+01 -1.90562e+00 4.59300e-01
7.62309e+01 -1.83921e+00 5.40842e-01
7.63852e+01 -1.74960e+00 6.18853e-01
7.65687e+01 -1.62822e+00 7.03980e-01
7.67879e+01 -1.46229e+00 8.12494e-01
7.70199e+01 -1.25808e+00 9.54366e-01
7.72130e+01 -1.05946e+00 1.10989e+00
7.74061e+01 -8.26079e-01 1.31748e+00
7.75720e+01 -5.88856e-01 1.55275e+00
7.77138e+01 -3.51443e-01 1.80365e+00
7.78418e+01 -1.04025e-01 2.06649e+00
7.79698e+01 1.78230e-01 2.34211e+00
7.80978e+01 4.93940e-01 2.57684e+00
7.82258e+01 8.32318e-01 2.67844e+00
7.83286e+01 1.10468e+00 2.59405e+00
7.84370e+01 1.37242e+00 2.31497e+00
7.85454e+01 1.60065e+00 1.87632e+00
7.86537e+01 1.77658e+00 1.36664e+00
7.87621e+01 1.89774e+00 8.79106e-01
7.88531e+01 1.96134e+00 5.30159e-01
7.89440e+01 1.99623e+00 2.48242e-01
7.90350e+01 2.00841e+00 2.93101e-02
7.91295e+01 2.00265e+00 -1.42973e-01
7.92297e+01 1.98118e+00 -2.78906e-01
7.93390e+01 1.94441e+00 -3.88598e-01
7.94615e+01 1.89089e+00 -4.80443e-01
7.95983e+01 1.81952e+00 -5.60066e-01
7.97590e+01 1.72311e+00 -6.38628e-01
7.99512e+01 1.59180e+00 -7.27904e-01
8.01748e+01 1.41656e+00 -8.43014e-01
8.04079e+01 1.20316e+00 -9.95457e-01
8.05918e+01 1.00605e+00 -1.15505e+00
8.07839e+01 7.63916e-01 -1.37704e+00
8.09417e+01 5.28556e-01 -1.61548e+00
8.10783e+01 2.91163e-01 -1.86825e+00
8.12214e+01 2.45125e-03 -2.17026e+00
8.13418e+01 -2.74306e-01 -2.42408e+00
8.14621e+01 -5.78840e-01 -2.61974e+00
8.15947e+01 -9.31858e-01 -2.66762e+00
8.16921e+01 -1.18630e+00 -2.53207e+00
8.17954e+01 -1.43308e+00 -2.21871e+00
8.18987e+01 -1.64025e+00 -1.77681e+00
8.20020e+01 -1.79861e+00 -1.28859e+00
8.20983e+01 -1.90166e+00 -8.60315e-01
8.21946e+01 -1.96639e+00 -4.96394e-01
8.22909e+01 -1.99969e+00 -2.07569e-01
8.23872e+01 -2.00858e+00 1.24098e-02
8.24835e+01 -1.99908e+00 1.76847e-01
8.25854e+01 -1.97415e+00 3.05971e-01
8.26973e+01 -1.93375e+00 4.10870e-01
8.28236e+01 -1.87596e+00 4.99784e-01
8.29649e+01 -1.79963e+00 5.78067e-01
8.31320e+01 -1.69626e+00 6.57813e-01
8.33332e+01 -1.55456e+00 7.52151e-01
8.35602e+01 -1.37038e+00 8.74468e-01
8.37873e+01 -1.15474e+00 1.03287e+00
8.39666e+01 -9.55248e-01 1.19932e+00
8.41533e+01 -7.10896e-01 1.42909e+00
8.43062e+01 -4.74498e-01 1.67243e+00
8.44397e+01 -2.34659e-01 1.92866e+00
8.45731e+01 4.15603e-02 2.21386e+00
8.47066e+01 3.55713e-01 2.48693e+00
8.48400e+01 7.00988e-01 2.66215e+00
8.49550e+01 1.00805e+00 2.64428e+00
8.50526e+01 1.25854e+00 2.46097e+00
8.51502e+01 1.48358e+00 2.12792e+00
8.52479e+01 1.67069e+00 1.69478e+00
8.53490e+01 1.81786e+00 1.21712e+00
8.54433e+01 1.91282e+00 8.05346e-01
8.55376e+01 1.97184e+00 4.58204e-01
8.56320e+01 2.00154e+00 1.83102e-01
8.57263e+01 2.00843e+00 -2.70036e-02
8.58206e+01 1.99808e+00 -1.84890e-01
8.59230e+01 1.97229e+00 -3.12454e-01
8.60356e+01 1.93099e+00 -4.16235e-01
8.61630e+01 1.87210e+00 -5.04494e-01
8.63054e+01 1.79450e+00 -5.82518e-01
8.64742e+01 1.68931e+00 -6.62665e-01
8.66777e+01 1.54487e+00 -7.58452e-01
8.69054e+01 1.35846e+00 -8.82712e-01
8.71332e+01 1.13987e+00 -1.04459e+00
8.73107e+01 9.40202e-01 -1.21267e+00
8.74961e+01 6.94998e-01 -1.44491e+00
8.76475e+01 4.58314e-01 -1.68958e+00
8.77801e+01 2.17637e-01 -1.94680e+00
8.79127e+01 -5.92119e-02 -2.23106e+00
8.80453e+01 -3.73415e-01 -2.49969e+00
8.81779e+01 -7.17658e-01 -2.66600e+00
8.82912e+01 -1.02015e+00 -2.63929e+00
8.83890e+01 -1.27014e+00 -2.44805e+00
8.84868e+01 -1.49390e+00 -2.10811e+00
8.85845e+01 -1.67913e+00 -1.67113e+00
8.86862e+01 -1.82452e+00 -1.19162e+00
8.87803e+01 -1.91709e+00 -7.83654e-01
8.88745e+01 -1.97419e+00 -4.41094e-01
8.89687e+01 -2.00243e+00 -1.70245e-01
8.90629e+01 -2.00828e+00 3.64185e-02
8.91570e+01 -1.99718e+00 1.91736e-01
8.92599e+01 -1.97065e+00 3.17958e-01
8.93730e+01 -1.92857e+00 4.20799e-01
8.95013e+01 -1.86873e+00 5.08518e-01
8.96460e+01 -1.78927e+00 5.86978e-01
8.98164e+01 -1.68227e+00 6.67543e-01
9.00222e+01 -1.53502e+00 7.64860e-01
9.02507e+01 -1.34637e+00 8.91122e-01
9.04792e+01 -1.12483e+00 1.05656e+00
9.06550e+01 -9.24824e-01 1.22644e+00
9.08390e+01 -6.78632e-01 1.46129e+00
9.09889e+01 -4.41673e-01 1.70726e+00
9.11207e+01 -2.00082e-01 1.96546e+00
9.12525e+01 7.74664e-02 2.24868e+00
9.13843e+01 3.91774e-01 2.51256e+00
9.15160e+01 7.35002e-01 2.66947e+00
9.16272e+01 1.03146e+00 2.63430e+00
9.17242e+01 1.27889e+00 2.43802e+00
9.18293e+01 1.51652e+00 2.06316e+00
9.19343e+01 1.70863e+00 1.58532e+00
9.20393e+01 1.84908e+00 1.09383e+00
9.21328e+01 1.93257e+00 7.01616e-01
9.22264e+01 1.98246e+00 3.77002e-01
9.23199e+01 2.00529e+00 1.22372e-01
9.24135e+01 2.00725e+00 -7.13565e-02
9.25107e+01 1.99263e+00 -2.22066e-01
9.26154e+01 1.96274e+00 -3.42366e-01
9.27315e+01 1.91701e+00 -4.41169e-01
9.28639e+01 1.85268e+00 -5.26686e-01
9.30137e+01 1.76777e+00 -6.04645e-01
9.31912e+01 1.65305e+00 -6.87431e-01
9.34068e+01 1.49383e+00 -7.91734e-01
9.36376e+01 1.29619e+00 -9.26660e-01
9.38387e+01 1.09509e+00 -1.08055e+00
9.40398e+01 8.58060e-01 -1.28750e+00
9.42077e+01 6.23403e-01 -1.51725e+00
9.43500e+01 3.90620e-01 -1.76172e+00
9.44796e+01 1.45782e-01 -2.02284e+00
9.46092e+01 -1.34413e-01 -2.30232e+00
9.47387e+01 -4.49550e-01 -2.55050e+00
9.48683e+01 -7.90117e-01 -2.67680e+00
9.49751e+01 -1.07417e+00 -2.61252e+00
9.50861e+01 -1.35121e+00 -2.34549e+00
9.51831e+01 -1.56130e+00 -1.96771e+00
9.52801e+01 -1.73065e+00 -1.51780e+00
9.53861e+01 -1.86510e+00 -1.02651e+00
9.54920e+01 -1.95046e+00 -5.98627e-01
9.55828e+01 -1.99087e+00 -3.03013e-01
9.56736e+01 -2.00742e+00 -7.17851e-02
9.57643e+01 -2.00556e+00 1.04816e-01
9.58628e+01 -1.98780e+00 2.48589e-01
9.59696e+01 -1.95481e+00 3.63858e-01
9.60884e+01 -1.90562e+00 4.59300e-01
9.62208e+01 -1.83921e+00 5.40842e-01
9.63751e+01 -1.74960e+00 6.18853e-01
9.65586e+01 -1.62822e+00 7.03980e-01
9.67778e+01 -1.46229e+00 8.12494e-01
9.70098e+01 -1.25808e+00 9.54366e-01
9.72029e+01 -1.05946e+00 1.10989e+00
9.73960e+01 -8.26079e-01 1.31748e+00
9.75618e+01 -5.88856e-01 1.55275e+00
9.77036e+01 -3.51443e-01 1.80365e+00
9.78317e+01 -1.04025e-01 2.06649e+00
9.79597e+01 1.78230e-01 2.34211e+00
9.80877e+01 4.93940e-01 2.57684e+00
9.82157e+01 8.32318e-01 2.67844e+00
9.83185e+01 1.10468e+00 2.59405e+00
9.84268e+01 1.37242e+00 2.31497e+00
9.85352e+01 1.60065e+00 1.87632e+00
9.86436e+01 1.77658e+00 1.36664e+00
9.87520e+01 1.89774e+00 8.79106e-01
9.88429e+01 1.96134e+00 5.30159e-01
9.89339e+01 1.99623e+00 2.48242e-01
9.90249e+01 2.00841e+00 2.93101e-02
9.91194e+01 2.00265e+00 -1.42973e-01
9.92196e+01 1.98118e+00 -2.78906e-01
9.93288e+01 1.94441e+00 -3.88598e-01
9.94514e+01 1.89089e+00 -4.80443e-01
9.95882e+01 1.81952e+00 -5.60066e-01
9.97488e+01 1.72311e+00 -6.38628e-01
9.99411e+01 1.59180e+00 -7.27904e-01
1.00000e+02 1.54807e+00 -7.56369e-01
