1.00000e-06 1.00000e+00 -1.00000e-06
6.00000e-06 1.00000e+00 -6.00000e-06
3.10000e-05 1.00000e+00 -3.10000e-05
1.56000e-04 1.00000e+00 -1.56000e-04
7.81000e-04 1.00000e+00 -7.81000e-04
3.90600e-03 9.99992e-01 -3.90599e-03
1.95310e-02 9.99809e-01 -1.95303e-02
9.76560e-02 9.95228e-01 -9.78645e-02
3.44157e-01 9.37292e-01 -3.98775e-01
4.55494e-01 8.79913e-01 -6.60101e-01
5.48115e-01 8.00652e-01 -1.11033e+00
6.17664e-01 7.00826e-01 -1.85853e+00
6.73379e-01 5.65050e-01 -3.19292e+00
7.21242e-01 3.58320e-01 -5.80636e+00
7.49159e-01 1.58179e-01 -8.79177e+00
7.73588e-01 -1.04125e-01 -1.29624e+01
7.98017e-01 -4.86871e-01 -1.84699e+01
8.15583e-01 -8.41746e-01 -2.15710e+01
8.33596e-01 -1.23271e+00 -2.09981e+01
8.47925e-01 -1.50851e+00 -1.70736e+01
8.62271e-01 -1.71548e+00 -1.17448e+01
8.76754e-01 -1.84983e+00 -7.03430e+00
8.91237e-01 -1.92678e+00 -3.84756e+00
9.08152e-01 -1.97230e+00 -1.77437e+00
9.25067e-01 -1.99282e+00 -7.78455e-01
9.42938e-01 -2.00194e+00 -3.06878e-01
9.62831e-01 -2.00557e+00 -9.18652e-02
9.85200e-01 -2.00646e+00 -3.70799e-03
1.01045e+00 -2.00607e+00 2.81465e-02
1.03916e+00 -2.00509e+00 3.81522e-02
1.07223e+00 -2.00377e+00 4.08370e-02
1.11096e+00 -2.00218e+00 4.14581e-02
1.15728e+00 -2.00025e+00 4.16168e-02
1.21422e+00 -1.99788e+00 4.17095e-02
1.28683e+00 -1.99485e+00 4.18158e-02
1.38563e+00 -1.99071e+00 4.19610e-02
1.50664e+00 -1.98562e+00 4.21408e-02
1.62867e+00 -1.98047e+00 4.23254e-02
1.72767e+00 -1.97627e+00 4.24762e-02
1.83029e+00 -1.97190e+00 4.26350e-02
1.94339e+00 -1.96707e+00 4.28120e-02
2.06199e+00 -1.96198e+00 4.30004e-02
2.17373e+00 -1.95716e+00 4.31802e-02
2.29101e+00 -1.95209e+00 4.33717e-02
2.40093e+00 -1.94731e+00 4.35536e-02
2.52169e+00 -1.94204e+00 4.37563e-02
2.65595e+00 -1.93615e+00 4.39852e-02
2.79021e+00 -1.93023e+00 4.42189e-02
2.89091e+00 -1.92577e+00 4.43957e-02
2.99712e+00 -1.92104e+00 4.45854e-02
3.13444e+00 -1.91490e+00 4.48339e-02
3.24202e+00 -1.91007e+00 4.50329e-02
3.35506e+00 -1.90497e+00 4.52442e-02
3.47318e+00 -1.89961e+00 4.54687e-02
3.61332e+00 -1.89322e+00 4.57392e-02
3.72738e+00 -1.88799e+00 4.59644e-02
3.84626e+00 -1.88251e+00 4.62019e-02
3.96600e+00 -1.87696e+00 4.64456e-02
4.09101e+00 -1.87114e+00 4.67043e-02
4.21902e+00 -1.86515e+00 4.69743e-02
4.36079e+00 -1.85846e+00 4.72789e-02
4.50256e+00 -1.85174e+00 4.75911e-02
4.61732e+00 -1.84626e+00 4.78476e-02
4.73604e+00 -1.84057e+00 4.81184e-02
4.87306e+00 -1.83395e+00 4.84368e-02
5.01009e+00 -1.82729e+00 4.87626e-02
5.13673e+00 -1.82110e+00 4.90698e-02
5.26900e+00 -1.81459e+00 4.93975e-02
5.40574e+00 -1.80781e+00 4.97439e-02
5.54337e+00 -1.80094e+00 5.01006e-02
5.68363e+00 -1.79388e+00 5.04728e-02
5.82389e+00 -1.78678e+00 5.08541e-02
5.96562e+00 -1.77954e+00 5.12489e-02
6.10736e+00 -1.77225e+00 5.16540e-02
6.24930e+00 -1.76489e+00 5.20701e-02
6.39125e+00 -1.75747e+00 5.24974e-02
6.53319e+00 -1.74998e+00 5.29362e-02
6.67514e+00 -1.74244e+00 5.33870e-02
6.81711e+00 -1.73483e+00 5.38507e-02
6.95937e+00 -1.72713e+00 5.43285e-02
7.10201e+00 -1.71935e+00 5.48217e-02
7.24512e+00 -1.71146e+00 5.53313e-02
7.38875e+00 -1.70348e+00 5.58586e-02
7.53296e+00 -1.69538e+00 5.64046e-02
7.67780e+00 -1.68717e+00 5.69708e-02
7.82330e+00 -1.67884e+00 5.75584e-02
7.96950e+00 -1.67038e+00 5.81691e-02
8.11647e+00 -1.66179e+00 5.88045e-02
8.26422e+00 -1.65305e+00 5.94665e-02
8.41281e+00 -1.64416e+00 6.01571e-02
8.56229e+00 -1.63512e+00 6.08786e-02
8.71269e+00 -1.62591e+00 6.16335e-02
8.86406e+00 -1.61652e+00 6.24246e-02
9.01647e+00 -1.60694e+00 6.32551e-02
9.16994e+00 -1.59716e+00 6.41284e-02
9.32455e+00 -1.58718e+00 6.50486e-02
9.48034e+00 -1.57697e+00 6.60202e-02
9.63738e+00 -1.56652e+00 6.70484e-02
9.79573e+00 -1.55582e+00 6.81391e-02
9.95545e+00 -1.54484e+00 6.92991e-02
1.01166e+01 -1.53358e+00 7.05363e-02
1.02794e+01 -1.52199e+00 7.18599e-02
1.04437e+01 -1.51007e+00 7.32808e-02
1.06098e+01 -1.49777e+00 7.48118e-02
1.07777e+01 -1.48507e+00 7.64684e-02
1.09475e+01 -1.47194e+00 7.82690e-02
1.11194e+01 -1.45831e+00 8.02362e-02
1.12935e+01 -1.44416e+00 8.23981e-02
1.14701e+01 -1.42940e+00 8.47896e-02
1.16492e+01 -1.41398e+00 8.74551e-02
1.18312e+01 -1.39780e+00 9.04521e-02
1.20162e+01 -1.38075e+00 9.38564e-02
1.22046e+01 -1.36270e+00 9.77704e-02
1.23969e+01 -1.34348e+00 1.02337e-01
1.25934e+01 -1.32285e+00 1.07759e-01
1.27949e+01 -1.30049e+00 1.14344e-01
1.30021e+01 -1.27598e+00 1.22573e-01
1.32161e+01 -1.24865e+00 1.33256e-01
1.34386e+01 -1.21746e+00 1.47882e-01
1.36721e+01 -1.18056e+00 1.69536e-01
1.39210e+01 -1.13424e+00 2.05933e-01
1.41938e+01 -1.06888e+00 2.83404e-01
1.44372e+01 -9.82093e-01 4.61345e-01
1.45590e+01 -9.13981e-01 6.86930e-01
1.46542e+01 -8.32344e-01 1.08001e+00
1.47269e+01 -7.32587e-01 1.75474e+00
1.47842e+01 -6.02435e-01 2.94495e+00
1.48435e+01 -3.51109e-01 6.06009e+00
1.48700e+01 -1.55259e-01 8.98968e+00
1.48942e+01 1.10637e-01 1.32176e+01
1.49185e+01 4.97248e-01 1.87478e+01
1.49358e+01 8.50601e-01 2.17633e+01
1.49536e+01 1.23970e+00 2.10912e+01
1.49679e+01 1.51488e+00 1.70947e+01
1.49821e+01 1.72062e+00 1.17366e+01
1.49965e+01 1.85423e+00 7.01546e+00
1.50110e+01 1.93063e+00 3.83220e+00
1.50278e+01 1.97573e+00 1.76770e+00
1.50446e+01 1.99608e+00 7.76047e-01
1.50624e+01 2.00512e+00 3.05759e-01
1.50822e+01 2.00873e+00 9.14232e-02
1.51045e+01 2.00961e+00 3.60156e-03
1.51297e+01 2.00923e+00 -2.81106e-02
1.51583e+01 2.00825e+00 -3.80647e-02
1.51912e+01 2.00694e+00 -4.07334e-02
1.52298e+01 2.00535e+00 -4.13499e-02
1.52760e+01 2.00344e+00 -4.15071e-02
1.53328e+01 2.00108e+00 -4.15987e-02
1.54051e+01 1.99806e+00 -4.17037e-02
1.55036e+01 1.99395e+00 -4.18472e-02
1.56244e+01 1.98888e+00 -4.20251e-02
1.57463e+01 1.98375e+00 -4.22078e-02
1.58443e+01 1.97961e+00 -4.23558e-02
1.59462e+01 1.97528e+00 -4.25120e-02
1.60590e+01 1.97048e+00 -4.26869e-02
1.61774e+01 1.96541e+00 -4.28732e-02
1.62888e+01 1.96063e+00 -4.30507e-02
1.64053e+01 1.95560e+00 -4.32391e-02
1.65176e+01 1.95074e+00 -4.34230e-02
1.66369e+01 1.94554e+00 -4.36214e-02
1.67554e+01 1.94036e+00 -4.38213e-02
1.68789e+01 1.93494e+00 -4.40330e-02
1.69876e+01 1.93014e+00 -4.42218e-02
1.71101e+01 1.92471e+00 -4.44379e-02
1.72394e+01 1.91895e+00 -4.46699e-02
1.73676e+01 1.91321e+00 -4.49037e-02
1.74976e+01 1.90735e+00 -4.51451e-02
1.76129e+01 1.90214e+00 -4.53625e-02
1.77352e+01 1.89658e+00 -4.55969e-02
1.78720e+01 1.89032e+00 -4.58636e-02
1.80088e+01 1.88402e+00 -4.61364e-02
1.81194e+01 1.87891e+00 -4.63596e-02
1.82339e+01 1.87359e+00 -4.65952e-02
1.83717e+01 1.86715e+00 -4.68834e-02
1.85095e+01 1.86067e+00 -4.71786e-02
1.86244e+01 1.85523e+00 -4.74283e-02
1.87425e+01 1.84962e+00 -4.76900e-02
1.88805e+01 1.84301e+00 -4.80014e-02
1.90185e+01 1.83637e+00 -4.83201e-02
1.91412e+01 1.83042e+00 -4.86089e-02
1.92694e+01 1.82417e+00 -4.89169e-02
1.94059e+01 1.81747e+00 -4.92518e-02
1.95425e+01 1.81072e+00 -4.95944e-02
1.96854e+01 1.80360e+00 -4.99613e-02
1.98284e+01 1.79643e+00 -5.03375e-02
1.99784e+01 1.78885e+00 -5.07417e-02
2.01283e+01 1.78121e+00 -5.11572e-02
2.02568e+01 1.77462e+00 -5.15218e-02
2.03931e+01 1.76757e+00 -5.19176e-02
2.05312e+01 1.76037e+00 -5.23293e-02
2.06716e+01 1.75300e+00 -5.27585e-02
2.08121e+01 1.74555e+00 -5.32001e-02
2.09538e+01 1.73798e+00 -5.36574e-02
2.10955e+01 1.73034e+00 -5.41280e-02
2.12381e+01 1.72259e+00 -5.46148e-02
2.13809e+01 1.71476e+00 -5.51171e-02
2.15243e+01 1.70681e+00 -5.56370e-02
2.16682e+01 1.69877e+00 -5.61750e-02
2.18128e+01 1.69061e+00 -5.67326e-02
2.19580e+01 1.68233e+00 -5.73111e-02
2.21039e+01 1.67392e+00 -5.79120e-02
2.22506e+01 1.66538e+00 -5.85369e-02
2.23980e+01 1.65670e+00 -5.91876e-02
2.25462e+01 1.64788e+00 -5.98661e-02
2.26953e+01 1.63890e+00 -6.05744e-02
2.28453e+01 1.62976e+00 -6.13151e-02
2.29963e+01 1.62045e+00 -6.20908e-02
2.31483e+01 1.61095e+00 -6.29044e-02
2.33013e+01 1.60126e+00 -6.37595e-02
2.34554e+01 1.59136e+00 -6.46597e-02
2.36107e+01 1.58125e+00 -6.56093e-02
2.37672e+01 1.57090e+00 -6.66133e-02
2.39250e+01 1.56031e+00 -6.76772e-02
2.40842e+01 1.54945e+00 -6.88074e-02
2.42447e+01 1.53830e+00 -7.00114e-02
2.44068e+01 1.52685e+00 -7.12979e-02
2.45705e+01 1.51507e+00 -7.26769e-02
2.47358e+01 1.50294e+00 -7.41603e-02
2.49029e+01 1.49041e+00 -7.57626e-02
2.50719e+01 1.47746e+00 -7.75008e-02
2.52430e+01 1.46404e+00 -7.93956e-02
2.54161e+01 1.45012e+00 -8.14727e-02
2.55917e+01 1.43562e+00 -8.37638e-02
2.57697e+01 1.42048e+00 -8.63092e-02
2.59504e+01 1.40463e+00 -8.91602e-02
2.61342e+01 1.38796e+00 -9.23843e-02
2.63211e+01 1.37035e+00 -9.60716e-02
2.65118e+01 1.35164e+00 -1.00346e-01
2.67065e+01 1.33162e+00 -1.05382e-01
2.69058e+01 1.31003e+00 -1.11437e-01
2.71105e+01 1.28648e+00 -1.18907e-01
2.73215e+01 1.26042e+00 -1.28439e-01
2.75402e+01 1.23100e+00 -1.41173e-01
2.77687e+01 1.19678e+00 -1.59347e-01
2.80105e+01 1.15505e+00 -1.88082e-01
2.82719e+01 1.09957e+00 -2.42398e-01
2.85641e+01 1.01111e+00 -3.89913e-01
2.87058e+01 9.44469e-01 -5.75222e-01
2.88129e+01 8.68339e-01 -8.89311e-01
2.88942e+01 7.77024e-01 -1.42772e+00
2.89570e+01 6.62066e-01 -2.35819e+00
2.90101e+01 4.95698e-01 -4.15311e+00
2.90461e+01 3.05418e-01 -6.71459e+00
2.90730e+01 8.27857e-02 -1.01332e+01
2.90966e+01 -2.08257e-01 -1.47374e+01
2.91203e+01 -6.21444e-01 -2.01071e+01
2.91368e+01 -9.74457e-01 -2.20871e+01
2.91536e+01 -1.33626e+00 -2.00660e+01
2.91684e+01 -1.59841e+00 -1.51837e+01
2.91831e+01 -1.78126e+00 -9.72194e+00
2.91979e+01 -1.89151e+00 -5.50841e+00
2.92129e+01 -1.95247e+00 -2.85152e+00
2.92301e+01 -1.98611e+00 -1.26855e+00
2.92472e+01 -2.00076e+00 -5.37213e-01
2.92658e+01 -2.00709e+00 -1.94539e-01
2.92866e+01 -2.00932e+00 -4.45621e-02
2.93100e+01 -2.00955e+00 1.38328e-02
2.93365e+01 -2.00887e+00 3.37620e-02
2.93668e+01 -2.00774e+00 3.96323e-02
2.94019e+01 -2.00631e+00 4.11027e-02
2.94434e+01 -2.00460e+00 4.14356e-02
2.94935e+01 -2.00252e+00 4.15459e-02
2.95560e+01 -1.99992e+00 4.16392e-02
2.96373e+01 -1.99653e+00 4.17571e-02
2.97592e+01 -1.99143e+00 4.19353e-02
2.98637e+01 -1.98704e+00 4.20908e-02
2.99711e+01 -1.98251e+00 4.22517e-02
3.00785e+01 -1.97796e+00 4.24153e-02
3.01990e+01 -1.97284e+00 4.26004e-02
3.03038e+01 -1.96837e+00 4.27645e-02
3.04110e+01 -1.96377e+00 4.29337e-02
3.05206e+01 -1.95906e+00 4.31094e-02
3.06351e+01 -1.95411e+00 4.32952e-02
3.07529e+01 -1.94900e+00 4.34892e-02
3.08664e+01 -1.94405e+00 4.36787e-02
3.09841e+01 -1.93890e+00 4.38782e-02
3.10955e+01 -1.93400e+00 4.40697e-02
3.12172e+01 -1.92862e+00 4.42820e-02
3.13513e+01 -1.92267e+00 4.45197e-02
3.14854e+01 -1.91668e+00 4.47622e-02
3.15933e+01 -1.91185e+00 4.49596e-02
3.17052e+01 -1.90680e+00 4.51679e-02
3.18286e+01 -1.90121e+00 4.54012e-02
3.19542e+01 -1.89550e+00 4.56427e-02
3.20749e+01 -1.88997e+00 4.58786e-02
3.22015e+01 -1.88415e+00 4.61306e-02
3.23398e+01 -1.87775e+00 4.64106e-02
3.24781e+01 -1.87131e+00 4.66970e-02
3.25942e+01 -1.86587e+00 4.69413e-02
3.27134e+01 -1.86026e+00 4.71967e-02
3.28526e+01 -1.85367e+00 4.75002e-02
3.29917e+01 -1.84704e+00 4.78111e-02
3.31116e+01 -1.84130e+00 4.80834e-02
3.32339e+01 -1.83540e+00 4.83668e-02
3.33727e+01 -1.82866e+00 4.86949e-02
3.35115e+01 -1.82188e+00 4.90309e-02
3.36372e+01 -1.81570e+00 4.93412e-02
3.37697e+01 -1.80914e+00 4.96754e-02
3.39059e+01 -1.80235e+00 5.00269e-02
3.40441e+01 -1.79541e+00 5.03917e-02
3.41835e+01 -1.78836e+00 5.07687e-02
3.43234e+01 -1.78123e+00 5.11564e-02
3.44639e+01 -1.77401e+00 5.15554e-02
3.46045e+01 -1.76674e+00 5.19648e-02
3.47454e+01 -1.75938e+00 5.23863e-02
3.48864e+01 -1.75197e+00 5.28190e-02
3.50279e+01 -1.74446e+00 5.32651e-02
3.51695e+01 -1.73689e+00 5.37241e-02
3.53116e+01 -1.72922e+00 5.41978e-02
3.54540e+01 -1.72147e+00 5.46864e-02
3.55970e+01 -1.71361e+00 5.51915e-02
3.57405e+01 -1.70566e+00 5.57138e-02
3.58845e+01 -1.69759e+00 5.62546e-02
3.60292e+01 -1.68941e+00 5.68152e-02
3.61745e+01 -1.68111e+00 5.73968e-02
3.63205e+01 -1.67269e+00 5.80011e-02
3.64673e+01 -1.66413e+00 5.86297e-02
3.66148e+01 -1.65543e+00 5.92842e-02
3.67632e+01 -1.64659e+00 5.99669e-02
3.69124e+01 -1.63759e+00 6.06798e-02
3.70625e+01 -1.62842e+00 6.14253e-02
3.72137e+01 -1.61908e+00 6.22063e-02
3.73658e+01 -1.60956e+00 6.30258e-02
3.75190e+01 -1.59984e+00 6.38871e-02
3.76732e+01 -1.58991e+00 6.47942e-02
3.78287e+01 -1.57976e+00 6.57514e-02
3.79854e+01 -1.56938e+00 6.67637e-02
3.81434e+01 -1.55875e+00 6.78368e-02
3.83027e+01 -1.54785e+00 6.89773e-02
3.84635e+01 -1.53666e+00 7.01926e-02
3.86258e+01 -1.52517e+00 7.14918e-02
3.87897e+01 -1.51334e+00 7.28852e-02
3.89553e+01 -1.50114e+00 7.43849e-02
3.91227e+01 -1.48856e+00 7.60058e-02
3.92920e+01 -1.47554e+00 7.77652e-02
3.94633e+01 -1.46206e+00 7.96848e-02
3.96368e+01 -1.44805e+00 8.17908e-02
3.98127e+01 -1.43347e+00 8.41161e-02
3.99911e+01 -1.41823e+00 8.67022e-02
4.01723e+01 -1.40227e+00 8.96027e-02
4.03564e+01 -1.38547e+00 9.28877e-02
4.05439e+01 -1.36771e+00 9.66514e-02
4.07351e+01 -1.34882e+00 1.01024e-01
4.09304e+01 -1.32860e+00 1.06189e-01
4.11305e+01 -1.30675e+00 1.12420e-01
4.13360e+01 -1.28287e+00 1.20141e-01
4.15480e+01 -1.25639e+00 1.30050e-01
4.17680e+01 -1.22638e+00 1.43395e-01
4.19982e+01 -1.19129e+00 1.62672e-01
4.22423e+01 -1.14809e+00 1.93756e-01
4.25074e+01 -1.08958e+00 2.54741e-01
4.28039e+01 -9.92877e-01 4.33228e-01
4.29242e+01 -9.30655e-01 6.23588e-01
4.30259e+01 -8.51916e-01 9.72860e-01
4.31030e+01 -7.56884e-01 1.57072e+00
4.31631e+01 -6.35452e-01 2.61173e+00
4.32172e+01 -4.43230e-01 4.81289e+00
4.32488e+01 -2.53424e-01 7.48341e+00
4.32745e+01 -1.64390e-02 1.11921e+01
4.33007e+01 3.45236e-01 1.67554e+01
4.33202e+01 7.16405e-01 2.09423e+01
4.33367e+01 1.07489e+00 2.20008e+01
4.33532e+01 1.41733e+00 1.88979e+01
4.33696e+01 1.68107e+00 1.29400e+01
4.33838e+01 1.82851e+00 8.00538e+00
4.33981e+01 1.91547e+00 4.49370e+00
4.34147e+01 1.96828e+00 2.11960e+00
4.34314e+01 1.99268e+00 9.45784e-01
4.34488e+01 2.00363e+00 3.86552e-01
4.34681e+01 2.00820e+00 1.26705e-01
4.34898e+01 2.00956e+00 1.72755e-02
4.35142e+01 2.00939e+00 -2.34738e-02
4.35420e+01 2.00851e+00 -3.67112e-02
4.35738e+01 2.00727e+00 -4.03988e-02
4.36109e+01 2.00575e+00 -4.12753e-02
4.36551e+01 2.00392e+00 -4.14822e-02
4.37090e+01 2.00168e+00 -4.15772e-02
4.37771e+01 1.99885e+00 -4.16766e-02
4.38678e+01 1.99506e+00 -4.18083e-02
4.39962e+01 1.98968e+00 -4.19967e-02
4.40922e+01 1.98564e+00 -4.21403e-02
4.41942e+01 1.98134e+00 -4.22938e-02
4.43049e+01 1.97664e+00 -4.24627e-02
4.44215e+01 1.97168e+00 -4.26428e-02
4.45424e+01 1.96652e+00 -4.28325e-02
4.46514e+01 1.96184e+00 -4.30055e-02
4.47639e+01 1.95699e+00 -4.31868e-02
4.48777e+01 1.95207e+00 -4.33725e-02
4.49960e+01 1.94692e+00 -4.35686e-02
4.51089e+01 1.94199e+00 -4.37582e-02
4.52288e+01 1.93673e+00 -4.39626e-02
4.53506e+01 1.93137e+00 -4.41734e-02
4.54757e+01 1.92583e+00 -4.43934e-02
4.55898e+01 1.92075e+00 -4.45971e-02
4.57108e+01 1.91534e+00 -4.48166e-02
4.58504e+01 1.90906e+00 -4.50738e-02
4.59620e+01 1.90402e+00 -4.52837e-02
4.60788e+01 1.89872e+00 -4.55061e-02
4.61970e+01 1.89333e+00 -4.57349e-02
4.63184e+01 1.88776e+00 -4.59738e-02
4.64447e+01 1.88194e+00 -4.62269e-02
4.65847e+01 1.87545e+00 -4.65123e-02
4.67247e+01 1.86892e+00 -4.68047e-02
4.68355e+01 1.86372e+00 -4.70390e-02
4.69507e+01 1.85828e+00 -4.72875e-02
4.70871e+01 1.85181e+00 -4.75870e-02
4.72236e+01 1.84530e+00 -4.78933e-02
4.73456e+01 1.83944e+00 -4.81724e-02
4.74725e+01 1.83331e+00 -4.84683e-02
4.76094e+01 1.82665e+00 -4.87942e-02
4.77464e+01 1.81994e+00 -4.91277e-02
4.78936e+01 1.81268e+00 -4.94939e-02
4.80408e+01 1.80537e+00 -4.98700e-02
4.81661e+01 1.79910e+00 -5.01970e-02
4.82961e+01 1.79255e+00 -5.05438e-02
4.84339e+01 1.78556e+00 -5.09201e-02
4.85718e+01 1.77851e+00 -5.13058e-02
4.87132e+01 1.77123e+00 -5.17111e-02
4.88545e+01 1.76389e+00 -5.21271e-02
4.89967e+01 1.75645e+00 -5.25565e-02
4.91389e+01 1.74895e+00 -5.29976e-02
4.92810e+01 1.74138e+00 -5.34508e-02
4.94232e+01 1.73375e+00 -5.39169e-02
4.95656e+01 1.72604e+00 -5.43971e-02
4.97083e+01 1.71824e+00 -5.48926e-02
4.98515e+01 1.71034e+00 -5.54047e-02
4.99952e+01 1.70234e+00 -5.59346e-02
5.01395e+01 1.69423e+00 -5.64834e-02
5.02844e+01 1.68600e+00 -5.70525e-02
5.04300e+01 1.67766e+00 -5.76433e-02
5.05763e+01 1.66918e+00 -5.82574e-02
5.07234e+01 1.66056e+00 -5.88964e-02
5.08713e+01 1.65180e+00 -5.95623e-02
5.10200e+01 1.64290e+00 -6.02571e-02
5.11696e+01 1.63383e+00 -6.09832e-02
5.13201e+01 1.62459e+00 -6.17430e-02
5.14716e+01 1.61517e+00 -6.25395e-02
5.16242e+01 1.60557e+00 -6.33758e-02
5.17778e+01 1.59577e+00 -6.42555e-02
5.19326e+01 1.58575e+00 -6.51827e-02
5.20886e+01 1.57551e+00 -6.61620e-02
5.22458e+01 1.56503e+00 -6.71986e-02
5.24043e+01 1.55429e+00 -6.82987e-02
5.25642e+01 1.54327e+00 -6.94690e-02
5.27256e+01 1.53196e+00 -7.07178e-02
5.28886e+01 1.52033e+00 -7.20545e-02
5.30532e+01 1.50835e+00 -7.34901e-02
5.32195e+01 1.49600e+00 -7.50379e-02
5.33876e+01 1.48324e+00 -7.67136e-02
5.35578e+01 1.47004e+00 -7.85363e-02
5.37300e+01 1.45635e+00 -8.05292e-02
5.39044e+01 1.44211e+00 -8.27212e-02
5.40813e+01 1.42726e+00 -8.51485e-02
5.42608e+01 1.41174e+00 -8.78570e-02
5.44432e+01 1.39544e+00 -9.09064e-02
5.46287e+01 1.37827e+00 -9.43758e-02
5.48177e+01 1.36006e+00 -9.83722e-02
5.50105e+01 1.34065e+00 -1.03045e-01
5.52077e+01 1.31980e+00 -1.08610e-01
5.54099e+01 1.29717e+00 -1.15393e-01
5.56180e+01 1.27231e+00 -1.23909e-01
5.58331e+01 1.24451e+00 -1.35037e-01
5.60570e+01 1.21265e+00 -1.50410e-01
5.62923e+01 1.17471e+00 -1.73498e-01
5.65439e+01 1.12652e+00 -2.13266e-01
5.68212e+01 1.05680e+00 -3.02225e-01
5.70462e+01 9.71219e-01 -4.91674e-01
5.71622e+01 9.01811e-01 -7.36678e-01
5.72536e+01 8.17449e-01 -1.16711e+00
5.73232e+01 7.13937e-01 -1.90442e+00
5.73789e+01 5.76195e-01 -3.22398e+00
5.74276e+01 3.63204e-01 -5.89053e+00
5.74553e+01 1.62542e-01 -8.87596e+00
5.74796e+01 -1.00864e-01 -1.30630e+01
5.75039e+01 -4.84723e-01 -1.85960e+01
5.75214e+01 -8.40719e-01 -2.17186e+01
5.75394e+01 -1.23277e+00 -2.11502e+01
5.75536e+01 -1.50932e+00 -1.72096e+01
5.75679e+01 -1.71707e+00 -1.18483e+01
5.75823e+01 -1.85196e+00 -7.10454e+00
5.75967e+01 -1.92931e+00 -3.89048e+00
5.76136e+01 -1.97514e+00 -1.79597e+00
5.76304e+01 -1.99582e+00 -7.88837e-01
5.76482e+01 -2.00501e+00 -3.11802e-01
5.76679e+01 -2.00869e+00 -9.40299e-02
5.76902e+01 -2.00961e+00 -4.59746e-03
5.77153e+01 -2.00924e+00 2.77783e-02
5.77438e+01 -2.00827e+00 3.79695e-02
5.77767e+01 -2.00697e+00 4.07103e-02
5.78151e+01 -2.00538e+00 4.13447e-02
5.78611e+01 -2.00348e+00 4.15052e-02
5.79177e+01 -2.00113e+00 4.15969e-02
5.79897e+01 -1.99813e+00 4.17015e-02
5.80875e+01 -1.99405e+00 4.18438e-02
5.82086e+01 -1.98897e+00 4.20222e-02
5.83299e+01 -1.98386e+00 4.22040e-02
5.84273e+01 -1.97974e+00 4.23510e-02
5.85285e+01 -1.97545e+00 4.25061e-02
5.86411e+01 -1.97065e+00 4.26805e-02
5.87596e+01 -1.96558e+00 4.28670e-02
5.88709e+01 -1.96080e+00 4.30442e-02
5.89880e+01 -1.95575e+00 4.32334e-02
5.90987e+01 -1.95095e+00 4.34147e-02
5.92188e+01 -1.94573e+00 4.36143e-02
5.93574e+01 -1.93966e+00 4.38480e-02
5.94622e+01 -1.93506e+00 4.40282e-02
5.95733e+01 -1.93016e+00 4.42211e-02
5.96890e+01 -1.92503e+00 4.44252e-02
5.98085e+01 -1.91971e+00 4.46391e-02
5.99326e+01 -1.91415e+00 4.48651e-02
6.00545e+01 -1.90867e+00 4.50903e-02
6.01806e+01 -1.90297e+00 4.53276e-02
6.03056e+01 -1.89729e+00 4.55664e-02
6.04335e+01 -1.89145e+00 4.58155e-02
6.05586e+01 -1.88570e+00 4.60631e-02
6.06870e+01 -1.87977e+00 4.63221e-02
6.08314e+01 -1.87306e+00 4.66184e-02
6.09497e+01 -1.86753e+00 4.68668e-02
6.10729e+01 -1.86174e+00 4.71292e-02
6.11961e+01 -1.85591e+00 4.73968e-02
6.13229e+01 -1.84989e+00 4.76772e-02
6.14527e+01 -1.84368e+00 4.79699e-02
6.15922e+01 -1.83697e+00 4.82910e-02
6.17317e+01 -1.83020e+00 4.86196e-02
6.18577e+01 -1.82406e+00 4.89223e-02
6.19899e+01 -1.81757e+00 4.92465e-02
6.21262e+01 -1.81084e+00 4.95884e-02
6.22640e+01 -1.80398e+00 4.99419e-02
6.24039e+01 -1.79697e+00 5.03092e-02
6.25438e+01 -1.78991e+00 5.06854e-02
6.26850e+01 -1.78272e+00 5.10747e-02
6.28263e+01 -1.77548e+00 5.14739e-02
6.29679e+01 -1.76816e+00 5.18844e-02
6.31095e+01 -1.76078e+00 5.23058e-02
6.32512e+01 -1.75334e+00 5.27384e-02
6.33928e+01 -1.74584e+00 5.31828e-02
6.35346e+01 -1.73826e+00 5.36401e-02
6.36766e+01 -1.73061e+00 5.41111e-02
6.38191e+01 -1.72287e+00 5.45972e-02
6.39619e+01 -1.71503e+00 5.50992e-02
6.41053e+01 -1.70710e+00 5.56184e-02
6.42493e+01 -1.69905e+00 5.61558e-02
6.43938e+01 -1.69089e+00 5.67127e-02
6.45390e+01 -1.68262e+00 5.72904e-02
6.46849e+01 -1.67422e+00 5.78905e-02
6.48315e+01 -1.66568e+00 5.85145e-02
6.49789e+01 -1.65701e+00 5.91643e-02
6.51271e+01 -1.64819e+00 5.98417e-02
6.52762e+01 -1.63922e+00 6.05490e-02
6.54262e+01 -1.63008e+00 6.12885e-02
6.55771e+01 -1.62078e+00 6.20629e-02
6.57290e+01 -1.61129e+00 6.28751e-02
6.58820e+01 -1.60160e+00 6.37287e-02
6.60361e+01 -1.59171e+00 6.46272e-02
6.61913e+01 -1.58161e+00 6.55750e-02
6.63478e+01 -1.57127e+00 6.65770e-02
6.65056e+01 -1.56068e+00 6.76387e-02
6.66647e+01 -1.54983e+00 6.87665e-02
6.68252e+01 -1.53870e+00 6.99678e-02
6.69872e+01 -1.52726e+00 7.12511e-02
6.71508e+01 -1.51549e+00 7.26267e-02
6.73161e+01 -1.50337e+00 7.41062e-02
6.74831e+01 -1.49086e+00 7.57041e-02
6.76521e+01 -1.47792e+00 7.74371e-02
6.78230e+01 -1.46453e+00 7.93260e-02
6.79961e+01 -1.45062e+00 8.13962e-02
6.81716e+01 -1.43614e+00 8.36792e-02
6.83495e+01 -1.42103e+00 8.62148e-02
6.85301e+01 -1.40520e+00 8.90541e-02
6.87137e+01 -1.38856e+00 9.22637e-02
6.89006e+01 -1.37098e+00 9.59328e-02
6.90911e+01 -1.35231e+00 1.00184e-01
6.92856e+01 -1.33235e+00 1.05189e-01
6.94848e+01 -1.31082e+00 1.11203e-01
6.96893e+01 -1.28735e+00 1.18614e-01
6.99000e+01 -1.26139e+00 1.28058e-01
7.01185e+01 -1.23211e+00 1.40651e-01
7.03466e+01 -1.19809e+00 1.58573e-01
7.05878e+01 -1.15670e+00 1.86782e-01
7.08483e+01 -1.10189e+00 2.39652e-01
7.11394e+01 -1.01527e+00 3.80751e-01
7.12868e+01 -9.47388e-01 5.65466e-01
7.13950e+01 -8.71847e-01 8.72206e-01
7.14773e+01 -7.81300e-01 1.39848e+00
7.15407e+01 -6.67643e-01 2.30681e+00
7.15939e+01 -5.05223e-01 4.03771e+00
7.16308e+01 -3.14491e-01 6.58295e+00
7.16579e+01 -9.44218e-02 9.94840e+00
7.16816e+01 1.92163e-01 1.44905e+01
7.17053e+01 6.00565e-01 1.98984e+01
7.17219e+01 9.52950e-01 2.20635e+01
7.17389e+01 1.31923e+00 2.02750e+01
7.17535e+01 1.58291e+00 1.55648e+01
7.17681e+01 1.76964e+00 1.01245e+01
7.17827e+01 1.88449e+00 5.79883e+00
7.17975e+01 1.94812e+00 3.04947e+00
7.18150e+01 1.98463e+00 1.34020e+00
7.18325e+01 2.00033e+00 5.59521e-01
7.18510e+01 2.00692e+00 2.04763e-01
7.18717e+01 2.00928e+00 4.87702e-02
7.18950e+01 2.00957e+00 -1.23080e-02
7.19214e+01 2.00891e+00 -3.32823e-02
7.19515e+01 2.00779e+00 -3.95037e-02
7.19863e+01 2.00638e+00 -4.10732e-02
7.20275e+01 2.00468e+00 -4.14284e-02
7.20771e+01 2.00262e+00 -4.15419e-02
7.21389e+01 2.00005e+00 -4.16347e-02
7.22192e+01 1.99670e+00 -4.17510e-02
7.23371e+01 1.99177e+00 -4.19233e-02
7.24550e+01 1.98682e+00 -4.20987e-02
7.25539e+01 1.98265e+00 -4.22468e-02
7.26557e+01 1.97834e+00 -4.24016e-02
7.27698e+01 1.97349e+00 -4.25769e-02
7.28870e+01 1.96849e+00 -4.27599e-02
7.29970e+01 1.96378e+00 -4.29334e-02
7.31096e+01 1.95894e+00 -4.31140e-02
7.32233e+01 1.95402e+00 -4.32986e-02
7.33403e+01 1.94894e+00 -4.34913e-02
7.34540e+01 1.94399e+00 -4.36812e-02
7.35720e+01 1.93882e+00 -4.38813e-02
7.36832e+01 1.93393e+00 -4.40724e-02
7.38050e+01 1.92855e+00 -4.42849e-02
7.39386e+01 1.92262e+00 -4.45217e-02
7.40725e+01 1.91664e+00 -4.47638e-02
7.41828e+01 1.91169e+00 -4.49658e-02
7.42968e+01 1.90656e+00 -4.51782e-02
7.44198e+01 1.90098e+00 -4.54108e-02
7.45455e+01 1.89526e+00 -4.56527e-02
7.46682e+01 1.88964e+00 -4.58928e-02
7.47954e+01 1.88379e+00 -4.61462e-02
7.49371e+01 1.87723e+00 -4.64334e-02
7.50610e+01 1.87146e+00 -4.66903e-02
7.51880e+01 1.86551e+00 -4.69575e-02
7.53151e+01 1.85953e+00 -4.72305e-02
7.54375e+01 1.85373e+00 -4.74979e-02
7.55633e+01 1.84774e+00 -4.77780e-02
7.57021e+01 1.84109e+00 -4.80932e-02
7.58409e+01 1.83439e+00 -4.84158e-02
7.59587e+01 1.82867e+00 -4.86948e-02
7.60893e+01 1.82229e+00 -4.90103e-02
7.62226e+01 1.81573e+00 -4.93395e-02
7.63614e+01 1.80886e+00 -4.96897e-02
7.65002e+01 1.80194e+00 -5.00481e-02
7.66430e+01 1.79477e+00 -5.04258e-02
7.67858e+01 1.78753e+00 -5.08131e-02
7.69313e+01 1.78012e+00 -5.12173e-02
7.70767e+01 1.77264e+00 -5.16322e-02
7.72225e+01 1.76508e+00 -5.20594e-02
7.73684e+01 1.75745e+00 -5.24983e-02
7.75143e+01 1.74976e+00 -5.29493e-02
7.76601e+01 1.74200e+00 -5.34132e-02
7.78060e+01 1.73418e+00 -5.38905e-02
7.79518e+01 1.72628e+00 -5.43818e-02
7.80977e+01 1.71831e+00 -5.48879e-02
7.82436e+01 1.71027e+00 -5.54095e-02
7.83894e+01 1.70215e+00 -5.59476e-02
7.85353e+01 1.69395e+00 -5.65028e-02
7.86811e+01 1.68566e+00 -5.70763e-02
7.88270e+01 1.67730e+00 -5.76690e-02
7.89734e+01 1.66881e+00 -5.82845e-02
7.91205e+01 1.66018e+00 -5.89248e-02
7.92685e+01 1.65142e+00 -5.95919e-02
7.94172e+01 1.64250e+00 -6.02881e-02
7.95669e+01 1.63343e+00 -6.10155e-02
7.97174e+01 1.62418e+00 -6.17769e-02
7.98690e+01 1.61476e+00 -6.25750e-02
8.00216e+01 1.60515e+00 -6.34131e-02
8.01753e+01 1.59534e+00 -6.42948e-02
8.03301e+01 1.58531e+00 -6.52242e-02
8.04861e+01 1.57506e+00 -6.62058e-02
8.06434e+01 1.56456e+00 -6.72451e-02
8.08020e+01 1.55381e+00 -6.83480e-02
8.09620e+01 1.54278e+00 -6.95217e-02
8.11234e+01 1.53146e+00 -7.07741e-02
8.12864e+01 1.51981e+00 -7.21148e-02
8.14511e+01 1.50782e+00 -7.35550e-02
8.16175e+01 1.49546e+00 -7.51080e-02
8.17857e+01 1.48268e+00 -7.67897e-02
8.19559e+01 1.46946e+00 -7.86192e-02
8.21282e+01 1.45574e+00 -8.06202e-02
8.23028e+01 1.44148e+00 -8.28216e-02
8.24798e+01 1.42660e+00 -8.52601e-02
8.26595e+01 1.41105e+00 -8.79821e-02
8.28420e+01 1.39472e+00 -9.10479e-02
8.30276e+01 1.37750e+00 -9.45378e-02
8.32167e+01 1.35924e+00 -9.85601e-02
8.34097e+01 1.33978e+00 -1.03267e-01
8.36071e+01 1.31886e+00 -1.08877e-01
8.38096e+01 1.29614e+00 -1.15723e-01
8.40179e+01 1.27117e+00 -1.24330e-01
8.42334e+01 1.24322e+00 -1.35601e-01
8.44577e+01 1.21114e+00 -1.51218e-01
8.46936e+01 1.17288e+00 -1.74777e-01
8.49461e+01 1.12407e+00 -2.15684e-01
8.52248e+01 1.05288e+00 -3.08708e-01
8.54399e+01 9.69728e-01 -4.95994e-01
8.55558e+01 8.99677e-01 -7.45715e-01
8.56465e+01 8.14912e-01 -1.18242e+00
8.57157e+01 7.10731e-01 -1.93088e+00
8.57710e+01 5.71587e-01 -3.27424e+00
8.58185e+01 3.62608e-01 -5.89885e+00
8.58462e+01 1.60688e-01 -8.90488e+00
8.58705e+01 -1.03272e-01 -1.31011e+01
8.58948e+01 -4.87669e-01 -1.86319e+01
8.59123e+01 -8.43075e-01 -2.17295e+01
8.59302e+01 -1.23443e+00 -2.11362e+01
8.59444e+01 -1.51064e+00 -1.71824e+01
8.59587e+01 -1.71791e+00 -1.18219e+01
8.59731e+01 -1.85249e+00 -7.08357e+00
8.59875e+01 -1.92962e+00 -3.87680e+00
8.60044e+01 -1.97528e+00 -1.78930e+00
8.60212e+01 -1.99588e+00 -7.85806e-01
8.60390e+01 -2.00504e+00 -3.10369e-01
8.60588e+01 -2.00870e+00 -9.34115e-02
8.60810e+01 -2.00961e+00 -4.36097e-03
8.61061e+01 -2.00924e+00 2.78573e-02
8.61347e+01 -2.00826e+00 3.79921e-02
8.61676e+01 -2.00696e+00 4.07158e-02
8.62061e+01 -2.00538e+00 4.13459e-02
8.62521e+01 -2.00347e+00 4.15056e-02
8.63087e+01 -2.00112e+00 4.15973e-02
8.63808e+01 -1.99811e+00 4.17020e-02
8.64787e+01 -1.99402e+00 4.18446e-02
8.65998e+01 -1.98895e+00 4.20229e-02
8.67212e+01 -1.98383e+00 4.22049e-02
8.68187e+01 -1.97971e+00 4.23521e-02
8.69201e+01 -1.97541e+00 4.25074e-02
8.70327e+01 -1.97061e+00 4.26820e-02
8.71512e+01 -1.96554e+00 4.28684e-02
8.72626e+01 -1.96076e+00 4.30457e-02
8.73795e+01 -1.95572e+00 4.32347e-02
8.74908e+01 -1.95089e+00 4.34170e-02
8.76106e+01 -1.94568e+00 4.36162e-02
8.77350e+01 -1.94024e+00 4.38259e-02
8.78611e+01 -1.93470e+00 4.40423e-02
8.79728e+01 -1.92977e+00 4.42365e-02
8.80880e+01 -1.92466e+00 4.44400e-02
8.82046e+01 -1.91947e+00 4.46488e-02
8.83283e+01 -1.91393e+00 4.48741e-02
8.84682e+01 -1.90764e+00 4.51329e-02
8.85823e+01 -1.90247e+00 4.53486e-02
8.87014e+01 -1.89706e+00 4.55762e-02
8.88204e+01 -1.89162e+00 4.58080e-02
8.89367e+01 -1.88628e+00 4.60380e-02
8.90621e+01 -1.88049e+00 4.62903e-02
8.91957e+01 -1.87429e+00 4.65640e-02
8.93310e+01 -1.86797e+00 4.68467e-02
8.94616e+01 -1.86183e+00 4.71248e-02
8.95941e+01 -1.85557e+00 4.74127e-02
8.97378e+01 -1.84874e+00 4.77308e-02
8.98814e+01 -1.84186e+00 4.80570e-02
8.99988e+01 -1.83620e+00 4.83281e-02
9.01200e+01 -1.83033e+00 4.86136e-02
9.02573e+01 -1.82363e+00 4.89436e-02
9.03947e+01 -1.81688e+00 4.92815e-02
9.05270e+01 -1.81034e+00 4.96140e-02
9.06615e+01 -1.80364e+00 4.99596e-02
9.08008e+01 -1.79666e+00 5.03255e-02
9.09400e+01 -1.78963e+00 5.07004e-02
9.10820e+01 -1.78240e+00 5.10921e-02
9.12240e+01 -1.77512e+00 5.14939e-02
9.13667e+01 -1.76774e+00 5.19081e-02
9.15094e+01 -1.76030e+00 5.23333e-02
9.16521e+01 -1.75280e+00 5.27700e-02
9.17948e+01 -1.74524e+00 5.32187e-02
9.19375e+01 -1.73761e+00 5.36800e-02
9.20802e+01 -1.72992e+00 5.41545e-02
9.22230e+01 -1.72215e+00 5.46428e-02
9.23660e+01 -1.71430e+00 5.51468e-02
9.25095e+01 -1.70635e+00 5.56677e-02
9.26535e+01 -1.69830e+00 5.62069e-02
9.27981e+01 -1.69013e+00 5.67657e-02
9.29433e+01 -1.68184e+00 5.73455e-02
9.30893e+01 -1.67343e+00 5.79477e-02
9.32360e+01 -1.66488e+00 5.85741e-02
9.33834e+01 -1.65620e+00 5.92263e-02
9.35317e+01 -1.64736e+00 5.99065e-02
9.36809e+01 -1.63837e+00 6.06166e-02
9.38309e+01 -1.62922e+00 6.13592e-02
9.39820e+01 -1.61990e+00 6.21370e-02
9.41340e+01 -1.61039e+00 6.29530e-02
9.42871e+01 -1.60069e+00 6.38106e-02
9.44413e+01 -1.59078e+00 6.47135e-02
9.45966e+01 -1.58065e+00 6.56662e-02
9.47532e+01 -1.57029e+00 6.66735e-02
9.49111e+01 -1.55968e+00 6.77411e-02
9.50703e+01 -1.54881e+00 6.88754e-02
9.52310e+01 -1.53764e+00 7.00839e-02
9.53931e+01 -1.52618e+00 7.13755e-02
9.55569e+01 -1.51438e+00 7.27602e-02
9.57223e+01 -1.50222e+00 7.42502e-02
9.58895e+01 -1.48967e+00 7.58598e-02
9.60587e+01 -1.47669e+00 7.76065e-02
9.62298e+01 -1.46325e+00 7.95112e-02
9.64031e+01 -1.44929e+00 8.15998e-02
9.65788e+01 -1.43476e+00 8.39045e-02
9.67570e+01 -1.41958e+00 8.64661e-02
9.69379e+01 -1.40368e+00 8.93368e-02
9.71218e+01 -1.38696e+00 9.25851e-02
9.73090e+01 -1.36929e+00 9.63028e-02
9.74998e+01 -1.35051e+00 1.00616e-01
9.76948e+01 -1.33041e+00 1.05703e-01
9.78944e+01 -1.30872e+00 1.11828e-01
9.80994e+01 -1.28504e+00 1.19397e-01
9.83108e+01 -1.25881e+00 1.29077e-01
9.85301e+01 -1.22916e+00 1.42051e-01
9.87592e+01 -1.19460e+00 1.60655e-01
9.90019e+01 -1.15229e+00 1.90297e-01
9.92648e+01 -1.09564e+00 2.47144e-01
9.95588e+01 -1.00401e+00 4.06169e-01
9.96916e+01 -9.39263e-01 5.93020e-01
9.97966e+01 -8.62124e-01 9.20248e-01
9.98763e+01 -7.69427e-01 1.48064e+00
9.99380e+01 -6.52097e-01 2.45155e+00
9.99913e+01 -4.77272e-01 4.38024e+00
1.00000e+02 -4.36944e-01 4.89456e+00
