1.00000e-06 1.00000e+00 -1.00000e-06
6.00000e-06 1.00000e+00 -6.00000e-06
3.10000e-05 1.00000e+00 -3.10000e-05
1.56000e-04 1.00000e+00 -1.56000e-04
7.81000e-04 1.00000e+00 -7.81000e-04
3.90600e-03 9.99992e-01 -3.90599e-03
1.95310e-02 9.99809e-01 -1.95304e-02
9.76560e-02 9.95228e-01 -9.78873e-02
3.40766e-01 9.38372e-01 -3.97220e-01
4.47677e-01 8.83715e-01 -6.52588e-01
5.37721e-01 8.07558e-01 -1.09725e+00
6.05022e-01 7.12212e-01 -1.83238e+00
6.58412e-01 5.84455e-01 -3.12330e+00
7.13391e-01 3.36580e-01 -6.44807e+00
7.38251e-01 1.40466e-01 -9.58774e+00
7.60946e-01 -1.24696e-01 -1.40692e+01
7.83640e-01 -5.08877e-01 -1.98576e+01
7.99680e-01 -8.55190e-01 -2.29366e+01
8.16331e-01 -1.23832e+00 -2.22162e+01
8.29740e-01 -1.51114e+00 -1.80417e+01
8.43149e-01 -1.71569e+00 -1.24331e+01
8.56694e-01 -1.84892e+00 -7.47575e+00
8.70240e-01 -1.92558e+00 -4.11104e+00
8.86062e-01 -1.97123e+00 -1.91020e+00
9.01885e-01 -1.99198e+00 -8.46361e-01
9.18573e-01 -2.00130e+00 -3.39982e-01
9.37130e-01 -2.00511e+00 -1.07381e-01
9.57979e-01 -2.00617e+00 -1.11176e-02
9.81491e-01 -2.00594e+00 2.40514e-02
1.00820e+00 -2.00511e+00 3.52388e-02
1.03891e+00 -2.00397e+00 3.82795e-02
1.07481e+00 -2.00258e+00 3.89825e-02
1.11765e+00 -2.00091e+00 3.91473e-02
1.17016e+00 -1.99885e+00 3.92272e-02
1.23682e+00 -1.99623e+00 3.93138e-02
1.32635e+00 -1.99271e+00 3.94299e-02
1.44753e+00 -1.98792e+00 3.95884e-02
1.54290e+00 -1.98414e+00 3.97153e-02
1.64299e+00 -1.98016e+00 3.98492e-02
1.74735e+00 -1.97599e+00 3.99908e-02
1.86756e+00 -1.97117e+00 4.01551e-02
1.95888e+00 -1.96750e+00 4.02826e-02
2.05535e+00 -1.96361e+00 4.04178e-02
2.16321e+00 -1.95924e+00 4.05709e-02
2.28131e+00 -1.95444e+00 4.07405e-02
2.40155e+00 -1.94953e+00 4.09163e-02
2.49958e+00 -1.94551e+00 4.10606e-02
2.60111e+00 -1.94133e+00 4.12123e-02
2.71399e+00 -1.93667e+00 4.13829e-02
2.83052e+00 -1.93184e+00 4.15618e-02
2.93958e+00 -1.92730e+00 4.17311e-02
3.05146e+00 -1.92262e+00 4.19075e-02
3.16428e+00 -1.91788e+00 4.20875e-02
3.28011e+00 -1.91299e+00 4.22753e-02
3.39300e+00 -1.90821e+00 4.24606e-02
3.50966e+00 -1.90325e+00 4.26552e-02
3.62253e+00 -1.89842e+00 4.28461e-02
3.74232e+00 -1.89328e+00 4.30518e-02
3.86514e+00 -1.88798e+00 4.32660e-02
3.99040e+00 -1.88254e+00 4.34883e-02
4.10451e+00 -1.87757e+00 4.36937e-02
4.22483e+00 -1.87230e+00 4.39140e-02
4.36429e+00 -1.86616e+00 4.41733e-02
4.47558e+00 -1.86123e+00 4.43849e-02
4.59214e+00 -1.85604e+00 4.46091e-02
4.71031e+00 -1.85076e+00 4.48406e-02
4.83337e+00 -1.84522e+00 4.50856e-02
4.95979e+00 -1.83951e+00 4.53420e-02
5.10173e+00 -1.83305e+00 4.56352e-02
5.22475e+00 -1.82742e+00 4.58953e-02
5.35118e+00 -1.82160e+00 4.61666e-02
5.47761e+00 -1.81575e+00 4.64438e-02
5.59746e+00 -1.81016e+00 4.67113e-02
5.72520e+00 -1.80418e+00 4.70021e-02
5.85910e+00 -1.79786e+00 4.73132e-02
5.99448e+00 -1.79144e+00 4.76348e-02
6.13430e+00 -1.78475e+00 4.79743e-02
6.27412e+00 -1.77802e+00 4.83220e-02
6.41940e+00 -1.77097e+00 4.86917e-02
6.56468e+00 -1.76387e+00 4.90712e-02
6.69646e+00 -1.75738e+00 4.94236e-02
6.83174e+00 -1.75067e+00 4.97940e-02
6.96958e+00 -1.74378e+00 5.01808e-02
7.10809e+00 -1.73680e+00 5.05795e-02
7.24773e+00 -1.72971e+00 5.09921e-02
7.38738e+00 -1.72256e+00 5.14157e-02
7.52779e+00 -1.71531e+00 5.18533e-02
7.66821e+00 -1.70800e+00 5.23033e-02
7.80928e+00 -1.70059e+00 5.27683e-02
7.95056e+00 -1.69310e+00 5.32476e-02
8.09244e+00 -1.68551e+00 5.37434e-02
8.23473e+00 -1.67783e+00 5.42560e-02
8.37763e+00 -1.67004e+00 5.47871e-02
8.52110e+00 -1.66214e+00 5.53374e-02
8.66521e+00 -1.65412e+00 5.59087e-02
8.81000e+00 -1.64598e+00 5.65022e-02
8.95551e+00 -1.63772e+00 5.71197e-02
9.10179e+00 -1.62931e+00 5.77630e-02
9.24888e+00 -1.62077e+00 5.84340e-02
9.39682e+00 -1.61207e+00 5.91348e-02
9.54565e+00 -1.60322e+00 5.98680e-02
9.69543e+00 -1.59419e+00 6.06363e-02
9.84620e+00 -1.58499e+00 6.14426e-02
9.99802e+00 -1.57560e+00 6.22904e-02
1.01509e+01 -1.56601e+00 6.31836e-02
1.03050e+01 -1.55620e+00 6.41265e-02
1.04603e+01 -1.54617e+00 6.51240e-02
1.06168e+01 -1.53589e+00 6.61820e-02
1.07747e+01 -1.52535e+00 6.73068e-02
1.09340e+01 -1.51454e+00 6.85062e-02
1.10948e+01 -1.50342e+00 6.97890e-02
1.12571e+01 -1.49198e+00 7.11656e-02
1.14212e+01 -1.48018e+00 7.26484e-02
1.15870e+01 -1.46801e+00 7.42520e-02
1.17547e+01 -1.45541e+00 7.59942e-02
1.19244e+01 -1.44235e+00 7.78967e-02
1.20962e+01 -1.42879e+00 7.99861e-02
1.22704e+01 -1.41466e+00 8.22958e-02
1.24471e+01 -1.39989e+00 8.48680e-02
1.26266e+01 -1.38441e+00 8.77574e-02
1.28090e+01 -1.36811e+00 9.10356e-02
1.29947e+01 -1.35086e+00 9.47996e-02
1.31841e+01 -1.33250e+00 9.91833e-02
1.33776e+01 -1.31281e+00 1.04378e-01
1.35759e+01 -1.29152e+00 1.10671e-01
1.37796e+01 -1.26820e+00 1.18507e-01
1.39899e+01 -1.24226e+00 1.28633e-01
1.42083e+01 -1.21274e+00 1.42402e-01
1.44370e+01 -1.17800e+00 1.62581e-01
1.46802e+01 -1.13475e+00 1.95915e-01
1.49456e+01 -1.07481e+00 2.64453e-01
1.52000e+01 -9.90050e-01 4.32235e-01
1.53229e+01 -9.25862e-01 6.39625e-01
1.54186e+01 -8.49766e-01 9.98239e-01
1.54918e+01 -7.57174e-01 1.61409e+00
1.55486e+01 -6.39154e-01 2.68011e+00
1.55988e+01 -4.58040e-01 4.85196e+00
1.56296e+01 -2.70475e-01 7.61958e+00
1.56541e+01 -4.10063e-02 1.14128e+01
1.56761e+01 2.63904e-01 1.64895e+01
1.56982e+01 6.90512e-01 2.19700e+01
1.57135e+01 1.04116e+00 2.33879e+01
1.57289e+01 1.38661e+00 2.05299e+01
1.57444e+01 1.65879e+00 1.43765e+01
1.57577e+01 1.81323e+00 9.06082e+00
1.57709e+01 1.90587e+00 5.16420e+00
1.57858e+01 1.96124e+00 2.55741e+00
1.58015e+01 1.98903e+00 1.15576e+00
1.58176e+01 2.00156e+00 4.88678e-01
1.58353e+01 2.00701e+00 1.73451e-01
1.58552e+01 2.00888e+00 3.73054e-02
1.58776e+01 2.00902e+00 -1.49009e-02
1.59029e+01 2.00837e+00 -3.24298e-02
1.59319e+01 2.00734e+00 -3.74967e-02
1.59655e+01 2.00605e+00 -3.87370e-02
1.60053e+01 2.00450e+00 -3.90113e-02
1.60536e+01 2.00262e+00 -3.91028e-02
1.61140e+01 2.00025e+00 -3.91823e-02
1.61930e+01 1.99715e+00 -3.92836e-02
1.63144e+01 1.99238e+00 -3.94404e-02
1.64052e+01 1.98879e+00 -3.95599e-02
1.65016e+01 1.98497e+00 -3.96872e-02
1.66069e+01 1.98078e+00 -3.98282e-02
1.67144e+01 1.97649e+00 -3.99735e-02
1.68279e+01 1.97195e+00 -4.01292e-02
1.69309e+01 1.96781e+00 -4.02716e-02
1.70365e+01 1.96355e+00 -4.04200e-02
1.71558e+01 1.95872e+00 -4.05889e-02
1.72515e+01 1.95482e+00 -4.07272e-02
1.73514e+01 1.95075e+00 -4.08722e-02
1.74593e+01 1.94633e+00 -4.10312e-02
1.75695e+01 1.94180e+00 -4.11953e-02
1.76880e+01 1.93691e+00 -4.13745e-02
1.77952e+01 1.93246e+00 -4.15386e-02
1.79133e+01 1.92755e+00 -4.17218e-02
1.80510e+01 1.92179e+00 -4.19385e-02
1.81495e+01 1.91765e+00 -4.20966e-02
1.82553e+01 1.91318e+00 -4.22679e-02
1.83690e+01 1.90836e+00 -4.24548e-02
1.84903e+01 1.90321e+00 -4.26567e-02
1.86137e+01 1.89793e+00 -4.28658e-02
1.87258e+01 1.89311e+00 -4.30584e-02
1.88417e+01 1.88811e+00 -4.32607e-02
1.89569e+01 1.88311e+00 -4.34647e-02
1.90798e+01 1.87776e+00 -4.36859e-02
1.92175e+01 1.87173e+00 -4.39377e-02
1.93351e+01 1.86655e+00 -4.41574e-02
1.94564e+01 1.86118e+00 -4.43867e-02
1.95777e+01 1.85578e+00 -4.46208e-02
1.96963e+01 1.85047e+00 -4.48530e-02
1.98166e+01 1.84506e+00 -4.50929e-02
1.99411e+01 1.83943e+00 -4.53454e-02
2.00684e+01 1.83364e+00 -4.56085e-02
2.02108e+01 1.82712e+00 -4.59084e-02
2.03359e+01 1.82137e+00 -4.61780e-02
2.04641e+01 1.81543e+00 -4.64586e-02
2.05922e+01 1.80946e+00 -4.67455e-02
2.07138e+01 1.80376e+00 -4.70227e-02
2.08416e+01 1.79773e+00 -4.73201e-02
2.09767e+01 1.79131e+00 -4.76409e-02
2.11118e+01 1.78486e+00 -4.79691e-02
2.12534e+01 1.77804e+00 -4.83208e-02
2.13949e+01 1.77118e+00 -4.86813e-02
2.15459e+01 1.76380e+00 -4.90749e-02
2.16969e+01 1.75636e+00 -4.94802e-02
2.18223e+01 1.75013e+00 -4.98242e-02
2.19510e+01 1.74369e+00 -5.01859e-02
2.20892e+01 1.73673e+00 -5.05837e-02
2.22274e+01 1.72971e+00 -5.09921e-02
2.23683e+01 1.72250e+00 -5.14196e-02
2.25092e+01 1.71522e+00 -5.18590e-02
2.26505e+01 1.70786e+00 -5.23120e-02
2.27918e+01 1.70044e+00 -5.27780e-02
2.29334e+01 1.69293e+00 -5.32586e-02
2.30753e+01 1.68534e+00 -5.37547e-02
2.32176e+01 1.67765e+00 -5.42680e-02
2.33605e+01 1.66986e+00 -5.47994e-02
2.35040e+01 1.66195e+00 -5.53503e-02
2.36482e+01 1.65394e+00 -5.59220e-02
2.37930e+01 1.64580e+00 -5.65161e-02
2.39385e+01 1.63753e+00 -5.71341e-02
2.40848e+01 1.62912e+00 -5.77780e-02
2.42319e+01 1.62057e+00 -5.84496e-02
2.43799e+01 1.61187e+00 -5.91512e-02
2.45287e+01 1.60301e+00 -5.98852e-02
2.46785e+01 1.59398e+00 -6.06543e-02
2.48293e+01 1.58478e+00 -6.14615e-02
2.49811e+01 1.57538e+00 -6.23103e-02
2.51341e+01 1.56578e+00 -6.32046e-02
2.52882e+01 1.55597e+00 -6.41487e-02
2.54435e+01 1.54593e+00 -6.51475e-02
2.56000e+01 1.53565e+00 -6.62069e-02
2.57580e+01 1.52511e+00 -6.73334e-02
2.59173e+01 1.51428e+00 -6.85346e-02
2.60781e+01 1.50316e+00 -6.98194e-02
2.62405e+01 1.49171e+00 -7.11983e-02
2.64046e+01 1.47991e+00 -7.26836e-02
2.65704e+01 1.46772e+00 -7.42902e-02
2.67382e+01 1.45512e+00 -7.60358e-02
2.69079e+01 1.44205e+00 -7.79423e-02
2.70798e+01 1.42847e+00 -8.00363e-02
2.72541e+01 1.41433e+00 -8.23515e-02
2.74309e+01 1.39955e+00 -8.49303e-02
2.76104e+01 1.38405e+00 -8.78276e-02
2.77929e+01 1.36772e+00 -9.11158e-02
2.79786e+01 1.35045e+00 -9.48923e-02
2.81681e+01 1.33206e+00 -9.92921e-02
2.83617e+01 1.31235e+00 -1.04509e-01
2.85601e+01 1.29101e+00 -1.10830e-01
2.87640e+01 1.26764e+00 -1.18709e-01
2.89744e+01 1.24163e+00 -1.28900e-01
2.91930e+01 1.21201e+00 -1.42776e-01
2.94220e+01 1.17712e+00 -1.63156e-01
2.96656e+01 1.13362e+00 -1.96942e-01
2.99316e+01 1.07310e+00 -2.66903e-01
3.01830e+01 9.88610e-01 -4.36036e-01
3.03050e+01 9.24250e-01 -6.45898e-01
3.04003e+01 8.47763e-01 -1.00945e+00
3.04730e+01 7.54717e-01 -1.63314e+00
3.05295e+01 6.35877e-01 -2.71395e+00
3.05799e+01 4.51080e-01 -4.94649e+00
3.06101e+01 2.63488e-01 -7.73013e+00
3.06345e+01 3.21162e-02 -1.15638e+01
3.06592e+01 -3.22604e-01 -1.74003e+01
3.06780e+01 -6.93768e-01 -2.19987e+01
3.06934e+01 -1.04871e+00 -2.33758e+01
3.07089e+01 -1.39318e+00 -2.04254e+01
3.07243e+01 -1.66323e+00 -1.42432e+01
3.07376e+01 -1.81602e+00 -8.95180e+00
3.07509e+01 -1.90745e+00 -5.09292e+00
3.07659e+01 -1.96230e+00 -2.50536e+00
3.07815e+01 -1.98949e+00 -1.13191e+00
3.07977e+01 -2.00177e+00 -4.77153e-01
3.08154e+01 -2.00709e+00 -1.68245e-01
3.08354e+01 -2.00890e+00 -3.52034e-02
3.08578e+01 -2.00901e+00 1.56471e-02
3.08832e+01 -2.00835e+00 3.26592e-02
3.09123e+01 -2.00731e+00 3.75565e-02
3.09461e+01 -2.00602e+00 3.87503e-02
3.09861e+01 -2.00446e+00 3.90146e-02
3.10346e+01 -2.00256e+00 3.91047e-02
3.10954e+01 -2.00019e+00 3.91845e-02
3.11750e+01 -1.99706e+00 3.92867e-02
3.12998e+01 -1.99215e+00 3.94477e-02
3.13862e+01 -1.98873e+00 3.95617e-02
3.14796e+01 -1.98503e+00 3.96851e-02
3.15869e+01 -1.98077e+00 3.98286e-02
3.17183e+01 -1.97552e+00 4.00062e-02
3.18089e+01 -1.97189e+00 4.01310e-02
3.19070e+01 -1.96795e+00 4.02669e-02
3.20156e+01 -1.96357e+00 4.04192e-02
3.21285e+01 -1.95900e+00 4.05793e-02
3.22467e+01 -1.95419e+00 4.07497e-02
3.23499e+01 -1.94998e+00 4.08998e-02
3.24562e+01 -1.94562e+00 4.10567e-02
3.25677e+01 -1.94103e+00 4.12232e-02
3.26813e+01 -1.93634e+00 4.13954e-02
3.27900e+01 -1.93183e+00 4.15618e-02
3.29003e+01 -1.92724e+00 4.17336e-02
3.30128e+01 -1.92253e+00 4.19105e-02
3.31271e+01 -1.91773e+00 4.20933e-02
3.32394e+01 -1.91299e+00 4.22751e-02
3.33542e+01 -1.90813e+00 4.24640e-02
3.34680e+01 -1.90329e+00 4.26536e-02
3.35856e+01 -1.89826e+00 4.28527e-02
3.36975e+01 -1.89345e+00 4.30447e-02
3.38184e+01 -1.88824e+00 4.32555e-02
3.39540e+01 -1.88236e+00 4.34956e-02
3.40726e+01 -1.87718e+00 4.37100e-02
3.41943e+01 -1.87185e+00 4.39324e-02
3.43159e+01 -1.86650e+00 4.41595e-02
3.44389e+01 -1.86105e+00 4.43920e-02
3.45618e+01 -1.85558e+00 4.46296e-02
3.46867e+01 -1.84999e+00 4.48740e-02
3.48115e+01 -1.84437e+00 4.51238e-02
3.49397e+01 -1.83857e+00 4.53840e-02
3.50679e+01 -1.83274e+00 4.56502e-02
3.51964e+01 -1.82686e+00 4.59210e-02
3.53248e+01 -1.82094e+00 4.61981e-02
3.54589e+01 -1.81472e+00 4.64921e-02
3.55930e+01 -1.80847e+00 4.67935e-02
3.57271e+01 -1.80218e+00 4.71000e-02
3.58612e+01 -1.79584e+00 4.74144e-02
3.59959e+01 -1.78943e+00 4.77360e-02
3.61306e+01 -1.78297e+00 4.80659e-02
3.62559e+01 -1.77694e+00 4.83785e-02
3.63849e+01 -1.77067e+00 4.87081e-02
3.65220e+01 -1.76397e+00 4.90658e-02
3.66590e+01 -1.75722e+00 4.94323e-02
3.68001e+01 -1.75022e+00 4.98191e-02
3.69412e+01 -1.74316e+00 5.02160e-02
3.70836e+01 -1.73598e+00 5.06268e-02
3.72260e+01 -1.72875e+00 5.10489e-02
3.73684e+01 -1.72145e+00 5.14825e-02
3.75107e+01 -1.71409e+00 5.19282e-02
3.76531e+01 -1.70666e+00 5.23867e-02
3.77955e+01 -1.69917e+00 5.28585e-02
3.79379e+01 -1.69161e+00 5.33443e-02
3.80802e+01 -1.68398e+00 5.38449e-02
3.82228e+01 -1.67626e+00 5.43617e-02
3.83659e+01 -1.66845e+00 5.48967e-02
3.85095e+01 -1.66052e+00 5.54512e-02
3.86537e+01 -1.65248e+00 5.60269e-02
3.87987e+01 -1.64432e+00 5.66252e-02
3.89443e+01 -1.63603e+00 5.72478e-02
3.90908e+01 -1.62760e+00 5.78964e-02
3.92380e+01 -1.61902e+00 5.85733e-02
3.93861e+01 -1.61029e+00 5.92805e-02
3.95352e+01 -1.60141e+00 6.00206e-02
3.96851e+01 -1.59235e+00 6.07963e-02
3.98361e+01 -1.58311e+00 6.16107e-02
3.99882e+01 -1.57367e+00 6.24674e-02
4.01413e+01 -1.56404e+00 6.33702e-02
4.02956e+01 -1.55419e+00 6.43237e-02
4.04511e+01 -1.54411e+00 6.53330e-02
4.06079e+01 -1.53378e+00 6.64039e-02
4.07661e+01 -1.52319e+00 6.75432e-02
4.09257e+01 -1.51231e+00 6.87587e-02
4.10868e+01 -1.50113e+00 7.00596e-02
4.12495e+01 -1.48962e+00 7.14566e-02
4.14139e+01 -1.47775e+00 7.29626e-02
4.15800e+01 -1.46549e+00 7.45927e-02
4.17481e+01 -1.45281e+00 7.63655e-02
4.19183e+01 -1.43965e+00 7.83034e-02
4.20906e+01 -1.42598e+00 8.04345e-02
4.22653e+01 -1.41172e+00 8.27935e-02
4.24425e+01 -1.39682e+00 8.54250e-02
4.26225e+01 -1.38118e+00 8.83865e-02
4.28056e+01 -1.36470e+00 9.17543e-02
4.29920e+01 -1.34724e+00 9.56313e-02
4.31822e+01 -1.32863e+00 1.00161e-01
4.33766e+01 -1.30865e+00 1.05552e-01
4.35759e+01 -1.28698e+00 1.12113e-01
4.37809e+01 -1.26319e+00 1.20339e-01
4.39927e+01 -1.23661e+00 1.31064e-01
4.42129e+01 -1.20620e+00 1.45835e-01
4.44442e+01 -1.17009e+00 1.67911e-01
4.46910e+01 -1.12441e+00 2.05616e-01
4.49624e+01 -1.05892e+00 2.88523e-01
4.51901e+01 -9.76194e-01 4.70339e-01
4.53053e+01 -9.10358e-01 7.02269e-01
4.53960e+01 -8.30702e-01 1.10874e+00
4.54649e+01 -7.33617e-01 1.80234e+00
4.55191e+01 -6.07323e-01 3.01798e+00
4.55752e+01 -3.64215e-01 6.18330e+00
4.56005e+01 -1.73239e-01 9.19251e+00
4.56234e+01 8.39287e-02 1.35328e+01
4.56464e+01 4.59892e-01 1.93703e+01
4.56631e+01 8.17217e-01 2.28927e+01
4.56802e+01 1.21240e+00 2.25875e+01
4.56935e+01 1.49118e+00 1.86177e+01
4.57070e+01 1.70408e+00 1.29637e+01
4.57205e+01 1.84344e+00 7.85102e+00
4.57341e+01 1.92406e+00 4.33209e+00
4.57511e+01 1.97451e+00 1.89772e+00
4.57681e+01 1.99605e+00 7.86494e-01
4.57851e+01 2.00478e+00 3.07172e-01
4.58038e+01 2.00821e+00 9.32591e-02
4.58248e+01 2.00909e+00 5.75620e-03
4.58485e+01 2.00877e+00 -2.57872e-02
4.58755e+01 2.00791e+00 -3.56721e-02
4.59066e+01 2.00676e+00 -3.83134e-02
4.59429e+01 2.00535e+00 -3.89159e-02
4.59864e+01 2.00365e+00 -3.90612e-02
4.60399e+01 2.00156e+00 -3.91392e-02
4.61081e+01 1.99889e+00 -3.92269e-02
4.62005e+01 1.99526e+00 -3.93458e-02
4.63187e+01 1.99060e+00 -3.94994e-02
4.64211e+01 1.98655e+00 -3.96347e-02
4.65262e+01 1.98237e+00 -3.97742e-02
4.66313e+01 1.97819e+00 -3.99162e-02
4.67364e+01 1.97398e+00 -4.00589e-02
4.68415e+01 1.96977e+00 -4.02043e-02
4.69466e+01 1.96553e+00 -4.03504e-02
4.70516e+01 1.96129e+00 -4.04992e-02
4.71567e+01 1.95702e+00 -4.06489e-02
4.72618e+01 1.95274e+00 -4.08012e-02
4.73734e+01 1.94818e+00 -4.09642e-02
4.74851e+01 1.94360e+00 -4.11302e-02
4.75967e+01 1.93900e+00 -4.12973e-02
4.77083e+01 1.93438e+00 -4.14680e-02
4.78199e+01 1.92974e+00 -4.16394e-02
4.79316e+01 1.92508e+00 -4.18149e-02
4.80432e+01 1.92040e+00 -4.19910e-02
4.81548e+01 1.91571e+00 -4.21712e-02
4.82664e+01 1.91099e+00 -4.23525e-02
4.83781e+01 1.90625e+00 -4.25374e-02
4.84929e+01 1.90135e+00 -4.27297e-02
4.86078e+01 1.89643e+00 -4.29255e-02
4.87307e+01 1.89115e+00 -4.31373e-02
4.88535e+01 1.88583e+00 -4.33538e-02
4.89584e+01 1.88128e+00 -4.35401e-02
4.90657e+01 1.87660e+00 -4.37342e-02
4.91853e+01 1.87135e+00 -4.39536e-02
4.93088e+01 1.86591e+00 -4.41844e-02
4.94323e+01 1.86044e+00 -4.44187e-02
4.95589e+01 1.85480e+00 -4.46634e-02
4.96838e+01 1.84920e+00 -4.49089e-02
4.98117e+01 1.84345e+00 -4.51650e-02
4.99399e+01 1.83764e+00 -4.54265e-02
5.00697e+01 1.83173e+00 -4.56964e-02
5.01984e+01 1.82583e+00 -4.59690e-02
5.03288e+01 1.81981e+00 -4.62510e-02
5.04714e+01 1.81320e+00 -4.65652e-02
5.06140e+01 1.80653e+00 -4.68876e-02
5.07304e+01 1.80106e+00 -4.71553e-02
5.08506e+01 1.79538e+00 -4.74373e-02
5.09870e+01 1.78888e+00 -4.77640e-02
5.11235e+01 1.78234e+00 -4.80984e-02
5.12553e+01 1.77598e+00 -4.84286e-02
5.13890e+01 1.76948e+00 -4.87713e-02
5.15275e+01 1.76270e+00 -4.91343e-02
5.16659e+01 1.75587e+00 -4.95063e-02
5.18070e+01 1.74886e+00 -4.98948e-02
5.19480e+01 1.74180e+00 -5.02935e-02
5.20897e+01 1.73464e+00 -5.07044e-02
5.22314e+01 1.72743e+00 -5.11264e-02
5.23731e+01 1.72016e+00 -5.15600e-02
5.25147e+01 1.71282e+00 -5.20057e-02
5.26564e+01 1.70542e+00 -5.24641e-02
5.27981e+01 1.69795e+00 -5.29359e-02
5.29398e+01 1.69042e+00 -5.34217e-02
5.30819e+01 1.68279e+00 -5.39236e-02
5.32244e+01 1.67507e+00 -5.44427e-02
5.33675e+01 1.66724e+00 -5.49805e-02
5.35112e+01 1.65930e+00 -5.55382e-02
5.36556e+01 1.65124e+00 -5.61172e-02
5.38006e+01 1.64306e+00 -5.67191e-02
5.39464e+01 1.63474e+00 -5.73455e-02
5.40930e+01 1.62629e+00 -5.79984e-02
5.42403e+01 1.61769e+00 -5.86797e-02
5.43886e+01 1.60894e+00 -5.93918e-02
5.45378e+01 1.60003e+00 -6.01371e-02
5.46879e+01 1.59094e+00 -6.09186e-02
5.48390e+01 1.58167e+00 -6.17393e-02
5.49912e+01 1.57221e+00 -6.26027e-02
5.51445e+01 1.56254e+00 -6.35131e-02
5.52990e+01 1.55266e+00 -6.44748e-02
5.54547e+01 1.54254e+00 -6.54931e-02
5.56117e+01 1.53217e+00 -6.65741e-02
5.57701e+01 1.52154e+00 -6.77245e-02
5.59299e+01 1.51062e+00 -6.89525e-02
5.60913e+01 1.49939e+00 -7.02674e-02
5.62542e+01 1.48782e+00 -7.16802e-02
5.64189e+01 1.47590e+00 -7.32041e-02
5.65853e+01 1.46358e+00 -7.48548e-02
5.67537e+01 1.45082e+00 -7.66513e-02
5.69242e+01 1.43759e+00 -7.86170e-02
5.70969e+01 1.42383e+00 -8.07805e-02
5.72719e+01 1.40948e+00 -8.31782e-02
5.74496e+01 1.39447e+00 -8.58562e-02
5.76300e+01 1.37871e+00 -8.88745e-02
5.78136e+01 1.36209e+00 -9.23129e-02
5.80006e+01 1.34446e+00 -9.62795e-02
5.81914e+01 1.32566e+00 -1.00926e-01
5.83865e+01 1.30544e+00 -1.06472e-01
5.85866e+01 1.28348e+00 -1.13251e-01
5.87925e+01 1.25931e+00 -1.21794e-01
5.90055e+01 1.23223e+00 -1.33013e-01
5.92272e+01 1.20110e+00 -1.48626e-01
5.94605e+01 1.16385e+00 -1.72340e-01
5.97104e+01 1.11608e+00 -2.14005e-01
5.99867e+01 1.04556e+00 -3.11128e-01
6.01846e+01 9.69055e-01 -4.91340e-01
6.02976e+01 9.01237e-01 -7.41553e-01
6.03853e+01 8.19762e-01 -1.17597e+00
6.04519e+01 7.19925e-01 -1.91751e+00
6.05049e+01 5.88312e-01 -3.22930e+00
6.05594e+01 3.35277e-01 -6.61662e+00
6.05840e+01 1.36583e-01 -9.80125e+00
6.06065e+01 -1.32087e-01 -1.43414e+01
6.06290e+01 -5.19890e-01 -2.01437e+01
6.06449e+01 -8.65787e-01 -2.31318e+01
6.06613e+01 -1.24701e+00 -2.22842e+01
6.06747e+01 -1.51881e+00 -1.80213e+01
6.06880e+01 -1.72182e+00 -1.23779e+01
6.07015e+01 -1.85389e+00 -7.41913e+00
6.07151e+01 -1.92967e+00 -4.07054e+00
6.07308e+01 -1.97463e+00 -1.89124e+00
6.07465e+01 -1.99508e+00 -8.38338e-01
6.07632e+01 -2.00427e+00 -3.36182e-01
6.07817e+01 -2.00803e+00 -1.05761e-01
6.08025e+01 -2.00907e+00 -1.05459e-02
6.08259e+01 -2.00883e+00 2.41830e-02
6.08526e+01 -2.00801e+00 3.52105e-02
6.08832e+01 -2.00687e+00 3.82015e-02
6.09191e+01 -2.00548e+00 3.88916e-02
6.09618e+01 -2.00382e+00 3.90533e-02
6.10143e+01 -2.00177e+00 3.91323e-02
6.10809e+01 -1.99916e+00 3.92181e-02
6.11704e+01 -1.99564e+00 3.93332e-02
6.12911e+01 -1.99088e+00 3.94898e-02
6.13866e+01 -1.98711e+00 3.96158e-02
6.14866e+01 -1.98314e+00 3.97486e-02
6.15905e+01 -1.97900e+00 3.98884e-02
6.17085e+01 -1.97428e+00 4.00485e-02
6.18013e+01 -1.97056e+00 4.01768e-02
6.18985e+01 -1.96665e+00 4.03118e-02
6.20052e+01 -1.96234e+00 4.04621e-02
6.21156e+01 -1.95787e+00 4.06192e-02
6.22331e+01 -1.95308e+00 4.07890e-02
6.23394e+01 -1.94874e+00 4.09441e-02
6.24498e+01 -1.94421e+00 4.11077e-02
6.25601e+01 -1.93967e+00 4.12730e-02
6.26730e+01 -1.93500e+00 4.14448e-02
6.27829e+01 -1.93043e+00 4.16139e-02
6.28949e+01 -1.92576e+00 4.17889e-02
6.30069e+01 -1.92107e+00 4.19659e-02
6.31212e+01 -1.91627e+00 4.21494e-02
6.32339e+01 -1.91150e+00 4.23327e-02
6.33495e+01 -1.90660e+00 4.25237e-02
6.34632e+01 -1.90175e+00 4.27140e-02
6.35813e+01 -1.89670e+00 4.29148e-02
6.36860e+01 -1.89220e+00 4.30953e-02
6.38085e+01 -1.88690e+00 4.33096e-02
6.39342e+01 -1.88144e+00 4.35335e-02
6.40467e+01 -1.87654e+00 4.37366e-02
6.41688e+01 -1.87118e+00 4.39608e-02
6.43016e+01 -1.86533e+00 4.42089e-02
6.44345e+01 -1.85944e+00 4.44621e-02
6.45497e+01 -1.85430e+00 4.46851e-02
6.46704e+01 -1.84889e+00 4.49227e-02
6.48077e+01 -1.84270e+00 4.51979e-02
6.49451e+01 -1.83648e+00 4.54797e-02
6.50554e+01 -1.83145e+00 4.57091e-02
6.51698e+01 -1.82621e+00 4.59515e-02
6.53059e+01 -1.81993e+00 4.62451e-02
6.54420e+01 -1.81362e+00 4.65457e-02
6.55626e+01 -1.80799e+00 4.68167e-02
6.56864e+01 -1.80217e+00 4.71006e-02
6.58238e+01 -1.79568e+00 4.74219e-02
6.59612e+01 -1.78914e+00 4.77509e-02
6.60897e+01 -1.78299e+00 4.80651e-02
6.62221e+01 -1.77660e+00 4.83961e-02
6.63590e+01 -1.76995e+00 4.87463e-02
6.64960e+01 -1.76325e+00 4.91049e-02
6.66362e+01 -1.75634e+00 4.94808e-02
6.67763e+01 -1.74938e+00 4.98663e-02
6.69179e+01 -1.74229e+00 5.02655e-02
6.70594e+01 -1.73515e+00 5.06753e-02
6.72010e+01 -1.72794e+00 5.10961e-02
6.73425e+01 -1.72068e+00 5.15284e-02
6.74840e+01 -1.71336e+00 5.19728e-02
6.76256e+01 -1.70597e+00 5.24298e-02
6.77671e+01 -1.69851e+00 5.29000e-02
6.79088e+01 -1.69099e+00 5.33846e-02
6.80508e+01 -1.68337e+00 5.38852e-02
6.81933e+01 -1.67565e+00 5.44029e-02
6.83363e+01 -1.66783e+00 5.49392e-02
6.84800e+01 -1.65990e+00 5.54953e-02
6.86243e+01 -1.65185e+00 5.60727e-02
6.87693e+01 -1.64368e+00 5.66728e-02
6.89150e+01 -1.63538e+00 5.72973e-02
6.90615e+01 -1.62693e+00 5.79481e-02
6.92088e+01 -1.61835e+00 5.86272e-02
6.93570e+01 -1.60961e+00 5.93369e-02
6.95061e+01 -1.60071e+00 6.00796e-02
6.96562e+01 -1.59163e+00 6.08582e-02
6.98072e+01 -1.58238e+00 6.16758e-02
6.99593e+01 -1.57293e+00 6.25360e-02
7.01126e+01 -1.56328e+00 6.34426e-02
7.02670e+01 -1.55341e+00 6.44003e-02
7.04226e+01 -1.54331e+00 6.54141e-02
7.05795e+01 -1.53296e+00 6.64901e-02
7.07378e+01 -1.52235e+00 6.76350e-02
7.08975e+01 -1.51145e+00 6.88569e-02
7.10587e+01 -1.50025e+00 7.01648e-02
7.12215e+01 -1.48871e+00 7.15698e-02
7.13860e+01 -1.47681e+00 7.30848e-02
7.15524e+01 -1.46452e+00 7.47254e-02
7.17206e+01 -1.45180e+00 7.65101e-02
7.18909e+01 -1.43861e+00 7.84621e-02
7.20634e+01 -1.42489e+00 8.06095e-02
7.22383e+01 -1.41059e+00 8.29880e-02
7.24157e+01 -1.39563e+00 8.56430e-02
7.25960e+01 -1.37993e+00 8.86331e-02
7.27793e+01 -1.36337e+00 9.20364e-02
7.29660e+01 -1.34583e+00 9.59585e-02
7.31565e+01 -1.32713e+00 1.00547e-01
7.33513e+01 -1.30702e+00 1.06016e-01
7.35509e+01 -1.28521e+00 1.12686e-01
7.37564e+01 -1.26123e+00 1.21070e-01
7.39688e+01 -1.23440e+00 1.32041e-01
7.41898e+01 -1.20363e+00 1.47231e-01
7.44220e+01 -1.16695e+00 1.70114e-01
7.46704e+01 -1.12024e+00 2.09751e-01
7.49442e+01 -1.05229e+00 2.99452e-01
7.51593e+01 -9.71477e-01 4.84107e-01
7.52724e+01 -9.04782e-01 7.26068e-01
7.53613e+01 -8.23953e-01 1.14989e+00
7.54288e+01 -7.25190e-01 1.87273e+00
7.54822e+01 -5.95674e-01 3.14664e+00
7.55373e+01 -3.46575e-01 6.44628e+00
7.55620e+01 -1.52087e-01 9.54293e+00
7.55847e+01 1.11622e-01 1.39988e+01
7.56074e+01 4.94203e-01 1.98200e+01
7.56236e+01 8.45187e-01 2.30386e+01
7.56403e+01 1.23222e+00 2.24200e+01
7.56537e+01 1.50694e+00 1.82823e+01
7.56671e+01 1.71394e+00 1.26405e+01
7.56805e+01 1.84883e+00 7.62944e+00
7.56940e+01 1.92671e+00 4.20895e+00
7.57097e+01 1.97329e+00 1.95894e+00
7.57255e+01 1.99449e+00 8.69226e-01
7.57421e+01 2.00402e+00 3.50874e-01
7.57605e+01 2.00794e+00 1.12157e-01
7.57812e+01 2.00906e+00 1.30167e-02
7.58045e+01 2.00885e+00 -2.33477e-02
7.58310e+01 2.00805e+00 -3.49677e-02
7.58615e+01 2.00692e+00 -3.81419e-02
7.58971e+01 2.00555e+00 -3.88786e-02
7.59395e+01 2.00389e+00 -3.90493e-02
7.59914e+01 2.00186e+00 -3.91290e-02
7.60573e+01 1.99928e+00 -3.92140e-02
7.61455e+01 1.99582e+00 -3.93273e-02
7.62680e+01 1.99099e+00 -3.94861e-02
7.63600e+01 1.98735e+00 -3.96076e-02
7.64577e+01 1.98348e+00 -3.97372e-02
7.65629e+01 1.97929e+00 -3.98785e-02
7.66709e+01 1.97497e+00 -4.00252e-02
7.67828e+01 1.97049e+00 -4.01794e-02
7.68853e+01 1.96636e+00 -4.03217e-02
7.69896e+01 1.96215e+00 -4.04687e-02
7.71075e+01 1.95737e+00 -4.06365e-02
7.72061e+01 1.95336e+00 -4.07793e-02
7.73079e+01 1.94920e+00 -4.09277e-02
7.74150e+01 1.94481e+00 -4.10862e-02
7.75262e+01 1.94022e+00 -4.12527e-02
7.76420e+01 1.93544e+00 -4.14285e-02
7.77513e+01 1.93090e+00 -4.15965e-02
7.78639e+01 1.92621e+00 -4.17721e-02
7.79760e+01 1.92152e+00 -4.19491e-02
7.80911e+01 1.91668e+00 -4.21337e-02
7.82037e+01 1.91192e+00 -4.23165e-02
7.83197e+01 1.90700e+00 -4.25080e-02
7.84330e+01 1.90217e+00 -4.26974e-02
7.85517e+01 1.89710e+00 -4.28989e-02
7.86671e+01 1.89213e+00 -4.30978e-02
7.87897e+01 1.88684e+00 -4.33125e-02
7.89157e+01 1.88137e+00 -4.35365e-02
7.90431e+01 1.87581e+00 -4.37673e-02
7.91576e+01 1.87078e+00 -4.39778e-02
7.92774e+01 1.86550e+00 -4.42019e-02
7.94178e+01 1.85927e+00 -4.44685e-02
7.95291e+01 1.85431e+00 -4.46847e-02
7.96457e+01 1.84909e+00 -4.49141e-02
7.97649e+01 1.84372e+00 -4.51528e-02
7.98909e+01 1.83802e+00 -4.54093e-02
8.00185e+01 1.83220e+00 -4.56744e-02
8.01469e+01 1.82632e+00 -4.59461e-02
8.02770e+01 1.82033e+00 -4.62267e-02
8.04199e+01 1.81370e+00 -4.65413e-02
8.05629e+01 1.80702e+00 -4.68641e-02
8.06775e+01 1.80163e+00 -4.71271e-02
8.07963e+01 1.79602e+00 -4.74053e-02
8.09323e+01 1.78955e+00 -4.77301e-02
8.10683e+01 1.78304e+00 -4.80626e-02
8.12002e+01 1.77668e+00 -4.83921e-02
8.13339e+01 1.77018e+00 -4.87339e-02
8.14724e+01 1.76341e+00 -4.90963e-02
8.16109e+01 1.75658e+00 -4.94676e-02
8.17522e+01 1.74956e+00 -4.98557e-02
8.18935e+01 1.74249e+00 -5.02539e-02
8.20354e+01 1.73533e+00 -5.06644e-02
8.21773e+01 1.72812e+00 -5.10860e-02
8.23191e+01 1.72084e+00 -5.15191e-02
8.24610e+01 1.71349e+00 -5.19644e-02
8.26029e+01 1.70609e+00 -5.24223e-02
8.27448e+01 1.69862e+00 -5.28936e-02
8.28867e+01 1.69108e+00 -5.33788e-02
8.30288e+01 1.68346e+00 -5.38794e-02
8.31714e+01 1.67574e+00 -5.43971e-02
8.33144e+01 1.66792e+00 -5.49332e-02
8.34581e+01 1.65999e+00 -5.54891e-02
8.36023e+01 1.65194e+00 -5.60662e-02
8.37473e+01 1.64377e+00 -5.66661e-02
8.38930e+01 1.63547e+00 -5.72903e-02
8.40395e+01 1.62703e+00 -5.79408e-02
8.41868e+01 1.61844e+00 -5.86196e-02
8.43350e+01 1.60970e+00 -5.93290e-02
8.44841e+01 1.60080e+00 -6.00713e-02
8.46342e+01 1.59173e+00 -6.08495e-02
8.47852e+01 1.58248e+00 -6.16667e-02
8.49373e+01 1.57304e+00 -6.25263e-02
8.50905e+01 1.56339e+00 -6.34324e-02
8.52449e+01 1.55352e+00 -6.43895e-02
8.54005e+01 1.54342e+00 -6.54027e-02
8.55574e+01 1.53308e+00 -6.64780e-02
8.57157e+01 1.52247e+00 -6.76221e-02
8.58754e+01 1.51157e+00 -6.88430e-02
8.60366e+01 1.50037e+00 -7.01500e-02
8.61994e+01 1.48884e+00 -7.15539e-02
8.63639e+01 1.47694e+00 -7.30676e-02
8.65302e+01 1.46466e+00 -7.47066e-02
8.66984e+01 1.45194e+00 -7.64897e-02
8.68687e+01 1.43875e+00 -7.84397e-02
8.70411e+01 1.42504e+00 -8.05848e-02
8.72160e+01 1.41075e+00 -8.29606e-02
8.73934e+01 1.39580e+00 -8.56122e-02
8.75736e+01 1.38010e+00 -8.85983e-02
8.77569e+01 1.36356e+00 -9.19965e-02
8.79436e+01 1.34603e+00 -9.59122e-02
8.81340e+01 1.32734e+00 -1.00492e-01
8.83287e+01 1.30725e+00 -1.05950e-01
8.85284e+01 1.28546e+00 -1.12605e-01
8.87338e+01 1.26150e+00 -1.20966e-01
8.89460e+01 1.23471e+00 -1.31902e-01
8.91669e+01 1.20399e+00 -1.47032e-01
8.93991e+01 1.16740e+00 -1.69799e-01
8.96472e+01 1.12083e+00 -2.09155e-01
8.99207e+01 1.05325e+00 -2.97849e-01
9.01385e+01 9.71660e-01 -4.83566e-01
9.02516e+01 9.05139e-01 -7.24522e-01
9.03406e+01 8.24366e-01 -1.14734e+00
9.04082e+01 7.25708e-01 -1.86835e+00
9.04616e+01 5.96395e-01 -3.13860e+00
9.05168e+01 3.47675e-01 -6.42978e+00
9.05415e+01 1.53497e-01 -9.51951e+00
9.05642e+01 -1.09769e-01 -1.39677e+01
9.05869e+01 -4.91883e-01 -1.97902e+01
9.06032e+01 -8.43395e-01 -2.30299e+01
9.06199e+01 -1.23097e+00 -2.24311e+01
9.06333e+01 -1.50594e+00 -1.83040e+01
9.06466e+01 -1.71331e+00 -1.26615e+01
9.06601e+01 -1.84842e+00 -7.64610e+00
9.06736e+01 -1.92648e+00 -4.21980e+00
9.06893e+01 -1.97318e+00 -1.96428e+00
9.07051e+01 -1.99445e+00 -8.71677e-01
9.07217e+01 -2.00400e+00 -3.52041e-01
9.07401e+01 -2.00793e+00 -1.12667e-01
9.07608e+01 -2.00906e+00 -1.32141e-02
9.07841e+01 -2.00886e+00 2.32808e-02
9.08106e+01 -2.00805e+00 3.49481e-02
9.08410e+01 -2.00693e+00 3.81371e-02
9.08766e+01 -2.00555e+00 3.88776e-02
9.09190e+01 -2.00390e+00 3.90489e-02
9.09709e+01 -2.00187e+00 3.91287e-02
9.10367e+01 -1.99929e+00 3.92136e-02
9.11248e+01 -1.99583e+00 3.93269e-02
9.12474e+01 -1.99100e+00 3.94859e-02
9.13392e+01 -1.98737e+00 3.96070e-02
9.14366e+01 -1.98351e+00 3.97363e-02
9.15419e+01 -1.97931e+00 3.98778e-02
9.16500e+01 -1.97500e+00 4.00244e-02
9.17623e+01 -1.97050e+00 4.01791e-02
9.18648e+01 -1.96637e+00 4.03215e-02
9.19693e+01 -1.96215e+00 4.04688e-02
9.20875e+01 -1.95735e+00 4.06370e-02
9.21856e+01 -1.95336e+00 4.07791e-02
9.22871e+01 -1.94922e+00 4.09271e-02
9.23944e+01 -1.94482e+00 4.10858e-02
9.25052e+01 -1.94025e+00 4.12517e-02
9.26215e+01 -1.93545e+00 4.14283e-02
9.27312e+01 -1.93089e+00 4.15968e-02
9.28449e+01 -1.92615e+00 4.17743e-02
9.29568e+01 -1.92147e+00 4.19509e-02
9.30723e+01 -1.91661e+00 4.21363e-02
9.31849e+01 -1.91186e+00 4.23191e-02
9.33016e+01 -1.90691e+00 4.25118e-02
9.34141e+01 -1.90211e+00 4.26998e-02
9.35336e+01 -1.89700e+00 4.29027e-02
9.36556e+01 -1.89175e+00 4.31131e-02
9.37804e+01 -1.88636e+00 4.33320e-02
9.38942e+01 -1.88142e+00 4.35345e-02
9.40140e+01 -1.87619e+00 4.37513e-02
9.41548e+01 -1.87001e+00 4.40099e-02
9.42615e+01 -1.86530e+00 4.42104e-02
9.43746e+01 -1.86029e+00 4.44252e-02
9.44934e+01 -1.85500e+00 4.46546e-02
9.46305e+01 -1.84886e+00 4.49240e-02
9.47676e+01 -1.84268e+00 4.52000e-02
9.48744e+01 -1.83784e+00 4.54173e-02
9.49858e+01 -1.83277e+00 4.56487e-02
9.51209e+01 -1.82658e+00 4.59337e-02
9.52559e+01 -1.82036e+00 4.62253e-02
9.53755e+01 -1.81481e+00 4.64881e-02
9.54980e+01 -1.80911e+00 4.67625e-02
9.56360e+01 -1.80263e+00 4.70778e-02
9.57740e+01 -1.79611e+00 4.74007e-02
9.58934e+01 -1.79043e+00 4.76856e-02
9.60231e+01 -1.78423e+00 4.80014e-02
9.61567e+01 -1.77779e+00 4.83338e-02
9.62938e+01 -1.77115e+00 4.86828e-02
9.64311e+01 -1.76443e+00 4.90410e-02
9.65709e+01 -1.75755e+00 4.94143e-02
9.67107e+01 -1.75062e+00 4.97969e-02
9.68515e+01 -1.74358e+00 5.01924e-02
9.69924e+01 -1.73648e+00 5.05984e-02
9.71333e+01 -1.72932e+00 5.10151e-02
9.72742e+01 -1.72210e+00 5.14432e-02
9.74151e+01 -1.71482e+00 5.18831e-02
9.75560e+01 -1.70748e+00 5.23354e-02
9.76971e+01 -1.70006e+00 5.28015e-02
9.78385e+01 -1.69256e+00 5.32823e-02
9.79804e+01 -1.68497e+00 5.37792e-02
9.81228e+01 -1.67728e+00 5.42932e-02
9.82657e+01 -1.66948e+00 5.48255e-02
9.84092e+01 -1.66157e+00 5.53774e-02
9.85534e+01 -1.65355e+00 5.59502e-02
9.86982e+01 -1.64540e+00 5.65454e-02
9.88438e+01 -1.63712e+00 5.71646e-02
9.89901e+01 -1.62871e+00 5.78098e-02
9.91372e+01 -1.62016e+00 5.84828e-02
9.92852e+01 -1.61145e+00 5.91859e-02
9.94341e+01 -1.60258e+00 5.99215e-02
9.95840e+01 -1.59354e+00 6.06924e-02
9.97348e+01 -1.58433e+00 6.15015e-02
9.98867e+01 -1.57492e+00 6.23525e-02
1.00000e+02 -1.56782e+00 6.30124e-02
