1.00000e-06 1.00000e+00 -1.00000e-06
6.00000e-06 1.00000e+00 -6.00000e-06
3.10000e-05 1.00000e+00 -3.10000e-05
1.56000e-04 1.00000e+00 -1.56000e-04
7.81000e-04 1.00000e+00 -7.81000e-04
3.90600e-03 9.99992e-01 -3.90599e-03
1.95310e-02 9.99809e-01 -1.95298e-02
9.76560e-02 9.95235e-01 -9.75009e-02
4.88281e-01 8.83141e-01 -4.69108e-01
1.43734e+00 1.33058e-01 -9.91108e-01
2.47867e+00 -7.88196e-01 -6.15424e-01
3.56694e+00 -9.10894e-01 4.12640e-01
4.65522e+00 -5.71407e-02 9.98366e-01
5.74349e+00 8.57866e-01 5.13874e-01
6.83705e+00 8.50498e-01 -5.25978e-01
7.93061e+00 -7.65512e-02 -9.97066e-01
9.02417e+00 -9.20823e-01 -3.89982e-01
1.01177e+01 -7.69367e-01 6.38807e-01
1.12113e+01 2.14039e-01 9.76825e-01
1.23048e+01 9.65996e-01 2.58559e-01
1.33984e+01 6.73378e-01 -7.39299e-01
1.44920e+01 -3.47394e-01 -9.37720e-01
1.55855e+01 -9.92513e-01 -1.22142e-01
1.66791e+01 -5.64383e-01 8.25513e-01
1.77726e+01 4.74039e-01 8.80504e-01
1.88662e+01 9.99862e-01 -1.66337e-02
1.99597e+01 4.44489e-01 -8.95785e-01
2.10533e+01 -5.91530e-01 -8.06284e-01
2.21469e+01 -9.87901e-01 1.55088e-01
2.32404e+01 -3.16011e-01 9.48756e-01
2.43340e+01 6.97596e-01 7.16492e-01
2.54275e+01 9.56861e-01 -2.90547e-01
2.65211e+01 1.81429e-01 -9.83405e-01
2.76147e+01 -7.90191e-01 -6.12862e-01
2.87082e+01 -9.07342e-01 4.20396e-01
2.98018e+01 -4.33437e-02 9.99061e-01
3.08953e+01 8.67524e-01 4.97397e-01
3.19889e+01 8.40299e-01 -5.42125e-01
3.30824e+01 -9.55789e-02 -9.95423e-01
3.41760e+01 -9.28103e-01 -3.72326e-01
3.52696e+01 -7.57028e-01 6.53384e-01
3.63631e+01 2.32656e-01 9.72560e-01
3.74567e+01 9.70758e-01 2.40063e-01
3.85502e+01 6.59136e-01 -7.52025e-01
3.96438e+01 -3.65239e-01 -9.30915e-01
4.07374e+01 -9.94665e-01 -1.03165e-01
4.18309e+01 -5.48515e-01 8.36142e-01
4.29247e+01 4.90994e-01 8.71164e-01
4.40186e+01 9.99344e-01 -3.62426e-02
4.51124e+01 4.26599e-01 -9.04442e-01
4.62062e+01 -6.07642e-01 -7.94212e-01
4.73000e+01 -9.84534e-01 1.75200e-01
4.83938e+01 -2.96353e-01 9.55080e-01
4.94876e+01 7.12425e-01 7.01751e-01
5.05815e+01 9.50498e-01 -3.10736e-01
5.16753e+01 1.60318e-01 -9.87067e-01
5.27691e+01 -8.03294e-01 -5.95585e-01
5.38629e+01 -8.97900e-01 4.40203e-01
5.49567e+01 -2.11534e-02 9.99778e-01
5.60505e+01 8.78477e-01 4.77788e-01
5.71444e+01 8.27767e-01 -5.61075e-01
5.82382e+01 -1.18425e-01 -9.92965e-01
5.93320e+01 -9.36504e-01 -3.50661e-01
6.04258e+01 -7.41469e-01 6.70989e-01
6.15196e+01 2.55690e-01 9.66760e-01
6.26134e+01 9.76243e-01 2.16686e-01
6.37073e+01 6.40692e-01 -7.67800e-01
6.48011e+01 -3.87962e-01 -9.21677e-01
6.58949e+01 -9.96917e-01 -7.84798e-02
6.69887e+01 -5.27403e-01 8.49617e-01
6.80855e+01 5.15186e-01 8.57081e-01
6.91822e+01 9.97745e-01 -6.71393e-02
7.02790e+01 3.95713e-01 -9.18376e-01
7.13758e+01 -6.36476e-01 -7.71299e-01
7.24725e+01 -9.76789e-01 2.14213e-01
7.35693e+01 -2.55290e-01 9.66866e-01
7.46660e+01 7.43720e-01 6.68494e-01
7.57628e+01 9.34275e-01 -3.56560e-01
7.68596e+01 1.09233e-01 -9.94018e-01
7.79563e+01 -8.34550e-01 -5.50936e-01
7.90531e+01 -8.71141e-01 4.91037e-01
8.01499e+01 3.92350e-02 9.99232e-01
8.12466e+01 9.06961e-01 4.21219e-01
8.23434e+01 7.88782e-01 -6.14677e-01
8.34402e+01 -1.86837e-01 -9.82393e-01
8.45369e+01 -9.59356e-01 -2.82206e-01
8.56337e+01 -6.89014e-01 7.24751e-01
8.67304e+01 3.30316e-01 9.43873e-01
8.78272e+01 9.90578e-01 1.36964e-01
8.89240e+01 5.74040e-01 -8.18830e-01
9.00207e+01 -4.66505e-01 -8.84521e-01
9.11175e+01 -9.99938e-01 1.13000e-02
9.22143e+01 -4.46397e-01 8.94838e-01
9.33110e+01 5.92398e-01 8.05649e-01
9.44078e+01 9.87230e-01 -1.59315e-01
9.55045e+01 3.08901e-01 -9.51097e-01
9.66013e+01 -7.05217e-01 -7.08995e-01
9.76981e+01 -9.52734e-01 3.03814e-01
9.87948e+01 -1.64589e-01 9.86365e-01
9.98916e+01 8.02471e-01 5.96695e-01
1.00000e+02 8.62318e-01 5.06372e-01
