1.00000e-06 1.00000e+00 -1.00000e-06
6.00000e-06 1.00000e+00 -6.00000e-06
3.10000e-05 1.00000e+00 -3.10000e-05
1.56000e-04 1.00000e+00 -1.56000e-04
7.81000e-04 1.00000e+00 -7.81000e-04
3.90600e-03 9.99992e-01 -3.90599e-03
1.95310e-02 9.99809e-01 -1.95300e-02
9.76560e-02 9.95233e-01 -9.76370e-02
4.05050e-01 9.15791e-01 -4.35197e-01
6.06613e-01 7.95133e-01 -8.02124e-01
7.64774e-01 6.26398e-01 -1.41435e+00
8.93038e-01 3.81330e-01 -2.57028e+00
9.70263e-01 1.33742e-01 -3.97027e+00
1.03910e+00 -2.04212e-01 -5.97455e+00
1.10793e+00 -6.96816e-01 -8.24043e+00
1.15521e+00 -1.10256e+00 -8.62849e+00
1.20285e+00 -1.48269e+00 -7.00900e+00
1.25049e+00 -1.75269e+00 -4.30221e+00
1.29377e+00 -1.89222e+00 -2.27821e+00
1.33706e+00 -1.96182e+00 -1.06133e+00
1.38794e+00 -1.99570e+00 -3.67742e-01
1.43882e+00 -2.00601e+00 -8.01864e-02
1.49432e+00 -2.00654e+00 4.09095e-02
1.55763e+00 -2.00216e+00 8.85437e-02
1.63020e+00 -1.99501e+00 1.05125e-01
1.71409e+00 -1.98592e+00 1.10530e-01
1.81253e+00 -1.97492e+00 1.12643e-01
1.93052e+00 -1.96154e+00 1.14127e-01
2.07656e+00 -1.94475e+00 1.15809e-01
2.28020e+00 -1.92092e+00 1.18251e-01
2.48384e+00 -1.89658e+00 1.20863e-01
2.68747e+00 -1.87169e+00 1.23668e-01
2.89111e+00 -1.84620e+00 1.26691e-01
3.09635e+00 -1.81986e+00 1.29988e-01
3.30511e+00 -1.79235e+00 1.33639e-01
3.51763e+00 -1.76352e+00 1.37711e-01
3.73426e+00 -1.73320e+00 1.42293e-01
3.95541e+00 -1.70117e+00 1.47505e-01
4.18158e+00 -1.66714e+00 1.53508e-01
4.41338e+00 -1.63077e+00 1.60528e-01
4.65155e+00 -1.59156e+00 1.68894e-01
4.89709e+00 -1.54888e+00 1.79100e-01
5.15129e+00 -1.50178e+00 1.91937e-01
5.41595e+00 -1.44884e+00 2.08761e-01
5.69373e+00 -1.38778e+00 2.32121e-01
5.98885e+00 -1.31440e+00 2.67503e-01
6.30890e+00 -1.21979e+00 3.29415e-01
6.66890e+00 -1.07922e+00 4.72298e-01
6.93470e+00 -9.24192e-01 7.35034e-01
7.10669e+00 -7.67160e-01 1.14792e+00
7.25532e+00 -5.42106e-01 2.01272e+00
7.34857e+00 -3.04609e-01 3.21595e+00
7.42090e+00 -1.60996e-02 4.90282e+00
7.49489e+00 4.37378e-01 7.44192e+00
7.54489e+00 8.48440e-01 8.82228e+00
7.59661e+00 1.30244e+00 8.29328e+00
7.63768e+00 1.60372e+00 6.21045e+00
7.67875e+00 1.80815e+00 3.79283e+00
7.72011e+00 1.92467e+00 1.97832e+00
7.76376e+00 1.98445e+00 8.80997e-01
7.81169e+00 2.01106e+00 3.07679e-01
7.86130e+00 2.01921e+00 5.79855e-02
7.91691e+00 2.01894e+00 -4.94399e-02
7.98037e+00 2.01424e+00 -9.09015e-02
8.05312e+00 2.00701e+00 -1.05088e-01
8.13734e+00 1.99792e+00 -1.09695e-01
8.23637e+00 1.98695e+00 -1.11571e-01
8.35542e+00 1.97359e+00 -1.12980e-01
8.50353e+00 1.95673e+00 -1.14624e-01
8.72140e+00 1.93149e+00 -1.17155e-01
8.93926e+00 1.90567e+00 -1.19873e-01
9.15713e+00 1.87924e+00 -1.22802e-01
9.37500e+00 1.85214e+00 -1.25971e-01
9.59287e+00 1.82433e+00 -1.29416e-01
9.81073e+00 1.79573e+00 -1.33179e-01
1.00286e+01 1.76627e+00 -1.37311e-01
1.02465e+01 1.73587e+00 -1.41878e-01
1.04672e+01 1.70400e+00 -1.47029e-01
1.06929e+01 1.67015e+00 -1.52956e-01
1.09242e+01 1.63399e+00 -1.59878e-01
1.11618e+01 1.59506e+00 -1.68112e-01
1.14066e+01 1.55270e+00 -1.78134e-01
1.16600e+01 1.50602e+00 -1.90703e-01
1.19237e+01 1.45367e+00 -2.07109e-01
1.22002e+01 1.39342e+00 -2.29754e-01
1.24936e+01 1.32135e+00 -2.63742e-01
1.28111e+01 1.22917e+00 -3.22273e-01
1.31669e+01 1.09447e+00 -4.53037e-01
1.34537e+01 9.32891e-01 -7.16711e-01
1.36275e+01 7.78595e-01 -1.11247e+00
1.37760e+01 5.62224e-01 -1.92318e+00
1.38732e+01 3.24409e-01 -3.10694e+00
1.39464e+01 4.20972e-02 -4.74682e+00
1.40218e+01 -4.07560e-01 -7.29667e+00
1.40727e+01 -8.21081e-01 -8.77512e+00
1.41254e+01 -1.28447e+00 -8.36862e+00
1.41662e+01 -1.58873e+00 -6.35354e+00
1.42071e+01 -1.79803e+00 -3.93415e+00
1.42489e+01 -1.92045e+00 -2.05059e+00
1.42920e+01 -1.98204e+00 -9.28708e-01
1.43402e+01 -2.01028e+00 -3.26748e-01
1.43896e+01 -2.01904e+00 -6.64320e-02
1.44448e+01 -2.01909e+00 4.59929e-02
1.45078e+01 -2.01456e+00 8.96617e-02
1.45801e+01 -2.00742e+00 1.04686e-01
1.46636e+01 -1.99843e+00 1.09557e-01
1.47618e+01 -1.98757e+00 1.11496e-01
1.48797e+01 -1.97434e+00 1.12905e-01
1.50259e+01 -1.95771e+00 1.14528e-01
1.52342e+01 -1.93361e+00 1.16938e-01
1.54425e+01 -1.90899e+00 1.19516e-01
1.56508e+01 -1.88381e+00 1.22284e-01
1.58591e+01 -1.85803e+00 1.25268e-01
1.60674e+01 -1.83161e+00 1.28495e-01
1.62756e+01 -1.80448e+00 1.32002e-01
1.64865e+01 -1.77625e+00 1.35880e-01
1.67012e+01 -1.74661e+00 1.40227e-01
1.69204e+01 -1.71535e+00 1.45148e-01
1.71443e+01 -1.68223e+00 1.50783e-01
1.73736e+01 -1.64693e+00 1.57328e-01
1.76088e+01 -1.60902e+00 1.65058e-01
1.78510e+01 -1.56795e+00 1.74387e-01
1.81013e+01 -1.52291e+00 1.85953e-01
1.83611e+01 -1.47274e+00 2.00819e-01
1.86328e+01 -1.41558e+00 2.20895e-01
1.89197e+01 -1.34828e+00 2.50030e-01
1.92276e+01 -1.26457e+00 2.97423e-01
1.95677e+01 -1.14921e+00 3.92003e-01
1.99539e+01 -9.54194e-01 6.73759e-01
2.01214e+01 -8.17650e-01 9.97829e-01
2.02733e+01 -6.22471e-01 1.66869e+00
2.03861e+01 -3.77805e-01 2.81979e+00
2.04616e+01 -1.13584e-01 4.31944e+00
2.05288e+01 2.43587e-01 6.42706e+00
2.05960e+01 7.54846e-01 8.63060e+00
2.06434e+01 1.17374e+00 8.72449e+00
2.06848e+01 1.50556e+00 7.06841e+00
2.07263e+01 1.74792e+00 4.59953e+00
2.07681e+01 1.89372e+00 2.49593e+00
2.08099e+01 1.96828e+00 1.19402e+00
2.08620e+01 2.00695e+00 4.05821e-01
2.09140e+01 2.01854e+00 8.87826e-02
2.09683e+01 2.01940e+00 -3.66678e-02
2.10303e+01 2.01530e+00 -8.62712e-02
2.11012e+01 2.00844e+00 -1.03578e-01
2.11832e+01 1.99967e+00 -1.09185e-01
2.12793e+01 1.98907e+00 -1.11304e-01
2.13943e+01 1.97619e+00 -1.12723e-01
2.15362e+01 1.96008e+00 -1.14296e-01
2.17289e+01 1.93784e+00 -1.16508e-01
2.19268e+01 1.91454e+00 -1.18923e-01
2.21247e+01 1.89076e+00 -1.21506e-01
2.23244e+01 1.86622e+00 -1.24303e-01
2.25271e+01 1.84071e+00 -1.27363e-01
2.27331e+01 1.81413e+00 -1.30731e-01
2.29426e+01 1.78636e+00 -1.34464e-01
2.31560e+01 1.75723e+00 -1.38636e-01
2.33736e+01 1.72657e+00 -1.43340e-01
2.35957e+01 1.69413e+00 -1.48705e-01
2.38230e+01 1.65964e+00 -1.54902e-01
2.40561e+01 1.62271e+00 -1.62176e-01
2.42958e+01 1.58283e+00 -1.70883e-01
2.45430e+01 1.53930e+00 -1.81567e-01
2.47993e+01 1.49110e+00 -1.95109e-01
2.50664e+01 1.43668e+00 -2.13045e-01
2.53475e+01 1.37345e+00 -2.38336e-01
2.56471e+01 1.29658e+00 -2.77585e-01
2.59740e+01 1.19528e+00 -3.49317e-01
2.63448e+01 1.03769e+00 -5.30219e-01
2.65686e+01 8.92586e-01 -8.05506e-01
2.67328e+01 7.26876e-01 -1.27956e+00
2.68914e+01 4.45478e-01 -2.47214e+00
2.69698e+01 2.05416e-01 -3.77921e+00
2.70386e+01 -1.15673e-01 -5.68915e+00
2.71076e+01 -5.92673e-01 -8.11441e+00
2.71544e+01 -9.96757e-01 -8.93771e+00
2.72024e+01 -1.40666e+00 -7.75309e+00
2.72516e+01 -1.72133e+00 -4.92970e+00
2.72926e+01 -1.87693e+00 -2.76540e+00
2.73337e+01 -1.95908e+00 -1.36579e+00
2.73820e+01 -2.00192e+00 -5.18718e-01
2.74303e+01 -2.01681e+00 -1.50167e-01
2.74828e+01 -2.01980e+00 1.08720e-02
2.75424e+01 -2.01684e+00 7.66234e-02
2.76106e+01 -2.01064e+00 1.00369e-01
2.76891e+01 -2.00239e+00 1.08136e-01
2.77807e+01 -1.99234e+00 1.10830e-01
2.78896e+01 -1.98019e+00 1.12318e-01
2.80225e+01 -1.96516e+00 1.13801e-01
2.81944e+01 -1.94544e+00 1.15742e-01
2.83983e+01 -1.92159e+00 1.18181e-01
2.86022e+01 -1.89723e+00 1.20791e-01
2.88061e+01 -1.87232e+00 1.23595e-01
2.90100e+01 -1.84681e+00 1.26616e-01
2.92151e+01 -1.82051e+00 1.29906e-01
2.94238e+01 -1.79302e+00 1.33547e-01
2.96363e+01 -1.76423e+00 1.37608e-01
2.98528e+01 -1.73395e+00 1.42177e-01
3.00738e+01 -1.70196e+00 1.47372e-01
3.02999e+01 -1.66798e+00 1.53354e-01
3.05315e+01 -1.63167e+00 1.60347e-01
3.07695e+01 -1.59254e+00 1.68675e-01
3.10149e+01 -1.54995e+00 1.78829e-01
3.12689e+01 -1.50296e+00 1.91591e-01
3.15332e+01 -1.45019e+00 2.08296e-01
3.18107e+01 -1.38936e+00 2.31454e-01
3.21053e+01 -1.31635e+00 2.66439e-01
3.24246e+01 -1.22243e+00 3.27379e-01
3.27834e+01 -1.08355e+00 4.66725e-01
3.30547e+01 -9.26911e-01 7.29258e-01
3.32274e+01 -7.70677e-01 1.13692e+00
3.33759e+01 -5.48458e-01 1.98421e+00
3.34703e+01 -3.10930e-01 3.18101e+00
3.35429e+01 -2.43957e-02 4.85303e+00
3.36174e+01 4.27838e-01 7.39595e+00
3.36676e+01 8.39642e-01 8.80794e+00
3.37197e+01 1.29659e+00 8.31833e+00
3.37606e+01 1.59883e+00 6.25766e+00
3.38016e+01 1.80483e+00 3.83937e+00
3.38431e+01 1.92325e+00 2.00268e+00
3.38866e+01 1.98364e+00 8.97137e-01
3.39346e+01 2.01080e+00 3.14204e-01
3.39841e+01 2.01915e+00 6.08754e-02
3.40396e+01 2.01900e+00 -4.82629e-02
3.41029e+01 2.01435e+00 -9.04790e-02
3.41755e+01 2.00715e+00 -1.04951e-01
3.42595e+01 1.99810e+00 -1.09648e-01
3.43582e+01 1.98717e+00 -1.11545e-01
3.44768e+01 1.97385e+00 -1.12954e-01
3.46243e+01 1.95707e+00 -1.14590e-01
3.48385e+01 1.93227e+00 -1.17075e-01
3.50526e+01 1.90691e+00 -1.19739e-01
3.52668e+01 1.88097e+00 -1.22606e-01
3.54810e+01 1.85438e+00 -1.25703e-01
3.56951e+01 1.82710e+00 -1.29063e-01
3.59093e+01 1.79908e+00 -1.32726e-01
3.61235e+01 1.77023e+00 -1.36740e-01
3.63390e+01 1.74028e+00 -1.41195e-01
3.65591e+01 1.70866e+00 -1.46251e-01
3.67841e+01 1.67511e+00 -1.52056e-01
3.70146e+01 1.63931e+00 -1.58819e-01
3.72512e+01 1.60080e+00 -1.66841e-01
3.74949e+01 1.55898e+00 -1.76570e-01
3.77470e+01 1.51299e+00 -1.88713e-01
3.80091e+01 1.46156e+00 -2.04460e-01
3.82836e+01 1.40262e+00 -2.25995e-01
3.85742e+01 1.33260e+00 -2.57855e-01
3.88876e+01 1.24412e+00 -3.11381e-01
3.92367e+01 1.11812e+00 -4.25174e-01
3.95488e+01 9.52792e-01 -6.76503e-01
3.97288e+01 8.02775e-01 -1.04032e+00
3.98786e+01 6.01173e-01 -1.75625e+00
3.99851e+01 3.60292e-01 -2.91281e+00
4.00599e+01 8.96602e-02 -4.46205e+00
4.01270e+01 -2.78785e-01 -6.62240e+00
4.01854e+01 -7.25556e-01 -8.55368e+00
4.02322e+01 -1.13853e+00 -8.80028e+00
4.02789e+01 -1.51489e+00 -6.99470e+00
4.03257e+01 -1.77699e+00 -4.22048e+00
4.03724e+01 -1.91983e+00 -2.06119e+00
4.04191e+01 -1.98505e+00 -8.69098e-01
4.04675e+01 -2.01141e+00 -2.99031e-01
4.05172e+01 -2.01928e+00 -5.41287e-02
4.05730e+01 -2.01887e+00 5.10065e-02
4.06367e+01 -2.01409e+00 9.14623e-02
4.07097e+01 -2.00681e+00 1.05270e-01
4.07942e+01 -1.99768e+00 1.09758e-01
4.08937e+01 -1.98666e+00 1.11606e-01
4.10133e+01 -1.97323e+00 1.13015e-01
4.11623e+01 -1.95626e+00 1.14670e-01
4.13569e+01 -1.93373e+00 1.16926e-01
4.15534e+01 -1.91053e+00 1.19351e-01
4.17507e+01 -1.88672e+00 1.21957e-01
4.19509e+01 -1.86202e+00 1.24795e-01
4.21541e+01 -1.83635e+00 1.27903e-01
4.23607e+01 -1.80958e+00 1.31328e-01
4.25708e+01 -1.78159e+00 1.35129e-01
4.27849e+01 -1.75222e+00 1.39382e-01
4.30032e+01 -1.72127e+00 1.44187e-01
4.32262e+01 -1.68852e+00 1.49677e-01
4.34544e+01 -1.65365e+00 1.56035e-01
4.36885e+01 -1.61627e+00 1.63520e-01
4.39293e+01 -1.57583e+00 1.72512e-01
4.41780e+01 -1.53160e+00 1.83600e-01
4.44359e+01 -1.48249e+00 1.97745e-01
4.47052e+01 -1.42682e+00 2.16646e-01
4.49889e+01 -1.36173e+00 2.43650e-01
4.52923e+01 -1.28180e+00 2.86454e-01
4.56252e+01 -1.17437e+00 3.67794e-01
4.60041e+01 -1.00050e+00 5.89443e-01
4.61992e+01 -8.60743e-01 8.82833e-01
4.63568e+01 -6.84644e-01 1.42876e+00
4.65013e+01 -4.01396e-01 2.69640e+00
4.65765e+01 -1.50880e-01 4.09843e+00
4.66441e+01 1.90565e-01 6.12582e+00
4.67118e+01 6.86257e-01 8.43868e+00
4.67581e+01 1.09415e+00 8.87149e+00
4.68049e+01 1.47964e+00 7.26479e+00
4.68517e+01 1.75578e+00 4.49894e+00
4.68943e+01 1.89978e+00 2.39684e+00
4.69369e+01 1.97202e+00 1.12310e+00
4.69875e+01 2.00765e+00 3.89647e-01
4.70380e+01 2.01857e+00 8.77676e-02
4.70924e+01 2.01938e+00 -3.71439e-02
4.71544e+01 2.01527e+00 -8.64447e-02
4.72255e+01 2.00839e+00 -1.03635e-01
4.73075e+01 1.99962e+00 -1.09203e-01
4.74037e+01 1.98900e+00 -1.11314e-01
4.75188e+01 1.97610e+00 -1.12732e-01
4.76609e+01 1.95997e+00 -1.14307e-01
4.78542e+01 1.93765e+00 -1.16526e-01
4.80520e+01 1.91437e+00 -1.18942e-01
4.82499e+01 1.89059e+00 -1.21526e-01
4.84496e+01 1.86604e+00 -1.24324e-01
4.86523e+01 1.84053e+00 -1.27386e-01
4.88584e+01 1.81394e+00 -1.30756e-01
4.90679e+01 1.78615e+00 -1.34492e-01
4.92813e+01 1.75702e+00 -1.38667e-01
4.94989e+01 1.72634e+00 -1.43376e-01
4.97211e+01 1.69390e+00 -1.48746e-01
4.99484e+01 1.65939e+00 -1.54950e-01
5.01816e+01 1.62244e+00 -1.62233e-01
5.04213e+01 1.58253e+00 -1.70951e-01
5.06686e+01 1.53897e+00 -1.81652e-01
5.09249e+01 1.49074e+00 -1.95219e-01
5.11921e+01 1.43626e+00 -2.13195e-01
5.14733e+01 1.37296e+00 -2.38555e-01
5.17730e+01 1.29596e+00 -2.77946e-01
5.21002e+01 1.19442e+00 -3.50051e-01
5.24713e+01 1.03619e+00 -5.32476e-01
5.26939e+01 8.91324e-01 -8.08450e-01
5.28578e+01 7.25259e-01 -1.28506e+00
5.30177e+01 4.39343e-01 -2.50283e+00
5.30953e+01 1.98818e-01 -3.81753e+00
5.31639e+01 -1.24619e-01 -5.74186e+00
5.32327e+01 -6.03488e-01 -8.15530e+00
5.32793e+01 -1.00771e+00 -8.93619e+00
5.33272e+01 -1.41471e+00 -7.70379e+00
5.33753e+01 -1.72125e+00 -4.93073e+00
5.34164e+01 -1.87682e+00 -2.76718e+00
5.34574e+01 -1.95899e+00 -1.36740e+00
5.35057e+01 -2.00189e+00 -5.19477e-01
5.35540e+01 -2.01680e+00 -1.50500e-01
5.36065e+01 -2.01980e+00 1.07296e-02
5.36661e+01 -2.01685e+00 7.65692e-02
5.37343e+01 -2.01065e+00 1.00351e-01
5.38128e+01 -2.00241e+00 1.08131e-01
5.39043e+01 -1.99236e+00 1.10828e-01
5.40132e+01 -1.98021e+00 1.12316e-01
5.41461e+01 -1.96518e+00 1.13799e-01
5.43178e+01 -1.94547e+00 1.15739e-01
5.45218e+01 -1.92162e+00 1.18178e-01
5.47257e+01 -1.89726e+00 1.20789e-01
5.49297e+01 -1.87234e+00 1.23592e-01
5.51337e+01 -1.84683e+00 1.26614e-01
5.53388e+01 -1.82052e+00 1.29904e-01
5.55475e+01 -1.79304e+00 1.33545e-01
5.57599e+01 -1.76425e+00 1.37606e-01
5.59764e+01 -1.73396e+00 1.42174e-01
5.61975e+01 -1.70198e+00 1.47369e-01
5.64235e+01 -1.66800e+00 1.53350e-01
5.66551e+01 -1.63169e+00 1.60343e-01
5.68932e+01 -1.59256e+00 1.68670e-01
5.71385e+01 -1.54997e+00 1.78823e-01
5.73925e+01 -1.50299e+00 1.91583e-01
5.76568e+01 -1.45022e+00 2.08287e-01
5.79343e+01 -1.38939e+00 2.31440e-01
5.82289e+01 -1.31639e+00 2.66416e-01
5.85482e+01 -1.22249e+00 3.27336e-01
5.89070e+01 -1.08364e+00 4.66608e-01
5.91784e+01 -9.26967e-01 7.29140e-01
5.93510e+01 -7.70750e-01 1.13670e+00
5.94996e+01 -5.48587e-01 1.98364e+00
5.95940e+01 -3.11058e-01 3.18030e+00
5.96667e+01 -2.45633e-02 4.85202e+00
5.97411e+01 4.27645e-01 7.39501e+00
5.97914e+01 8.39465e-01 8.80765e+00
5.98434e+01 1.29648e+00 8.31883e+00
5.98844e+01 1.59873e+00 6.25860e+00
5.99254e+01 1.80477e+00 3.84029e+00
5.99669e+01 1.92322e+00 2.00316e+00
6.00103e+01 1.98363e+00 8.97454e-01
6.00583e+01 2.01079e+00 3.14332e-01
6.01079e+01 2.01915e+00 6.09319e-02
6.01633e+01 2.01900e+00 -4.82399e-02
6.02266e+01 2.01435e+00 -9.04707e-02
6.02992e+01 2.00715e+00 -1.04948e-01
6.03832e+01 1.99810e+00 -1.09647e-01
6.04819e+01 1.98717e+00 -1.11545e-01
6.06005e+01 1.97385e+00 -1.12953e-01
6.07480e+01 1.95708e+00 -1.14590e-01
6.09621e+01 1.93228e+00 -1.17074e-01
6.11762e+01 1.90694e+00 -1.19736e-01
6.13903e+01 1.88100e+00 -1.22602e-01
6.16044e+01 1.85442e+00 -1.25698e-01
6.18185e+01 1.82715e+00 -1.29057e-01
6.20326e+01 1.79914e+00 -1.32718e-01
6.22467e+01 1.77030e+00 -1.36730e-01
6.24623e+01 1.74035e+00 -1.41183e-01
6.26823e+01 1.70874e+00 -1.46237e-01
6.29073e+01 1.67520e+00 -1.52040e-01
6.31377e+01 1.63940e+00 -1.58801e-01
6.33744e+01 1.60090e+00 -1.66819e-01
6.36181e+01 1.55909e+00 -1.76544e-01
6.38701e+01 1.51311e+00 -1.88680e-01
6.41322e+01 1.46169e+00 -2.04415e-01
6.44066e+01 1.40278e+00 -2.25932e-01
6.46973e+01 1.33279e+00 -2.57757e-01
6.50106e+01 1.24437e+00 -3.11203e-01
6.53595e+01 1.11852e+00 -4.24733e-01
6.56720e+01 9.53167e-01 -6.75767e-01
6.58521e+01 8.03218e-01 -1.03903e+00
6.60019e+01 6.01854e-01 -1.75341e+00
6.61086e+01 3.60879e-01 -2.90967e+00
6.61834e+01 9.04507e-02 -4.45733e+00
6.62506e+01 -2.77605e-01 -6.61592e+00
6.63091e+01 -7.24680e-01 -8.55126e+00
6.63558e+01 -1.13757e+00 -8.80210e+00
6.64026e+01 -1.51409e+00 -7.00113e+00
6.64493e+01 -1.77648e+00 -4.22735e+00
6.64960e+01 -1.91956e+00 -2.06569e+00
6.65427e+01 -1.98494e+00 -8.71431e-01
6.65911e+01 -2.01137e+00 -2.99918e-01
6.66409e+01 -2.01927e+00 -5.45210e-02
6.66966e+01 -2.01888e+00 5.08473e-02
6.67603e+01 -2.01411e+00 9.14054e-02
6.68333e+01 -2.00683e+00 1.05251e-01
6.69178e+01 -1.99771e+00 1.09751e-01
6.70172e+01 -1.98669e+00 1.11603e-01
6.71367e+01 -1.97326e+00 1.13012e-01
6.72856e+01 -1.95631e+00 1.14665e-01
6.74804e+01 -1.93376e+00 1.16922e-01
6.76768e+01 -1.91056e+00 1.19348e-01
6.78741e+01 -1.88676e+00 1.21953e-01
6.80743e+01 -1.86206e+00 1.24791e-01
6.82776e+01 -1.83639e+00 1.27898e-01
6.84841e+01 -1.80962e+00 1.31322e-01
6.86943e+01 -1.78163e+00 1.35123e-01
6.89083e+01 -1.75226e+00 1.39375e-01
6.91266e+01 -1.72132e+00 1.44179e-01
6.93496e+01 -1.68857e+00 1.49668e-01
6.95778e+01 -1.65371e+00 1.56025e-01
6.98119e+01 -1.61633e+00 1.63507e-01
7.00527e+01 -1.57590e+00 1.72497e-01
7.03014e+01 -1.53167e+00 1.83581e-01
7.05593e+01 -1.48257e+00 1.97720e-01
7.08285e+01 -1.42691e+00 2.16613e-01
7.11122e+01 -1.36184e+00 2.43600e-01
7.14156e+01 -1.28194e+00 2.86370e-01
7.17484e+01 -1.17457e+00 3.67613e-01
7.21273e+01 -1.00086e+00 5.88840e-01
7.23226e+01 -8.61052e-01 8.82052e-01
7.24802e+01 -6.85083e-01 1.42715e+00
7.26249e+01 -4.01793e-01 2.69434e+00
7.27001e+01 -1.51407e-01 4.09532e+00
7.27678e+01 1.89827e-01 6.12158e+00
7.28354e+01 6.85310e-01 8.43574e+00
7.28817e+01 1.09312e+00 8.87283e+00
7.29286e+01 1.47885e+00 7.27058e+00
7.29754e+01 1.75532e+00 4.50482e+00
7.30180e+01 1.89966e+00 2.39875e+00
7.30607e+01 1.97202e+00 1.12300e+00
7.31113e+01 2.00765e+00 3.89427e-01
7.31618e+01 2.01857e+00 8.76082e-02
7.32162e+01 2.01938e+00 -3.72094e-02
7.32782e+01 2.01526e+00 -8.64687e-02
7.33493e+01 2.00839e+00 -1.03643e-01
7.34313e+01 1.99961e+00 -1.09206e-01
7.35275e+01 1.98899e+00 -1.11315e-01
7.36426e+01 1.97609e+00 -1.12733e-01
7.37848e+01 1.95995e+00 -1.14309e-01
7.39782e+01 1.93763e+00 -1.16529e-01
7.41760e+01 1.91434e+00 -1.18945e-01
7.43738e+01 1.89056e+00 -1.21528e-01
7.45735e+01 1.86602e+00 -1.24327e-01
7.47763e+01 1.84050e+00 -1.27389e-01
7.49823e+01 1.81391e+00 -1.30760e-01
7.51919e+01 1.78612e+00 -1.34496e-01
7.54053e+01 1.75699e+00 -1.38672e-01
7.56228e+01 1.72631e+00 -1.43381e-01
7.58451e+01 1.69386e+00 -1.48752e-01
7.60724e+01 1.65935e+00 -1.54957e-01
7.63055e+01 1.62240e+00 -1.62240e-01
7.65452e+01 1.58249e+00 -1.70961e-01
7.67926e+01 1.53893e+00 -1.81664e-01
7.70489e+01 1.49069e+00 -1.95234e-01
7.73162e+01 1.43621e+00 -2.13216e-01
7.75973e+01 1.37289e+00 -2.38586e-01
7.78971e+01 1.29588e+00 -2.77997e-01
7.82243e+01 1.19430e+00 -3.50154e-01
7.85955e+01 1.03598e+00 -5.32793e-01
7.88179e+01 8.91146e-01 -8.08864e-01
7.89817e+01 7.25032e-01 -1.28583e+00
7.91418e+01 4.38446e-01 -2.50734e+00
7.92193e+01 1.97849e-01 -3.82317e+00
7.92879e+01 -1.25935e-01 -5.74961e+00
7.93567e+01 -6.05083e-01 -8.16125e+00
7.94033e+01 -1.00932e+00 -8.93584e+00
7.94511e+01 -1.41591e+00 -7.69639e+00
7.94991e+01 -1.72132e+00 -4.92990e+00
7.95401e+01 -1.87685e+00 -2.76664e+00
7.95811e+01 -1.95901e+00 -1.36713e+00
7.96294e+01 -2.00189e+00 -5.19347e-01
7.96778e+01 -2.01680e+00 -1.50443e-01
7.97302e+01 -2.01980e+00 1.07539e-02
7.97899e+01 -2.01684e+00 7.65785e-02
7.98580e+01 -2.01065e+00 1.00354e-01
7.99365e+01 -2.00240e+00 1.08132e-01
8.00281e+01 -1.99236e+00 1.10828e-01
8.01370e+01 -1.98021e+00 1.12316e-01
8.02699e+01 -1.96518e+00 1.13799e-01
8.04416e+01 -1.94547e+00 1.15739e-01
8.06456e+01 -1.92162e+00 1.18178e-01
8.08495e+01 -1.89725e+00 1.20789e-01
8.10535e+01 -1.87233e+00 1.23593e-01
8.12574e+01 -1.84682e+00 1.26615e-01
8.14626e+01 -1.82052e+00 1.29904e-01
8.16712e+01 -1.79304e+00 1.33546e-01
8.18837e+01 -1.76424e+00 1.37606e-01
8.21002e+01 -1.73396e+00 1.42174e-01
8.23212e+01 -1.70197e+00 1.47369e-01
8.25473e+01 -1.66800e+00 1.53351e-01
8.27789e+01 -1.63168e+00 1.60343e-01
8.30169e+01 -1.59256e+00 1.68671e-01
8.32623e+01 -1.54996e+00 1.78824e-01
8.35162e+01 -1.50298e+00 1.91585e-01
8.37806e+01 -1.45022e+00 2.08288e-01
8.40580e+01 -1.38939e+00 2.31442e-01
8.43527e+01 -1.31638e+00 2.66420e-01
8.46720e+01 -1.22248e+00 3.27343e-01
8.50308e+01 -1.08362e+00 4.66628e-01
8.53022e+01 -9.26957e-01 7.29160e-01
8.54748e+01 -7.70737e-01 1.13674e+00
8.56233e+01 -5.48565e-01 1.98373e+00
8.57178e+01 -3.11037e-01 3.18042e+00
8.57904e+01 -2.45348e-02 4.85219e+00
8.58648e+01 4.27678e-01 7.39517e+00
8.59151e+01 8.39495e-01 8.80770e+00
8.59671e+01 1.29650e+00 8.31874e+00
8.60081e+01 1.59874e+00 6.25844e+00
8.60491e+01 1.80478e+00 3.84014e+00
8.60906e+01 1.92323e+00 2.00308e+00
8.61341e+01 1.98363e+00 8.97400e-01
8.61821e+01 2.01079e+00 3.14310e-01
8.62316e+01 2.01915e+00 6.09223e-02
8.62871e+01 2.01900e+00 -4.82438e-02
8.63504e+01 2.01435e+00 -9.04721e-02
8.64230e+01 2.00715e+00 -1.04949e-01
8.65069e+01 1.99810e+00 -1.09647e-01
8.66057e+01 1.98717e+00 -1.11545e-01
8.67243e+01 1.97385e+00 -1.12954e-01
8.68717e+01 1.95708e+00 -1.14590e-01
8.70859e+01 1.93228e+00 -1.17074e-01
8.73000e+01 1.90693e+00 -1.19737e-01
8.75141e+01 1.88099e+00 -1.22603e-01
8.77282e+01 1.85441e+00 -1.25699e-01
8.79423e+01 1.82715e+00 -1.29058e-01
8.81564e+01 1.79913e+00 -1.32719e-01
8.83705e+01 1.77029e+00 -1.36731e-01
8.85861e+01 1.74034e+00 -1.41185e-01
8.88062e+01 1.70872e+00 -1.46239e-01
8.90311e+01 1.67519e+00 -1.52043e-01
8.92616e+01 1.63939e+00 -1.58804e-01
8.94982e+01 1.60089e+00 -1.66823e-01
8.97419e+01 1.55907e+00 -1.76548e-01
8.99940e+01 1.51309e+00 -1.88685e-01
9.02561e+01 1.46167e+00 -2.04423e-01
9.05305e+01 1.40275e+00 -2.25943e-01
9.08211e+01 1.33276e+00 -2.57774e-01
9.11345e+01 1.24433e+00 -3.11233e-01
9.14834e+01 1.11845e+00 -4.24807e-01
9.17959e+01 9.53103e-01 -6.75892e-01
9.19759e+01 8.03143e-01 -1.03925e+00
9.21258e+01 6.01739e-01 -1.75389e+00
9.22324e+01 3.60780e-01 -2.91020e+00
9.23072e+01 9.03171e-02 -4.45813e+00
9.23744e+01 -2.77804e-01 -6.61702e+00
9.24329e+01 -7.24828e-01 -8.55167e+00
9.24796e+01 -1.13773e+00 -8.80180e+00
9.25263e+01 -1.51422e+00 -7.00005e+00
9.25731e+01 -1.77657e+00 -4.22619e+00
9.26198e+01 -1.91961e+00 -2.06493e+00
9.26665e+01 -1.98496e+00 -8.71038e-01
9.27149e+01 -2.01138e+00 -2.99769e-01
9.27646e+01 -2.01927e+00 -5.44549e-02
9.28204e+01 -2.01888e+00 5.08741e-02
9.28841e+01 -2.01411e+00 9.14149e-02
9.29570e+01 -2.00682e+00 1.05254e-01
9.30415e+01 -1.99770e+00 1.09752e-01
9.31409e+01 -1.98669e+00 1.11603e-01
9.32605e+01 -1.97326e+00 1.13012e-01
9.34094e+01 -1.95630e+00 1.14666e-01
9.36042e+01 -1.93376e+00 1.16923e-01
9.38006e+01 -1.91055e+00 1.19348e-01
9.39979e+01 -1.88675e+00 1.21953e-01
9.41981e+01 -1.86206e+00 1.24791e-01
9.44014e+01 -1.83638e+00 1.27899e-01
9.46079e+01 -1.80961e+00 1.31323e-01
9.48181e+01 -1.78162e+00 1.35124e-01
9.50321e+01 -1.75225e+00 1.39376e-01
9.52504e+01 -1.72131e+00 1.44181e-01
9.54734e+01 -1.68856e+00 1.49670e-01
9.57016e+01 -1.65370e+00 1.56026e-01
9.59357e+01 -1.61632e+00 1.63509e-01
9.61765e+01 -1.57589e+00 1.72500e-01
9.64252e+01 -1.53166e+00 1.83585e-01
9.66831e+01 -1.48256e+00 1.97725e-01
9.69523e+01 -1.42689e+00 2.16618e-01
9.72360e+01 -1.36182e+00 2.43609e-01
9.75394e+01 -1.28192e+00 2.86384e-01
9.78722e+01 -1.17453e+00 3.67644e-01
9.82511e+01 -1.00080e+00 5.88942e-01
9.84464e+01 -8.61000e-01 8.82184e-01
9.86040e+01 -6.85009e-01 1.42742e+00
9.87487e+01 -4.01726e-01 2.69469e+00
9.88239e+01 -1.51318e-01 4.09584e+00
9.88915e+01 1.89951e-01 6.12229e+00
9.89592e+01 6.85469e-01 8.43624e+00
9.90055e+01 1.09330e+00 8.87260e+00
9.90523e+01 1.47898e+00 7.26961e+00
9.90991e+01 1.75540e+00 4.50383e+00
9.91418e+01 1.89968e+00 2.39847e+00
9.91844e+01 1.97202e+00 1.12307e+00
9.92350e+01 2.00765e+00 3.89480e-01
9.92856e+01 2.01857e+00 8.76393e-02
9.93400e+01 2.01938e+00 -3.71966e-02
9.94020e+01 2.01526e+00 -8.64640e-02
9.94730e+01 2.00839e+00 -1.03641e-01
9.95551e+01 1.99961e+00 -1.09206e-01
9.96512e+01 1.98899e+00 -1.11315e-01
9.97664e+01 1.97609e+00 -1.12733e-01
9.99085e+01 1.95995e+00 -1.14308e-01
1.00000e+02 1.94945e+00 -1.15343e-01
