1.00000e-06 1.00000e+00 -1.00000e-06
6.00000e-06 1.00000e+00 -6.00000e-06
3.10000e-05 1.00000e+00 -3.10000e-05
1.56000e-04 1.00000e+00 -1.56000e-04
7.81000e-04 1.00000e+00 -7.81000e-04
3.90600e-03 9.99992e-01 -3.90599e-03
1.95310e-02 9.99809e-01 -1.95302e-02
9.76560e-02 9.95231e-01 -9.77506e-02
3.66033e-01 9.30021e-01 -4.10300e-01
5.06950e-01 8.53506e-01 -7.08378e-01
6.18228e-01 7.50921e-01 -1.19939e+00
7.05020e-01 6.14627e-01 -2.05718e+00
7.95604e-01 3.40731e-01 -4.40858e+00
8.34768e-01 1.28501e-01 -6.61531e+00
8.70937e-01 -1.65020e-01 -9.81948e+00
9.07106e-01 -5.91944e-01 -1.37583e+01
9.32000e-01 -9.58066e-01 -1.53025e+01
9.57716e-01 -1.34079e+00 -1.38693e+01
9.80514e-01 -1.61773e+00 -1.01963e+01
1.00331e+00 -1.80355e+00 -6.21374e+00
1.02611e+00 -1.90965e+00 -3.31446e+00
1.04991e+00 -1.96559e+00 -1.57311e+00
1.07523e+00 -1.99242e+00 -6.62453e-01
1.10145e+00 -2.00353e+00 -2.44185e-01
1.13054e+00 -2.00746e+00 -5.53981e-02
1.16336e+00 -2.00779e+00 2.15149e-02
1.20055e+00 -2.00637e+00 4.90325e-02
1.24299e+00 -2.00407e+00 5.75923e-02
1.29205e+00 -2.00117e+00 5.99212e-02
1.34974e+00 -1.99769e+00 6.05506e-02
1.41910e+00 -1.99348e+00 6.08348e-02
1.50497e+00 -1.98825e+00 6.11094e-02
1.61625e+00 -1.98143e+00 6.14615e-02
1.75605e+00 -1.97280e+00 6.19127e-02
1.89873e+00 -1.96394e+00 6.23844e-02
2.04514e+00 -1.95477e+00 6.28807e-02
2.19177e+00 -1.94551e+00 6.33908e-02
2.33990e+00 -1.93608e+00 6.39199e-02
2.48821e+00 -1.92656e+00 6.44642e-02
2.63745e+00 -1.91690e+00 6.50273e-02
2.78713e+00 -1.90712e+00 6.56083e-02
2.93760e+00 -1.89720e+00 6.62096e-02
3.08871e+00 -1.88715e+00 6.68318e-02
3.24060e+00 -1.87695e+00 6.74765e-02
3.39327e+00 -1.86660e+00 6.81453e-02
3.54678e+00 -1.85609e+00 6.88397e-02
3.70115e+00 -1.84540e+00 6.95616e-02
3.85645e+00 -1.83454e+00 7.03130e-02
4.01270e+00 -1.82349e+00 7.10962e-02
4.16997e+00 -1.81225e+00 7.19135e-02
4.32829e+00 -1.80080e+00 7.27677e-02
4.48771e+00 -1.78913e+00 7.36619e-02
4.64829e+00 -1.77722e+00 7.45992e-02
4.81009e+00 -1.76507e+00 7.55837e-02
4.97315e+00 -1.75266e+00 7.66194e-02
5.13754e+00 -1.73998e+00 7.77113e-02
5.30333e+00 -1.72700e+00 7.88649e-02
5.47058e+00 -1.71371e+00 8.00863e-02
5.63937e+00 -1.70008e+00 8.13827e-02
5.80978e+00 -1.68610e+00 8.27625e-02
5.98190e+00 -1.67173e+00 8.42352e-02
6.15581e+00 -1.65694e+00 8.58123e-02
6.33163e+00 -1.64171e+00 8.75069e-02
6.50948e+00 -1.62598e+00 8.93348e-02
6.68946e+00 -1.60973e+00 9.13150e-02
6.87174e+00 -1.59289e+00 9.34706e-02
7.05646e+00 -1.57541e+00 9.58294e-02
7.24381e+00 -1.55722e+00 9.84266e-02
7.43400e+00 -1.53823e+00 1.01306e-01
7.62726e+00 -1.51834e+00 1.04523e-01
7.82388e+00 -1.49744e+00 1.08152e-01
8.02418e+00 -1.47537e+00 1.12289e-01
8.22856e+00 -1.45194e+00 1.17067e-01
8.43752e+00 -1.42691e+00 1.22672e-01
8.65167e+00 -1.39994e+00 1.29374e-01
8.87179e+00 -1.37059e+00 1.37587e-01
9.09895e+00 -1.33820e+00 1.47974e-01
9.33463e+00 -1.30178e+00 1.61684e-01
9.58099e+00 -1.25971e+00 1.80908e-01
9.84156e+00 -1.20899e+00 2.10464e-01
1.01227e+01 -1.14308e+00 2.63539e-01
1.04369e+01 -1.04319e+00 3.92875e-01
1.06378e+01 -9.46278e-01 6.03751e-01
1.07680e+01 -8.49441e-01 9.26784e-01
1.08691e+01 -7.30952e-01 1.49514e+00
1.09505e+01 -5.72254e-01 2.54959e+00
1.10140e+01 -3.59044e-01 4.40768e+00
1.10551e+01 -1.34555e-01 6.72674e+00
1.10910e+01 1.60791e-01 9.95124e+00
1.11268e+01 5.89235e-01 1.39162e+01
1.11515e+01 9.56665e-01 1.54787e+01
1.11770e+01 1.34104e+00 1.40448e+01
1.11996e+01 1.61870e+00 1.03571e+01
1.12221e+01 1.80570e+00 6.33907e+00
1.12447e+01 1.91294e+00 3.39731e+00
1.12681e+01 1.96968e+00 1.62363e+00
1.12933e+01 1.99719e+00 6.85588e-01
1.13192e+01 2.00862e+00 2.55048e-01
1.13480e+01 2.01271e+00 6.01788e-02
1.13805e+01 2.01314e+00 -1.95454e-02
1.14172e+01 2.01179e+00 -4.82055e-02
1.14591e+01 2.00954e+00 -5.71651e-02
1.15076e+01 2.00670e+00 -5.96104e-02
1.15645e+01 2.00328e+00 -6.02643e-02
1.16329e+01 1.99915e+00 -6.05478e-02
1.17174e+01 1.99402e+00 -6.08149e-02
1.18266e+01 1.98736e+00 -6.11552e-02
1.19639e+01 1.97893e+00 -6.15912e-02
1.21063e+01 1.97013e+00 -6.20539e-02
1.22518e+01 1.96107e+00 -6.25385e-02
1.23982e+01 1.95188e+00 -6.30389e-02
1.25457e+01 1.94254e+00 -6.35565e-02
1.26938e+01 1.93309e+00 -6.40897e-02
1.28425e+01 1.92351e+00 -6.46404e-02
1.29918e+01 1.91382e+00 -6.52088e-02
1.31418e+01 1.90400e+00 -6.57963e-02
1.32924e+01 1.89404e+00 -6.64039e-02
1.34438e+01 1.88394e+00 -6.70331e-02
1.35959e+01 1.87370e+00 -6.76852e-02
1.37489e+01 1.86329e+00 -6.83619e-02
1.39026e+01 1.85273e+00 -6.90648e-02
1.40573e+01 1.84199e+00 -6.97959e-02
1.42129e+01 1.83107e+00 -7.05571e-02
1.43695e+01 1.81996e+00 -7.13508e-02
1.45271e+01 1.80865e+00 -7.21794e-02
1.46857e+01 1.79713e+00 -7.30459e-02
1.48455e+01 1.78539e+00 -7.39533e-02
1.50065e+01 1.77341e+00 -7.49052e-02
1.51686e+01 1.76118e+00 -7.59053e-02
1.53321e+01 1.74868e+00 -7.69583e-02
1.54969e+01 1.73591e+00 -7.80690e-02
1.56632e+01 1.72283e+00 -7.92433e-02
1.58309e+01 1.70944e+00 -8.04876e-02
1.60002e+01 1.69570e+00 -8.18094e-02
1.61712e+01 1.68160e+00 -8.32175e-02
1.63438e+01 1.66710e+00 -8.47219e-02
1.65183e+01 1.65218e+00 -8.63345e-02
1.66948e+01 1.63679e+00 -8.80694e-02
1.68733e+01 1.62091e+00 -8.99433e-02
1.70540e+01 1.60447e+00 -9.19763e-02
1.72370e+01 1.58744e+00 -9.41927e-02
1.74225e+01 1.56974e+00 -9.66228e-02
1.76108e+01 1.55130e+00 -9.93038e-02
1.78019e+01 1.53204e+00 -1.02283e-01
1.79962e+01 1.51185e+00 -1.05622e-01
1.81939e+01 1.49060e+00 -1.09399e-01
1.83955e+01 1.46812e+00 -1.13722e-01
1.86013e+01 1.44422e+00 -1.18738e-01
1.88118e+01 1.41861e+00 -1.24656e-01
1.90277e+01 1.39095e+00 -1.31782e-01
1.92499e+01 1.36072e+00 -1.40594e-01
1.94796e+01 1.32718e+00 -1.51874e-01
1.97184e+01 1.28919e+00 -1.67013e-01
1.99688e+01 1.24481e+00 -1.88774e-01
2.02349e+01 1.19029e+00 -2.23587e-01
2.05249e+01 1.11681e+00 -2.90868e-01
2.08509e+01 9.96833e-01 -4.81257e-01
2.09970e+01 9.12402e-01 -7.02905e-01
2.11157e+01 8.08489e-01 -1.10129e+00
2.12080e+01 6.78708e-01 -1.80664e+00
2.12876e+01 4.86026e-01 -3.24785e+00
2.13374e+01 2.81552e-01 -5.17743e+00
2.13763e+01 3.24566e-02 -7.84220e+00
2.14160e+01 -3.56576e-01 -1.19493e+01
2.14447e+01 -7.44489e-01 -1.48539e+01
2.14694e+01 -1.12299e+00 -1.53147e+01
2.14941e+01 -1.47374e+00 -1.25971e+01
2.15188e+01 -1.73031e+00 -8.12088e+00
2.15410e+01 -1.86974e+00 -4.64250e+00
2.15632e+01 -1.94560e+00 -2.39758e+00
2.15886e+01 -1.98716e+00 -1.03691e+00
2.16141e+01 -2.00456e+00 -4.14757e-01
2.16414e+01 -2.01144e+00 -1.30658e-01
2.16721e+01 -2.01325e+00 -8.15007e-03
2.17067e+01 -2.01257e+00 3.86967e-02
2.17461e+01 -2.01067e+00 5.43361e-02
2.17914e+01 -2.00808e+00 5.88680e-02
2.18440e+01 -2.00494e+00 6.00526e-02
2.19066e+01 -2.00117e+00 6.04286e-02
2.19829e+01 -1.99655e+00 6.06855e-02
2.20792e+01 -1.99070e+00 6.09845e-02
2.22106e+01 -1.98265e+00 6.13979e-02
2.23549e+01 -1.97376e+00 6.18623e-02
2.24993e+01 -1.96479e+00 6.23384e-02
2.26468e+01 -1.95556e+00 6.28373e-02
2.27943e+01 -1.94626e+00 6.33493e-02
2.29426e+01 -1.93682e+00 6.38781e-02
2.30911e+01 -1.92730e+00 6.44216e-02
2.32403e+01 -1.91764e+00 6.49834e-02
2.33899e+01 -1.90787e+00 6.55631e-02
2.35403e+01 -1.89797e+00 6.61628e-02
2.36914e+01 -1.88793e+00 6.67833e-02
2.38432e+01 -1.87774e+00 6.74263e-02
2.39959e+01 -1.86740e+00 6.80931e-02
2.41493e+01 -1.85690e+00 6.87855e-02
2.43036e+01 -1.84623e+00 6.95053e-02
2.44588e+01 -1.83538e+00 7.02544e-02
2.46150e+01 -1.82435e+00 7.10350e-02
2.47722e+01 -1.81312e+00 7.18496e-02
2.49304e+01 -1.80168e+00 7.27009e-02
2.50898e+01 -1.79003e+00 7.35918e-02
2.52503e+01 -1.77814e+00 7.45258e-02
2.54120e+01 -1.76601e+00 7.55065e-02
2.55749e+01 -1.75362e+00 7.65381e-02
2.57392e+01 -1.74096e+00 7.76255e-02
2.59049e+01 -1.72801e+00 7.87741e-02
2.60720e+01 -1.71474e+00 7.99901e-02
2.62407e+01 -1.70114e+00 8.12805e-02
2.64110e+01 -1.68718e+00 8.26536e-02
2.65830e+01 -1.67284e+00 8.41188e-02
2.67567e+01 -1.65809e+00 8.56874e-02
2.69324e+01 -1.64289e+00 8.73725e-02
2.71101e+01 -1.62721e+00 8.91896e-02
2.72899e+01 -1.61099e+00 9.11574e-02
2.74720e+01 -1.59420e+00 9.32985e-02
2.76565e+01 -1.57677e+00 9.56407e-02
2.78437e+01 -1.55864e+00 9.82181e-02
2.80336e+01 -1.53971e+00 1.01074e-01
2.82266e+01 -1.51990e+00 1.04263e-01
2.84230e+01 -1.49908e+00 1.07857e-01
2.86230e+01 -1.47711e+00 1.11951e-01
2.88271e+01 -1.45379e+00 1.16674e-01
2.90356e+01 -1.42889e+00 1.22207e-01
2.92494e+01 -1.40209e+00 1.28813e-01
2.94690e+01 -1.37294e+00 1.36891e-01
2.96956e+01 -1.34081e+00 1.47080e-01
2.99305e+01 -1.30474e+00 1.60476e-01
3.01760e+01 -1.26319e+00 1.79157e-01
3.04353e+01 -1.21329e+00 2.07629e-01
3.07145e+01 -1.14895e+00 2.57970e-01
3.10257e+01 -1.05302e+00 3.76751e-01
3.12413e+01 -9.52709e-01 5.86524e-01
3.13737e+01 -8.57307e-01 8.95906e-01
3.14767e+01 -7.40794e-01 1.44057e+00
3.15591e+01 -5.86627e-01 2.44124e+00
3.16264e+01 -3.67336e-01 4.32780e+00
3.16675e+01 -1.47074e-01 6.59150e+00
3.17035e+01 1.43849e-01 9.76947e+00
3.17396e+01 5.67698e-01 1.37595e+01
3.17644e+01 9.35157e-01 1.54552e+01
3.17902e+01 1.32462e+00 1.41866e+01
3.18121e+01 1.59980e+00 1.06905e+01
3.18340e+01 1.78983e+00 6.73305e+00
3.18559e+01 1.90206e+00 3.71908e+00
3.18786e+01 1.96305e+00 1.84005e+00
3.19041e+01 1.99464e+00 7.76381e-01
3.19298e+01 2.00758e+00 2.97250e-01
3.19581e+01 2.01242e+00 7.84810e-02
3.19900e+01 2.01322e+00 -1.25171e-02
3.20261e+01 2.01205e+00 -4.58526e-02
3.20672e+01 2.00989e+00 -5.64832e-02
3.21147e+01 2.00713e+00 -5.94339e-02
3.21702e+01 2.00380e+00 -6.02104e-02
3.22368e+01 1.99978e+00 -6.05126e-02
3.23187e+01 1.99481e+00 -6.07745e-02
3.24236e+01 1.98842e+00 -6.11009e-02
3.25629e+01 1.97988e+00 -6.15419e-02
3.27052e+01 1.97109e+00 -6.20033e-02
3.28512e+01 1.96200e+00 -6.24883e-02
3.29974e+01 1.95283e+00 -6.29867e-02
3.31451e+01 1.94349e+00 -6.35035e-02
3.32930e+01 1.93406e+00 -6.40346e-02
3.34418e+01 1.92449e+00 -6.45839e-02
3.35909e+01 1.91481e+00 -6.51502e-02
3.37409e+01 1.90500e+00 -6.57359e-02
3.38914e+01 1.89506e+00 -6.63413e-02
3.40427e+01 1.88497e+00 -6.69683e-02
3.41948e+01 1.87474e+00 -6.76180e-02
3.43476e+01 1.86435e+00 -6.82922e-02
3.45013e+01 1.85381e+00 -6.89923e-02
3.46559e+01 1.84309e+00 -6.97204e-02
3.48114e+01 1.83219e+00 -7.04785e-02
3.49679e+01 1.82110e+00 -7.12688e-02
3.51253e+01 1.80981e+00 -7.20938e-02
3.52839e+01 1.79831e+00 -7.29563e-02
3.54436e+01 1.78659e+00 -7.38594e-02
3.56044e+01 1.77463e+00 -7.48065e-02
3.57665e+01 1.76243e+00 -7.58016e-02
3.59298e+01 1.74996e+00 -7.68490e-02
3.60945e+01 1.73722e+00 -7.79537e-02
3.62606e+01 1.72417e+00 -7.91212e-02
3.64282e+01 1.71081e+00 -8.03581e-02
3.65973e+01 1.69711e+00 -8.16717e-02
3.67681e+01 1.68305e+00 -8.30705e-02
3.69406e+01 1.66859e+00 -8.45647e-02
3.71149e+01 1.65371e+00 -8.61658e-02
3.72911e+01 1.63837e+00 -8.78876e-02
3.74694e+01 1.62254e+00 -8.97465e-02
3.76499e+01 1.60616e+00 -9.17623e-02
3.78327e+01 1.58919e+00 -9.39589e-02
3.80179e+01 1.57156e+00 -9.63657e-02
3.82059e+01 1.55321e+00 -9.90194e-02
3.83967e+01 1.53404e+00 -1.01966e-01
3.85907e+01 1.51394e+00 -1.05265e-01
3.87880e+01 1.49281e+00 -1.08994e-01
3.89892e+01 1.47046e+00 -1.13256e-01
3.91945e+01 1.44671e+00 -1.18193e-01
3.94045e+01 1.42130e+00 -1.24007e-01
3.96199e+01 1.39386e+00 -1.30993e-01
3.98414e+01 1.36392e+00 -1.39605e-01
4.00702e+01 1.33076e+00 -1.50585e-01
4.03080e+01 1.29329e+00 -1.65241e-01
4.05571e+01 1.24969e+00 -1.86131e-01
4.08214e+01 1.19646e+00 -2.19104e-01
4.11083e+01 1.12563e+00 -2.81234e-01
4.14309e+01 1.01280e+00 -4.48412e-01
4.15932e+01 9.24769e-01 -6.65039e-01
4.17161e+01 8.23375e-01 -1.03518e+00
4.18114e+01 6.97921e-01 -1.68786e+00
4.18908e+01 5.20512e-01 -2.95902e+00
4.19449e+01 3.15415e-01 -4.83613e+00
4.19848e+01 7.62317e-02 -7.36186e+00
4.20203e+01 -2.42187e-01 -1.08082e+01
4.20557e+01 -6.94841e-01 -1.45932e+01
4.20801e+01 -1.06713e+00 -1.54412e+01
4.21048e+01 -1.42733e+00 -1.31661e+01
4.21296e+01 -1.70012e+00 -8.77180e+00
4.21510e+01 -1.84845e+00 -5.22579e+00
4.21724e+01 -1.93244e+00 -2.80666e+00
4.21996e+01 -1.98349e+00 -1.16211e+00
4.22268e+01 -2.00388e+00 -4.40824e-01
4.22540e+01 -2.01120e+00 -1.42178e-01
4.22844e+01 -2.01323e+00 -1.28245e-02
4.23188e+01 -2.01265e+00 3.70364e-02
4.23579e+01 -2.01081e+00 5.38246e-02
4.24027e+01 -2.00826e+00 5.87307e-02
4.24549e+01 -2.00515e+00 6.00161e-02
4.25168e+01 -2.00142e+00 6.04121e-02
4.25921e+01 -1.99686e+00 6.06693e-02
4.26868e+01 -1.99110e+00 6.09640e-02
4.28150e+01 -1.98326e+00 6.13663e-02
4.29602e+01 -1.97432e+00 6.18327e-02
4.31054e+01 -1.96531e+00 6.23110e-02
4.32534e+01 -1.95605e+00 6.28108e-02
4.34014e+01 -1.94671e+00 6.33239e-02
4.35498e+01 -1.93727e+00 6.38523e-02
4.36983e+01 -1.92775e+00 6.43955e-02
4.38475e+01 -1.91810e+00 6.49564e-02
4.39972e+01 -1.90834e+00 6.55353e-02
4.41475e+01 -1.89844e+00 6.61340e-02
4.42986e+01 -1.88840e+00 6.67535e-02
4.44504e+01 -1.87822e+00 6.73954e-02
4.46029e+01 -1.86789e+00 6.80611e-02
4.47563e+01 -1.85740e+00 6.87522e-02
4.49106e+01 -1.84674e+00 6.94706e-02
4.50658e+01 -1.83590e+00 7.02183e-02
4.52219e+01 -1.82487e+00 7.09974e-02
4.53790e+01 -1.81365e+00 7.18103e-02
4.55372e+01 -1.80223e+00 7.26598e-02
4.56965e+01 -1.79058e+00 7.35488e-02
4.58570e+01 -1.77871e+00 7.44806e-02
4.60186e+01 -1.76659e+00 7.54590e-02
4.61815e+01 -1.75422e+00 7.64882e-02
4.63457e+01 -1.74157e+00 7.75729e-02
4.65113e+01 -1.72863e+00 7.87184e-02
4.66784e+01 -1.71537e+00 7.99310e-02
4.68470e+01 -1.70179e+00 8.12177e-02
4.70172e+01 -1.68785e+00 8.25867e-02
4.71891e+01 -1.67353e+00 8.40474e-02
4.73628e+01 -1.65880e+00 8.56108e-02
4.75384e+01 -1.64362e+00 8.72900e-02
4.77159e+01 -1.62796e+00 8.91005e-02
4.78957e+01 -1.61177e+00 9.10607e-02
4.80776e+01 -1.59501e+00 9.31931e-02
4.82621e+01 -1.57761e+00 9.55251e-02
4.84491e+01 -1.55951e+00 9.80905e-02
4.86389e+01 -1.54062e+00 1.00932e-01
4.88318e+01 -1.52086e+00 1.04104e-01
4.90279e+01 -1.50009e+00 1.07677e-01
4.92278e+01 -1.47817e+00 1.11745e-01
4.94316e+01 -1.45493e+00 1.16434e-01
4.96400e+01 -1.43011e+00 1.21924e-01
4.98535e+01 -1.40340e+00 1.28472e-01
5.00728e+01 -1.37437e+00 1.36469e-01
5.02990e+01 -1.34240e+00 1.46537e-01
5.05335e+01 -1.30656e+00 1.59746e-01
5.07784e+01 -1.26531e+00 1.78105e-01
5.10370e+01 -1.21590e+00 2.05941e-01
5.13151e+01 -1.15249e+00 2.54707e-01
5.16243e+01 -1.05884e+00 3.67603e-01
5.18500e+01 -9.55969e-01 5.77980e-01
5.19833e+01 -8.61439e-01 8.80023e-01
5.20874e+01 -7.45931e-01 1.41261e+00
5.21703e+01 -5.93996e-01 2.38663e+00
5.22401e+01 -3.70090e-01 4.30140e+00
5.22811e+01 -1.52020e-01 6.53819e+00
5.23172e+01 1.37213e-01 9.69801e+00
5.23533e+01 5.59322e-01 1.36970e+01
5.23782e+01 9.26836e-01 1.54435e+01
5.24040e+01 1.31830e+00 1.42391e+01
5.24258e+01 1.59356e+00 1.07978e+01
5.24476e+01 1.78496e+00 6.85193e+00
5.24694e+01 1.89911e+00 3.80524e+00
5.24920e+01 1.96127e+00 1.89780e+00
5.25176e+01 1.99400e+00 7.99010e-01
5.25432e+01 2.00732e+00 3.07747e-01
5.25714e+01 2.01234e+00 8.30741e-02
5.26032e+01 2.01323e+00 -1.07335e-02
5.26392e+01 2.01210e+00 -4.52483e-02
5.26801e+01 2.00997e+00 -5.63060e-02
5.27273e+01 2.00723e+00 -5.93878e-02
5.27826e+01 2.00392e+00 -6.01969e-02
5.28487e+01 1.99992e+00 -6.05044e-02
5.29300e+01 1.99499e+00 -6.07653e-02
5.30340e+01 1.98866e+00 -6.10887e-02
5.31747e+01 1.98003e+00 -6.15338e-02
5.33169e+01 1.97125e+00 -6.19949e-02
5.34634e+01 1.96213e+00 -6.24812e-02
5.36098e+01 1.95295e+00 -6.29802e-02
5.37577e+01 1.94359e+00 -6.34974e-02
5.39056e+01 1.93416e+00 -6.40286e-02
5.40544e+01 1.92459e+00 -6.45778e-02
5.42036e+01 1.91492e+00 -6.51439e-02
5.43536e+01 1.90511e+00 -6.57294e-02
5.45041e+01 1.89517e+00 -6.63346e-02
5.46554e+01 1.88508e+00 -6.69614e-02
5.48074e+01 1.87485e+00 -6.76109e-02
5.49603e+01 1.86447e+00 -6.82847e-02
5.51140e+01 1.85392e+00 -6.89846e-02
5.52685e+01 1.84320e+00 -6.97124e-02
5.54240e+01 1.83230e+00 -7.04701e-02
5.55805e+01 1.82122e+00 -7.12600e-02
5.57379e+01 1.80993e+00 -7.20846e-02
5.58965e+01 1.79844e+00 -7.29467e-02
5.60561e+01 1.78672e+00 -7.38494e-02
5.62170e+01 1.77476e+00 -7.47960e-02
5.63790e+01 1.76256e+00 -7.57906e-02
5.65423e+01 1.75010e+00 -7.68374e-02
5.67070e+01 1.73736e+00 -7.79414e-02
5.68731e+01 1.72432e+00 -7.91082e-02
5.70406e+01 1.71096e+00 -8.03443e-02
5.72098e+01 1.69726e+00 -8.16570e-02
5.73805e+01 1.68320e+00 -8.30549e-02
5.75530e+01 1.66875e+00 -8.45479e-02
5.77273e+01 1.65387e+00 -8.61478e-02
5.79035e+01 1.63854e+00 -8.78682e-02
5.80818e+01 1.62271e+00 -8.97255e-02
5.82622e+01 1.60634e+00 -9.17395e-02
5.84450e+01 1.58938e+00 -9.39340e-02
5.86302e+01 1.57176e+00 -9.63384e-02
5.88181e+01 1.55341e+00 -9.89891e-02
5.90089e+01 1.53425e+00 -1.01932e-01
5.92028e+01 1.51417e+00 -1.05227e-01
5.94002e+01 1.49304e+00 -1.08951e-01
5.96013e+01 1.47071e+00 -1.13206e-01
5.98066e+01 1.44698e+00 -1.18135e-01
6.00165e+01 1.42158e+00 -1.23938e-01
6.02318e+01 1.39417e+00 -1.30909e-01
6.04533e+01 1.36426e+00 -1.39501e-01
6.06820e+01 1.33114e+00 -1.50450e-01
6.09197e+01 1.29373e+00 -1.65055e-01
6.11686e+01 1.25020e+00 -1.85855e-01
6.14327e+01 1.19711e+00 -2.18641e-01
6.17194e+01 1.12655e+00 -2.80256e-01
6.20415e+01 1.01444e+00 -4.45178e-01
6.22057e+01 9.25984e-01 -6.61425e-01
6.23290e+01 8.24844e-01 -1.02882e+00
6.24245e+01 6.99801e-01 -1.67650e+00
6.25041e+01 5.23657e-01 -2.93330e+00
6.25586e+01 3.18386e-01 -4.80653e+00
6.25986e+01 8.00937e-02 -7.31960e+00
6.26341e+01 -2.36655e-01 -1.07509e+01
6.26695e+01 -6.87551e-01 -1.45517e+01
6.26939e+01 -1.05945e+00 -1.54528e+01
6.27187e+01 -1.42124e+00 -1.32356e+01
6.27434e+01 -1.69638e+00 -8.85004e+00
6.27649e+01 -1.84609e+00 -5.28938e+00
6.27863e+01 -1.93110e+00 -2.84795e+00
6.28130e+01 -1.98239e+00 -1.19958e+00
6.28397e+01 -2.00324e+00 -4.64562e-01
6.28667e+01 -2.01097e+00 -1.53144e-01
6.28969e+01 -2.01320e+00 -1.73009e-02
6.29311e+01 -2.01272e+00 3.54336e-02
6.29699e+01 -2.01093e+00 5.33266e-02
6.30144e+01 -2.00841e+00 5.85961e-02
6.30661e+01 -2.00534e+00 5.99806e-02
6.31274e+01 -2.00165e+00 6.03968e-02
6.32018e+01 -1.99714e+00 6.06549e-02
6.32953e+01 -1.99146e+00 6.09456e-02
6.34206e+01 -1.98379e+00 6.13390e-02
6.35668e+01 -1.97480e+00 6.18076e-02
6.37129e+01 -1.96573e+00 6.22883e-02
6.38614e+01 -1.95644e+00 6.27894e-02
6.40100e+01 -1.94707e+00 6.33039e-02
6.41585e+01 -1.93763e+00 6.38322e-02
6.43071e+01 -1.92811e+00 6.43750e-02
6.44563e+01 -1.91846e+00 6.49353e-02
6.46059e+01 -1.90870e+00 6.55136e-02
6.47563e+01 -1.89881e+00 6.61116e-02
6.49073e+01 -1.88878e+00 6.67303e-02
6.50591e+01 -1.87860e+00 6.73713e-02
6.52116e+01 -1.86827e+00 6.80361e-02
6.53650e+01 -1.85779e+00 6.87262e-02
6.55192e+01 -1.84713e+00 6.94436e-02
6.56743e+01 -1.83630e+00 7.01902e-02
6.58304e+01 -1.82528e+00 7.09681e-02
6.59875e+01 -1.81407e+00 7.17797e-02
6.61457e+01 -1.80265e+00 7.26278e-02
6.63049e+01 -1.79102e+00 7.35153e-02
6.64653e+01 -1.77915e+00 7.44455e-02
6.66269e+01 -1.76704e+00 7.54221e-02
6.67898e+01 -1.75468e+00 7.64493e-02
6.69540e+01 -1.74204e+00 7.75318e-02
6.71195e+01 -1.72911e+00 7.86750e-02
6.72865e+01 -1.71587e+00 7.98850e-02
6.74551e+01 -1.70230e+00 8.11689e-02
6.76252e+01 -1.68837e+00 8.25347e-02
6.77970e+01 -1.67406e+00 8.39918e-02
6.79707e+01 -1.65935e+00 8.55512e-02
6.81462e+01 -1.64419e+00 8.72259e-02
6.83237e+01 -1.62855e+00 8.90312e-02
6.85033e+01 -1.61238e+00 9.09856e-02
6.86852e+01 -1.59564e+00 9.31111e-02
6.88695e+01 -1.57827e+00 9.54352e-02
6.90564e+01 -1.56019e+00 9.79913e-02
6.92462e+01 -1.54134e+00 1.00822e-01
6.94389e+01 -1.52160e+00 1.03980e-01
6.96350e+01 -1.50087e+00 1.07537e-01
6.98346e+01 -1.47901e+00 1.11585e-01
7.00383e+01 -1.45581e+00 1.16249e-01
7.02465e+01 -1.43105e+00 1.21705e-01
7.04598e+01 -1.40442e+00 1.28208e-01
7.06789e+01 -1.37549e+00 1.36142e-01
7.09048e+01 -1.34364e+00 1.46119e-01
7.11390e+01 -1.30796e+00 1.59185e-01
7.13835e+01 -1.26695e+00 1.77299e-01
7.16414e+01 -1.21792e+00 2.04654e-01
7.19187e+01 -1.15520e+00 2.52244e-01
7.22265e+01 -1.06326e+00 3.60845e-01
7.24607e+01 -9.58047e-01 5.72599e-01
7.25945e+01 -8.64202e-01 8.69529e-01
7.26993e+01 -7.49346e-01 1.39423e+00
7.27826e+01 -5.98850e-01 2.35100e+00
7.28542e+01 -3.71031e-01 4.29238e+00
7.28950e+01 -1.54388e-01 6.51270e+00
7.29312e+01 1.34055e-01 9.66396e+00
7.29673e+01 5.55362e-01 1.36671e+01
7.29923e+01 9.22909e-01 1.54374e+01
7.30181e+01 1.31532e+00 1.42635e+01
7.30399e+01 1.59077e+00 1.08453e+01
7.30616e+01 1.78285e+00 6.90310e+00
7.30835e+01 1.89813e+00 3.83371e+00
7.31060e+01 1.96067e+00 1.91699e+00
7.31316e+01 1.99379e+00 8.06344e-01
7.31573e+01 2.00725e+00 3.10482e-01
7.31855e+01 2.01232e+00 8.42753e-02
7.32172e+01 2.01323e+00 -1.02658e-02
7.32532e+01 2.01212e+00 -4.50894e-02
7.32941e+01 2.00999e+00 -5.62592e-02
7.33412e+01 2.00725e+00 -5.93756e-02
7.33964e+01 2.00395e+00 -6.01933e-02
7.34624e+01 1.99996e+00 -6.05022e-02
7.35436e+01 1.99504e+00 -6.07630e-02
7.36473e+01 1.98872e+00 -6.10856e-02
7.38043e+01 1.97909e+00 -6.15827e-02
7.39614e+01 1.96938e+00 -6.20940e-02
7.41055e+01 1.96039e+00 -6.25750e-02
7.42516e+01 1.95122e+00 -6.30752e-02
7.43989e+01 1.94189e+00 -6.35929e-02
7.45469e+01 1.93243e+00 -6.41271e-02
7.46957e+01 1.92285e+00 -6.46788e-02
7.48450e+01 1.91315e+00 -6.52485e-02
7.49950e+01 1.90332e+00 -6.58373e-02
7.51457e+01 1.89335e+00 -6.64463e-02
7.52971e+01 1.88324e+00 -6.70771e-02
7.54493e+01 1.87299e+00 -6.77308e-02
7.56023e+01 1.86257e+00 -6.84092e-02
7.57561e+01 1.85200e+00 -6.91140e-02
7.59109e+01 1.84125e+00 -6.98470e-02
7.60665e+01 1.83032e+00 -7.06104e-02
7.62232e+01 1.81919e+00 -7.14064e-02
7.63808e+01 1.80787e+00 -7.22376e-02
7.65396e+01 1.79633e+00 -7.31068e-02
7.66994e+01 1.78457e+00 -7.40171e-02
7.68605e+01 1.77258e+00 -7.49721e-02
7.70227e+01 1.76033e+00 -7.59758e-02
7.71863e+01 1.74782e+00 -7.70325e-02
7.73512e+01 1.73502e+00 -7.81474e-02
7.75176e+01 1.72193e+00 -7.93263e-02
7.76854e+01 1.70851e+00 -8.05756e-02
7.78548e+01 1.69475e+00 -8.19031e-02
7.80259e+01 1.68062e+00 -8.33174e-02
7.81987e+01 1.66609e+00 -8.48288e-02
7.83733e+01 1.65114e+00 -8.64494e-02
7.85499e+01 1.63572e+00 -8.81932e-02
7.87285e+01 1.61980e+00 -9.00773e-02
7.89094e+01 1.60332e+00 -9.21220e-02
7.90926e+01 1.58625e+00 -9.43521e-02
7.92783e+01 1.56850e+00 -9.67981e-02
7.94667e+01 1.55001e+00 -9.94979e-02
7.96580e+01 1.53069e+00 -1.02500e-01
7.98526e+01 1.51043e+00 -1.05866e-01
8.00506e+01 1.48910e+00 -1.09677e-01
8.02524e+01 1.46653e+00 -1.14042e-01
8.04585e+01 1.44252e+00 -1.19112e-01
8.06693e+01 1.41679e+00 -1.25101e-01
8.08857e+01 1.38896e+00 -1.32326e-01
8.11084e+01 1.35853e+00 -1.41277e-01
8.13386e+01 1.32474e+00 -1.52767e-01
8.15781e+01 1.28639e+00 -1.68249e-01
8.18294e+01 1.24146e+00 -1.90632e-01
8.20969e+01 1.18601e+00 -2.26784e-01
8.23889e+01 1.11060e+00 -2.97940e-01
8.27170e+01 9.85415e-01 -5.06403e-01
8.28530e+01 9.03024e-01 -7.32928e-01
8.29690e+01 7.96853e-01 -1.15510e+00
8.30592e+01 6.63517e-01 -1.90398e+00
8.31401e+01 4.53649e-01 -3.52985e+00
8.31864e+01 2.49033e-01 -5.51154e+00
8.32244e+01 -9.60082e-03 -8.30477e+00
8.32630e+01 -4.05575e-01 -1.24084e+01
8.32906e+01 -7.88310e-01 -1.50505e+01
8.33155e+01 -1.17060e+00 -1.51459e+01
8.33374e+01 -1.47807e+00 -1.25404e+01
8.33593e+01 -1.71026e+00 -8.55700e+00
8.33809e+01 -1.85521e+00 -5.04284e+00
8.34025e+01 -1.93645e+00 -2.68289e+00
8.34278e+01 -1.98303e+00 -1.17762e+00
8.34532e+01 -2.00284e+00 -4.79500e-01
8.34801e+01 -2.01082e+00 -1.59984e-01
8.35102e+01 -2.01318e+00 -2.01091e-02
8.35442e+01 -2.01277e+00 3.44220e-02
8.35828e+01 -2.01100e+00 5.30102e-02
8.36271e+01 -2.00850e+00 5.85101e-02
8.36785e+01 -2.00545e+00 5.99580e-02
8.37395e+01 -2.00178e+00 6.03874e-02
8.38134e+01 -1.99731e+00 6.06462e-02
8.39061e+01 -1.99167e+00 6.09347e-02
8.40299e+01 -1.98410e+00 6.13230e-02
8.41766e+01 -1.97507e+00 6.17933e-02
8.43234e+01 -1.96597e+00 6.22757e-02
8.44723e+01 -1.95665e+00 6.27778e-02
8.46213e+01 -1.94726e+00 6.32934e-02
8.47703e+01 -1.93780e+00 6.38228e-02
8.49192e+01 -1.92825e+00 6.43668e-02
8.50684e+01 -1.91860e+00 6.49271e-02
8.52181e+01 -1.90884e+00 6.55053e-02
8.53685e+01 -1.89895e+00 6.61030e-02
8.55195e+01 -1.88892e+00 6.67214e-02
8.56712e+01 -1.87874e+00 6.73621e-02
8.58238e+01 -1.86842e+00 6.80266e-02
8.59771e+01 -1.85793e+00 6.87164e-02
8.61313e+01 -1.84728e+00 6.94333e-02
8.62865e+01 -1.83645e+00 7.01795e-02
8.64426e+01 -1.82544e+00 7.09569e-02
8.65996e+01 -1.81423e+00 7.17681e-02
8.67578e+01 -1.80281e+00 7.26156e-02
8.69170e+01 -1.79118e+00 7.35026e-02
8.70774e+01 -1.77932e+00 7.44321e-02
8.72390e+01 -1.76721e+00 7.54080e-02
8.74018e+01 -1.75485e+00 7.64345e-02
8.75659e+01 -1.74222e+00 7.75162e-02
8.77315e+01 -1.72929e+00 7.86585e-02
8.78985e+01 -1.71606e+00 7.98676e-02
8.80670e+01 -1.70249e+00 8.11503e-02
8.82371e+01 -1.68857e+00 8.25149e-02
8.84089e+01 -1.67427e+00 8.39706e-02
8.85825e+01 -1.65956e+00 8.55285e-02
8.87580e+01 -1.64440e+00 8.72015e-02
8.89355e+01 -1.62877e+00 8.90049e-02
8.91151e+01 -1.61261e+00 9.09570e-02
8.92969e+01 -1.59588e+00 9.30800e-02
8.94812e+01 -1.57851e+00 9.54010e-02
8.96681e+01 -1.56045e+00 9.79536e-02
8.98578e+01 -1.54161e+00 1.00780e-01
9.00505e+01 -1.52189e+00 1.03934e-01
9.02465e+01 -1.50117e+00 1.07484e-01
9.04461e+01 -1.47932e+00 1.11524e-01
9.06498e+01 -1.45615e+00 1.16178e-01
9.08579e+01 -1.43141e+00 1.21622e-01
9.10711e+01 -1.40481e+00 1.28108e-01
9.12901e+01 -1.37592e+00 1.36018e-01
9.15159e+01 -1.34412e+00 1.45961e-01
9.17500e+01 -1.30849e+00 1.58972e-01
9.19943e+01 -1.26757e+00 1.76994e-01
9.22520e+01 -1.21869e+00 2.04170e-01
9.25289e+01 -1.15623e+00 2.51324e-01
9.28362e+01 -1.06491e+00 3.58353e-01
9.30738e+01 -9.58712e-01 5.70888e-01
9.32077e+01 -8.65131e-01 8.66026e-01
9.33128e+01 -7.50488e-01 1.38812e+00
9.33962e+01 -6.00466e-01 2.33921e+00
9.34685e+01 -3.71141e-01 4.29133e+00
9.35093e+01 -1.54963e-01 6.50652e+00
9.35454e+01 1.33294e-01 9.65575e+00
9.35815e+01 5.54414e-01 1.36599e+01
9.36065e+01 9.21969e-01 1.54360e+01
9.36324e+01 1.31460e+00 1.42693e+01
9.36541e+01 1.59011e+00 1.08565e+01
9.36758e+01 1.78236e+00 6.91501e+00
9.36977e+01 1.89791e+00 3.84028e+00
9.37202e+01 1.96054e+00 1.92141e+00
9.37459e+01 1.99374e+00 8.08019e-01
9.37716e+01 2.00724e+00 3.11058e-01
9.37997e+01 2.01232e+00 8.45285e-02
9.38315e+01 2.01324e+00 -1.01672e-02
9.38674e+01 2.01212e+00 -4.50558e-02
9.39083e+01 2.01000e+00 -5.62493e-02
9.39554e+01 2.00726e+00 -5.93730e-02
9.40106e+01 2.00395e+00 -6.01926e-02
9.40766e+01 1.99997e+00 -6.05018e-02
9.41577e+01 1.99505e+00 -6.07625e-02
9.42614e+01 1.98873e+00 -6.10849e-02
9.44182e+01 1.97912e+00 -6.15811e-02
9.45749e+01 1.96943e+00 -6.20914e-02
9.47194e+01 1.96042e+00 -6.25736e-02
9.48655e+01 1.95124e+00 -6.30740e-02
9.50129e+01 1.94190e+00 -6.35919e-02
9.51610e+01 1.93245e+00 -6.41262e-02
9.53097e+01 1.92287e+00 -6.46779e-02
9.54591e+01 1.91317e+00 -6.52475e-02
9.56091e+01 1.90334e+00 -6.58363e-02
9.57598e+01 1.89337e+00 -6.64453e-02
9.59112e+01 1.88326e+00 -6.70760e-02
9.60634e+01 1.87301e+00 -6.77297e-02
9.62164e+01 1.86259e+00 -6.84081e-02
9.63702e+01 1.85201e+00 -6.91128e-02
9.65249e+01 1.84126e+00 -6.98458e-02
9.66806e+01 1.83033e+00 -7.06091e-02
9.68372e+01 1.81921e+00 -7.14050e-02
9.69949e+01 1.80789e+00 -7.22362e-02
9.71536e+01 1.79635e+00 -7.31053e-02
9.73135e+01 1.78459e+00 -7.40155e-02
9.74745e+01 1.77260e+00 -7.49705e-02
9.76368e+01 1.76035e+00 -7.59740e-02
9.78003e+01 1.74784e+00 -7.70307e-02
9.79653e+01 1.73504e+00 -7.81455e-02
9.81316e+01 1.72195e+00 -7.93242e-02
9.82994e+01 1.70853e+00 -8.05735e-02
9.84688e+01 1.69477e+00 -8.19008e-02
9.86399e+01 1.68064e+00 -8.33149e-02
9.88127e+01 1.66612e+00 -8.48262e-02
9.89873e+01 1.65116e+00 -8.64466e-02
9.91639e+01 1.63575e+00 -8.81902e-02
9.93425e+01 1.61982e+00 -9.00740e-02
9.95234e+01 1.60335e+00 -9.21184e-02
9.97066e+01 1.58627e+00 -9.43482e-02
9.98923e+01 1.56853e+00 -9.67937e-02
1.00000e+02 1.55802e+00 -9.83082e-02
