1.00000e-06 1.00000e+00 -1.00000e-06
6.00000e-06 1.00000e+00 -6.00000e-06
3.10000e-05 1.00000e+00 -3.10000e-05
1.56000e-04 1.00000e+00 -1.56000e-04
7.81000e-04 1.00000e+00 -7.81000e-04
3.90600e-03 9.99992e-01 -3.90599e-03
1.95310e-02 9.99809e-01 -1.95298e-02
9.76560e-02 9.95235e-01 -9.75462e-02
4.88281e-01 8.80459e-01 -4.96330e-01
8.93021e-01 5.72994e-01 -1.08368e+00
1.13347e+00 2.41662e-01 -1.73138e+00
1.34379e+00 -2.11738e-01 -2.62892e+00
1.52110e+00 -7.48023e-01 -3.34562e+00
1.67559e+00 -1.26479e+00 -3.15349e+00
1.80587e+00 -1.61842e+00 -2.19434e+00
1.93614e+00 -1.83205e+00 -1.12197e+00
2.06642e+00 -1.92664e+00 -3.96976e-01
2.22207e+00 -1.95013e+00 3.50929e-02
2.37832e+00 -1.92832e+00 2.18061e-01
2.55742e+00 -1.88023e+00 3.06735e-01
2.77920e+00 -1.80584e+00 3.59026e-01
3.06907e+00 -1.69464e+00 4.07614e-01
3.52666e+00 -1.48805e+00 5.02809e-01
3.98425e+00 -1.22260e+00 6.78593e-01
4.41772e+00 -8.57373e-01 1.06767e+00
4.69368e+00 -4.92703e-01 1.64650e+00
4.89777e+00 -8.15234e-02 2.45087e+00
5.08203e+00 4.60531e-01 3.43741e+00
5.22041e+00 9.71083e-01 3.81472e+00
5.36184e+00 1.47558e+00 3.11811e+00
5.50328e+00 1.81789e+00 1.70423e+00
5.63272e+00 1.96721e+00 6.86265e-01
5.76215e+00 2.01622e+00 1.36888e-01
5.90381e+00 2.01371e+00 -1.33610e-01
6.05669e+00 1.98273e+00 -2.53934e-01
6.23937e+00 1.93012e+00 -3.13928e-01
6.46631e+00 1.85424e+00 -3.51847e-01
6.76096e+00 1.74471e+00 -3.91861e-01
7.17334e+00 1.56941e+00 -4.63205e-01
7.58572e+00 1.35645e+00 -5.80909e-01
8.07011e+00 1.01441e+00 -8.76904e-01
8.39534e+00 6.61875e-01 -1.35613e+00
8.62091e+00 2.86858e-01 -2.03848e+00
8.81375e+00 -1.92889e-01 -2.98947e+00
8.97733e+00 -7.50876e-01 -3.75255e+00
9.11847e+00 -1.28044e+00 -3.55069e+00
9.23763e+00 -1.64789e+00 -2.52616e+00
9.35679e+00 -1.87673e+00 -1.34903e+00
9.47594e+00 -1.98441e+00 -5.30471e-01
9.61246e+00 -2.01941e+00 -4.58758e-02
9.75428e+00 -2.00826e+00 1.71927e-01
9.91313e+00 -1.97180e+00 2.72384e-01
1.01053e+01 -1.91386e+00 3.24230e-01
1.03458e+01 -1.83124e+00 3.60616e-01
1.06659e+01 -1.70886e+00 4.05145e-01
1.10603e+01 -1.53547e+00 4.79324e-01
1.14813e+01 -1.30832e+00 6.13714e-01
1.19838e+01 -9.22764e-01 9.83823e-01
1.22738e+01 -5.71117e-01 1.50772e+00
1.24868e+01 -1.77445e-01 2.25717e+00
1.26824e+01 3.61303e-01 3.28484e+00
1.28262e+01 8.79410e-01 3.81079e+00
1.29741e+01 1.41949e+00 3.26655e+00
1.31291e+01 1.81092e+00 1.74362e+00
1.32564e+01 1.96287e+00 7.23392e-01
1.33837e+01 2.01499e+00 1.61270e-01
1.35257e+01 2.01474e+00 -1.23904e-01
1.36774e+01 1.98505e+00 -2.49314e-01
1.38581e+01 1.93362e+00 -3.11437e-01
1.40821e+01 1.85919e+00 -3.49888e-01
1.43718e+01 1.75215e+00 -3.89161e-01
1.47956e+01 1.57292e+00 -4.61591e-01
1.52195e+01 1.35419e+00 -5.82392e-01
1.57043e+01 1.01058e+00 -8.81120e-01
1.60276e+01 6.58588e-01 -1.36144e+00
1.62527e+01 2.82856e-01 -2.04639e+00
1.64455e+01 -1.98653e-01 -3.00018e+00
1.66083e+01 -7.54878e-01 -3.75521e+00
1.67498e+01 -1.28553e+00 -3.54228e+00
1.68691e+01 -1.65191e+00 -2.50970e+00
1.69884e+01 -1.87908e+00 -1.33385e+00
1.71077e+01 -1.98542e+00 -5.20757e-01
1.72453e+01 -2.01954e+00 -3.91575e-02
1.73873e+01 -2.00772e+00 1.74905e-01
1.75467e+01 -1.97080e+00 2.73834e-01
1.77397e+01 -1.91239e+00 3.25072e-01
1.79814e+01 -1.82916e+00 3.61387e-01
1.83041e+01 -1.70548e+00 4.06421e-01
1.86981e+01 -1.53168e+00 4.81181e-01
1.91202e+01 -1.30275e+00 6.17675e-01
1.96247e+01 -9.11790e-01 9.97465e-01
1.99120e+01 -5.58400e-01 1.52977e+00
2.01235e+01 -1.62082e-01 2.28816e+00
2.03189e+01 3.83189e-01 3.32008e+00
2.04610e+01 8.98123e-01 3.81429e+00
2.06073e+01 1.43023e+00 3.23973e+00
2.07648e+01 1.82102e+00 1.68652e+00
2.08943e+01 1.96848e+00 6.75434e-01
2.10237e+01 2.01648e+00 1.31637e-01
2.11652e+01 2.01349e+00 -1.35653e-01
2.13184e+01 1.98225e+00 -2.54907e-01
2.15015e+01 1.92937e+00 -3.14453e-01
2.17291e+01 1.85319e+00 -3.52265e-01
2.20248e+01 1.74311e+00 -3.92447e-01
2.24354e+01 1.56837e+00 -4.63690e-01
2.28473e+01 1.35540e+00 -5.81603e-01
2.33321e+01 1.01244e+00 -8.79071e-01
2.36563e+01 6.60190e-01 -1.35885e+00
2.38817e+01 2.84804e-01 -2.04253e+00
2.40745e+01 -1.95844e-01 -2.99497e+00
2.42376e+01 -7.52922e-01 -3.75392e+00
2.43789e+01 -1.28304e+00 -3.54642e+00
2.44982e+01 -1.64994e+00 -2.51780e+00
2.46174e+01 -1.87792e+00 -1.34133e+00
2.47367e+01 -1.98492e+00 -5.25549e-01
2.48737e+01 -2.01948e+00 -4.24809e-02
2.50156e+01 -2.00799e+00 1.73430e-01
2.51747e+01 -1.97130e+00 2.73116e-01
2.53673e+01 -1.91312e+00 3.24654e-01
2.56084e+01 -1.83020e+00 3.61003e-01
2.59298e+01 -1.70717e+00 4.05783e-01
2.63240e+01 -1.53358e+00 4.80249e-01
2.67456e+01 -1.30554e+00 6.15683e-01
2.72491e+01 -9.17305e-01 9.90587e-01
2.75377e+01 -5.64785e-01 1.51868e+00
2.77500e+01 -1.69806e-01 2.27258e+00
2.79460e+01 3.74302e-01 3.30587e+00
2.80888e+01 8.90144e-01 3.81296e+00
2.82357e+01 1.42551e+00 3.25160e+00
2.83920e+01 1.81649e+00 1.71230e+00
2.85205e+01 1.96596e+00 6.97186e-01
2.86489e+01 2.01583e+00 1.45093e-01
2.87906e+01 2.01409e+00 -1.30249e-01
2.89430e+01 1.98356e+00 -2.52330e-01
2.91250e+01 1.93137e+00 -3.13058e-01
2.93509e+01 1.85600e+00 -3.51155e-01
2.96438e+01 1.74737e+00 -3.90896e-01
3.00596e+01 1.57097e+00 -4.62485e-01
3.04754e+01 1.35643e+00 -5.80924e-01
3.09597e+01 1.01447e+00 -8.76838e-01
3.12849e+01 6.61925e-01 -1.35605e+00
3.15105e+01 2.86919e-01 -2.03835e+00
3.17033e+01 -1.92801e-01 -2.98931e+00
3.18669e+01 -7.50815e-01 -3.75251e+00
3.20081e+01 -1.28037e+00 -3.55082e+00
3.21272e+01 -1.64783e+00 -2.52640e+00
3.22464e+01 -1.87669e+00 -1.34926e+00
3.23655e+01 -1.98440e+00 -5.30615e-01
3.25020e+01 -2.01941e+00 -4.59751e-02
3.26439e+01 -2.00827e+00 1.71883e-01
3.28027e+01 -1.97182e+00 2.72363e-01
3.29948e+01 -1.91388e+00 3.24218e-01
3.32353e+01 -1.83127e+00 3.60605e-01
3.35554e+01 -1.70891e+00 4.05126e-01
3.39498e+01 -1.53553e+00 4.79298e-01
3.43708e+01 -1.30840e+00 6.13657e-01
3.48732e+01 -9.22921e-01 9.83629e-01
3.51633e+01 -5.71299e-01 1.50740e+00
3.53764e+01 -1.77665e-01 2.25673e+00
3.55719e+01 3.60932e-01 3.28424e+00
3.57158e+01 8.79105e-01 3.81072e+00
3.58637e+01 1.41932e+00 3.26696e+00
3.60186e+01 1.81077e+00 1.74448e+00
3.61459e+01 1.96278e+00 7.24102e-01
3.62731e+01 2.01497e+00 1.61708e-01
3.64152e+01 2.01476e+00 -1.23735e-01
3.65669e+01 1.98508e+00 -2.49234e-01
3.67475e+01 1.93368e+00 -3.11394e-01
3.69715e+01 1.85927e+00 -3.49854e-01
3.72611e+01 1.75228e+00 -3.89115e-01
3.76852e+01 1.57295e+00 -4.61576e-01
3.81093e+01 1.35409e+00 -5.82462e-01
3.85942e+01 1.01040e+00 -8.81328e-01
3.89174e+01 6.58425e-01 -1.36170e+00
3.91425e+01 2.82657e-01 -2.04678e+00
3.93353e+01 -1.98940e-01 -3.00071e+00
3.94979e+01 -7.55078e-01 -3.75535e+00
3.96395e+01 -1.28579e+00 -3.54185e+00
3.97588e+01 -1.65211e+00 -2.50887e+00
3.98781e+01 -1.87920e+00 -1.33308e+00
3.99975e+01 -1.98547e+00 -5.20263e-01
4.01351e+01 -2.01955e+00 -3.88135e-02
4.02771e+01 -2.00769e+00 1.75058e-01
4.04365e+01 -1.97075e+00 2.73908e-01
4.06295e+01 -1.91231e+00 3.25115e-01
4.08714e+01 -1.82905e+00 3.61427e-01
4.11941e+01 -1.70531e+00 4.06488e-01
4.15881e+01 -1.53148e+00 4.81279e-01
4.20103e+01 -1.30246e+00 6.17884e-01
4.25149e+01 -9.11210e-01 9.98191e-01
4.28021e+01 -5.57728e-01 1.53094e+00
4.30135e+01 -1.61268e-01 2.28981e+00
4.32087e+01 3.83912e-01 3.32123e+00
4.33508e+01 8.98815e-01 3.81439e+00
4.34970e+01 1.43065e+00 3.23865e+00
4.36547e+01 1.82143e+00 1.68416e+00
4.37842e+01 1.96872e+00 6.73430e-01
4.39138e+01 2.01654e+00 1.30396e-01
4.40553e+01 2.01343e+00 -1.36156e-01
4.42085e+01 1.98212e+00 -2.55147e-01
4.43917e+01 1.92919e+00 -3.14583e-01
4.46194e+01 1.85292e+00 -3.52370e-01
4.49155e+01 1.74270e+00 -3.92595e-01
4.53256e+01 1.56808e+00 -4.63820e-01
4.57376e+01 1.35501e+00 -5.81859e-01
4.62225e+01 1.01172e+00 -8.79863e-01
4.65464e+01 6.59573e-01 -1.35984e+00
4.67717e+01 2.84053e-01 -2.04402e+00
4.69645e+01 -1.96926e-01 -2.99698e+00
4.71274e+01 -7.53674e-01 -3.75442e+00
4.72688e+01 -1.28399e+00 -3.54484e+00
4.73881e+01 -1.65069e+00 -2.51470e+00
4.75074e+01 -1.87837e+00 -1.33847e+00
4.76266e+01 -1.98511e+00 -5.23716e-01
4.77639e+01 -2.01950e+00 -4.12118e-02
4.79058e+01 -2.00789e+00 1.73993e-01
4.80650e+01 -1.97111e+00 2.73390e-01
4.82578e+01 -1.91284e+00 3.24813e-01
4.84992e+01 -1.82980e+00 3.61149e-01
4.88210e+01 -1.70653e+00 4.06026e-01
4.92151e+01 -1.53286e+00 4.80602e-01
4.96369e+01 -1.30449e+00 6.16436e-01
5.01408e+01 -9.15219e-01 9.93183e-01
5.04289e+01 -5.62369e-01 1.52287e+00
5.06409e+01 -1.66886e-01 2.27847e+00
5.08371e+01 3.78947e-01 3.31331e+00
5.09794e+01 8.94057e-01 3.81364e+00
5.11260e+01 1.42775e+00 3.24598e+00
5.12829e+01 1.81863e+00 1.70016e+00
5.14118e+01 1.96715e+00 6.86963e-01
5.15407e+01 2.01614e+00 1.38771e-01
5.16823e+01 2.01381e+00 -1.32774e-01
5.18351e+01 1.98295e+00 -2.53534e-01
5.20176e+01 1.93045e+00 -3.13708e-01
5.22443e+01 1.85470e+00 -3.51670e-01
5.25385e+01 1.74540e+00 -3.91613e-01
5.29516e+01 1.56985e+00 -4.63004e-01
5.33648e+01 1.35653e+00 -5.80859e-01
5.38492e+01 1.01458e+00 -8.76720e-01
5.41745e+01 6.62018e-01 -1.35590e+00
5.44001e+01 2.87032e-01 -2.03813e+00
5.45929e+01 -1.92639e-01 -2.98901e+00
5.47565e+01 -7.50703e-01 -3.75243e+00
5.48977e+01 -1.28022e+00 -3.55105e+00
5.50168e+01 -1.64772e+00 -2.52686e+00
5.51360e+01 -1.87663e+00 -1.34967e+00
5.52551e+01 -1.98437e+00 -5.30882e-01
5.53916e+01 -2.01941e+00 -4.61587e-02
5.55334e+01 -2.00828e+00 1.71802e-01
5.56922e+01 -1.97184e+00 2.72323e-01
5.58843e+01 -1.91392e+00 3.24195e-01
5.61248e+01 -1.83133e+00 3.60584e-01
5.64448e+01 -1.70900e+00 4.05092e-01
5.68392e+01 -1.53563e+00 4.79249e-01
5.72602e+01 -1.30854e+00 6.13552e-01
5.77626e+01 -9.23211e-01 9.83271e-01
5.80527e+01 -5.71636e-01 1.50682e+00
5.82658e+01 -1.78071e-01 2.25591e+00
5.84613e+01 3.60249e-01 3.28312e+00
5.86052e+01 8.78544e-01 3.81059e+00
5.87532e+01 1.41901e+00 3.26773e+00
5.89081e+01 1.81049e+00 1.74604e+00
5.90353e+01 1.96263e+00 7.25408e-01
5.91625e+01 2.01493e+00 1.62512e-01
5.93046e+01 2.01479e+00 -1.23424e-01
5.94562e+01 1.98516e+00 -2.49086e-01
5.96368e+01 1.93379e+00 -3.11316e-01
5.98607e+01 1.85942e+00 -3.49793e-01
6.01501e+01 1.75250e+00 -3.89033e-01
6.05747e+01 1.57300e+00 -4.61551e-01
6.09993e+01 1.35388e+00 -5.82596e-01
6.14842e+01 1.01004e+00 -8.81727e-01
6.18072e+01 6.58114e-01 -1.36220e+00
6.20323e+01 2.82279e-01 -2.04753e+00
6.22251e+01 -1.99486e-01 -3.00172e+00
6.23877e+01 -7.55460e-01 -3.75560e+00
6.25292e+01 -1.28627e+00 -3.54104e+00
6.26486e+01 -1.65250e+00 -2.50727e+00
6.27679e+01 -1.87943e+00 -1.33160e+00
6.28873e+01 -1.98557e+00 -5.19316e-01
6.30250e+01 -2.01956e+00 -3.81543e-02
6.31670e+01 -2.00764e+00 1.75351e-01
6.33265e+01 -1.97065e+00 2.74051e-01
6.35196e+01 -1.91216e+00 3.25198e-01
6.37616e+01 -1.82885e+00 3.61504e-01
6.40846e+01 -1.70497e+00 4.06616e-01
6.44785e+01 -1.53110e+00 4.81467e-01
6.49008e+01 -1.30189e+00 6.18288e-01
6.54057e+01 -9.10092e-01 9.99592e-01
6.56925e+01 -5.56435e-01 1.53319e+00
6.59038e+01 -1.59700e-01 2.29297e+00
6.60987e+01 3.85310e-01 3.32345e+00
6.62408e+01 9.00152e-01 3.81459e+00
6.63869e+01 1.43147e+00 3.23658e+00
6.65448e+01 1.82224e+00 1.67956e+00
6.66745e+01 1.96916e+00 6.69527e-01
6.68043e+01 2.01665e+00 1.27978e-01
6.69457e+01 2.01332e+00 -1.37140e-01
6.70991e+01 1.98187e+00 -2.55617e-01
6.72825e+01 1.92881e+00 -3.14839e-01
6.75106e+01 1.85239e+00 -3.52575e-01
6.78071e+01 1.74191e+00 -3.92887e-01
6.82164e+01 1.56752e+00 -4.64082e-01
6.86286e+01 1.35422e+00 -5.82374e-01
6.91138e+01 1.01027e+00 -8.81465e-01
6.94370e+01 6.58325e-01 -1.36186e+00
6.96620e+01 2.82534e-01 -2.04702e+00
6.98548e+01 -1.99117e-01 -3.00104e+00
7.00175e+01 -7.55203e-01 -3.75543e+00
7.01590e+01 -1.28594e+00 -3.54159e+00
7.02783e+01 -1.65224e+00 -2.50835e+00
7.03977e+01 -1.87927e+00 -1.33260e+00
7.05170e+01 -1.98550e+00 -5.19955e-01
7.06547e+01 -2.01955e+00 -3.85991e-02
7.07967e+01 -2.00768e+00 1.75153e-01
7.09561e+01 -1.97071e+00 2.73955e-01
7.11492e+01 -1.91226e+00 3.25142e-01
7.13911e+01 -1.82899e+00 3.61452e-01
7.17139e+01 -1.70520e+00 4.06530e-01
7.21079e+01 -1.53136e+00 4.81340e-01
7.25301e+01 -1.30227e+00 6.18015e-01
7.30348e+01 -9.10847e-01 9.98646e-01
7.33218e+01 -5.57308e-01 1.53167e+00
7.35332e+01 -1.60759e-01 2.29083e+00
7.37283e+01 3.84365e-01 3.32195e+00
7.38704e+01 8.99248e-01 3.81445e+00
7.40166e+01 1.43091e+00 3.23798e+00
7.41743e+01 1.82169e+00 1.68267e+00
7.43039e+01 1.96886e+00 6.72170e-01
7.44335e+01 2.01658e+00 1.29615e-01
7.45750e+01 2.01340e+00 -1.36474e-01
7.47283e+01 1.98204e+00 -2.55299e-01
7.49116e+01 1.92907e+00 -3.14666e-01
7.51394e+01 1.85275e+00 -3.52436e-01
7.54356e+01 1.74245e+00 -3.92689e-01
7.58455e+01 1.56790e+00 -4.63903e-01
7.62575e+01 1.35476e+00 -5.82022e-01
7.67426e+01 1.01126e+00 -8.80372e-01
7.70662e+01 6.59176e-01 -1.36048e+00
7.72914e+01 2.83571e-01 -2.04497e+00
7.74842e+01 -1.97622e-01 -2.99827e+00
7.76471e+01 -7.54159e-01 -3.75474e+00
7.77885e+01 -1.28461e+00 -3.54381e+00
7.79078e+01 -1.65118e+00 -2.51269e+00
7.80271e+01 -1.87865e+00 -1.33661e+00
7.81464e+01 -1.98524e+00 -5.22530e-01
7.82837e+01 -2.01952e+00 -4.03889e-02
7.84257e+01 -2.00782e+00 1.74358e-01
7.85850e+01 -1.97098e+00 2.73568e-01
7.87778e+01 -1.91266e+00 3.24917e-01
7.90194e+01 -1.82955e+00 3.61244e-01
7.93415e+01 -1.70611e+00 4.06183e-01
7.97356e+01 -1.53239e+00 4.80833e-01
8.01575e+01 -1.30379e+00 6.16929e-01
8.06617e+01 -9.13853e-01 9.94886e-01
8.09494e+01 -5.60788e-01 1.52562e+00
8.11612e+01 -1.64973e-01 2.28233e+00
8.13571e+01 3.80630e-01 3.31600e+00
8.14993e+01 8.95672e-01 3.81390e+00
8.16458e+01 1.42873e+00 3.24351e+00
8.18030e+01 1.81957e+00 1.69479e+00
8.19321e+01 1.96767e+00 6.82432e-01
8.20612e+01 2.01628e+00 1.35968e-01
8.22028e+01 2.01369e+00 -1.33902e-01
8.23557e+01 1.98268e+00 -2.54071e-01
8.25384e+01 1.93003e+00 -3.13999e-01
8.27654e+01 1.85411e+00 -3.51902e-01
8.30602e+01 1.74451e+00 -3.91937e-01
8.34723e+01 1.56929e+00 -4.63261e-01
8.38845e+01 1.35646e+00 -5.80908e-01
8.43689e+01 1.01441e+00 -8.76908e-01
8.46941e+01 6.61872e-01 -1.35613e+00
8.49197e+01 2.86854e-01 -2.03848e+00
8.51125e+01 -1.92894e-01 -2.98948e+00
8.52761e+01 -7.50880e-01 -3.75255e+00
8.54172e+01 -1.28045e+00 -3.55068e+00
8.55364e+01 -1.64790e+00 -2.52614e+00
8.56555e+01 -1.87673e+00 -1.34902e+00
8.57747e+01 -1.98441e+00 -5.30462e-01
8.59112e+01 -2.01941e+00 -4.58695e-02
8.60530e+01 -2.00826e+00 1.71929e-01
8.62119e+01 -1.97180e+00 2.72385e-01
8.64040e+01 -1.91385e+00 3.24231e-01
8.66446e+01 -1.83124e+00 3.60617e-01
8.69646e+01 -1.70886e+00 4.05146e-01
8.73591e+01 -1.53547e+00 4.79326e-01
8.77800e+01 -1.30831e+00 6.13717e-01
8.82825e+01 -9.22754e-01 9.83835e-01
8.85725e+01 -5.71105e-01 1.50774e+00
8.87856e+01 -1.77431e-01 2.25720e+00
8.89811e+01 3.61327e-01 3.28488e+00
8.91250e+01 8.79429e-01 3.81079e+00
8.92729e+01 1.41950e+00 3.26652e+00
8.94278e+01 1.81093e+00 1.74357e+00
8.95551e+01 1.96287e+00 7.23347e-01
8.96824e+01 2.01500e+00 1.61242e-01
8.98245e+01 2.01474e+00 -1.23915e-01
8.99761e+01 1.98504e+00 -2.49319e-01
9.01568e+01 1.93362e+00 -3.11440e-01
9.03809e+01 1.85918e+00 -3.49890e-01
9.06706e+01 1.75214e+00 -3.89163e-01
9.10944e+01 1.57292e+00 -4.61591e-01
9.15182e+01 1.35420e+00 -5.82388e-01
9.20031e+01 1.01060e+00 -8.81106e-01
9.23264e+01 6.58598e-01 -1.36142e+00
9.25515e+01 2.82868e-01 -2.04636e+00
9.27443e+01 -1.98635e-01 -3.00015e+00
9.29070e+01 -7.54866e-01 -3.75521e+00
9.30485e+01 -1.28551e+00 -3.54231e+00
9.31678e+01 -1.65189e+00 -2.50975e+00
9.32872e+01 -1.87907e+00 -1.33390e+00
9.34065e+01 -1.98542e+00 -5.20788e-01
9.35440e+01 -2.01954e+00 -3.91790e-02
9.36860e+01 -2.00772e+00 1.74895e-01
9.38454e+01 -1.97080e+00 2.73829e-01
9.40384e+01 -1.91239e+00 3.25069e-01
9.42802e+01 -1.82917e+00 3.61385e-01
9.46028e+01 -1.70550e+00 4.06417e-01
9.49968e+01 -1.53169e+00 4.81175e-01
9.54189e+01 -1.30277e+00 6.17661e-01
9.59234e+01 -9.11827e-01 9.97419e-01
9.62107e+01 -5.58442e-01 1.52970e+00
9.64222e+01 -1.62132e-01 2.28806e+00
9.66176e+01 3.83144e-01 3.32001e+00
9.67597e+01 8.98079e-01 3.81428e+00
9.69060e+01 1.43020e+00 3.23979e+00
9.70636e+01 1.82100e+00 1.68667e+00
9.71930e+01 1.96847e+00 6.75559e-01
9.73224e+01 2.01648e+00 1.31714e-01
9.74639e+01 2.01349e+00 -1.35621e-01
9.76171e+01 1.98225e+00 -2.54892e-01
9.78002e+01 1.92939e+00 -3.14445e-01
9.80278e+01 1.85320e+00 -3.52258e-01
9.83235e+01 1.74313e+00 -3.92438e-01
9.87341e+01 1.56838e+00 -4.63682e-01
9.91460e+01 1.35542e+00 -5.81587e-01
9.96308e+01 1.01249e+00 -8.79022e-01
1.00000e+02 5.96843e-01 -1.46370e+00
