1.00000e-06 1.00000e+00 -1.00000e-06
6.00000e-06 1.00000e+00 -6.00000e-06
3.10000e-05 1.00000e+00 -3.10000e-05
1.56000e-04 1.00000e+00 -1.56000e-04
7.81000e-04 1.00000e+00 -7.81000e-04
3.90600e-03 9.99992e-01 -3.90599e-03
1.95310e-02 9.99809e-01 -1.95299e-02
9.76560e-02 9.95233e-01 -9.76142e-02
4.17737e-01 9.10832e-01 -4.44045e-01
6.42919e-01 7.71319e-01 -8.38053e-01
8.25937e-01 5.63181e-01 -1.53568e+00
9.46754e-01 3.23700e-01 -2.54670e+00
1.03689e+00 3.66968e-02 -3.94245e+00
1.12984e+00 -4.26664e-01 -6.11318e+00
1.19154e+00 -8.44875e-01 -7.28970e+00
1.25565e+00 -1.30913e+00 -6.80755e+00
1.30677e+00 -1.61415e+00 -4.98747e+00
1.35790e+00 -1.81547e+00 -2.94264e+00
1.40902e+00 -1.92533e+00 -1.47379e+00
1.46471e+00 -1.98004e+00 -5.95137e-01
1.52368e+00 -2.00083e+00 -1.69755e-01
1.58613e+00 -2.00478e+00 1.48362e-02
1.65688e+00 -2.00052e+00 9.23141e-02
1.73817e+00 -1.99160e+00 1.21506e-01
1.83211e+00 -1.97961e+00 1.31687e-01
1.94194e+00 -1.96489e+00 1.35685e-01
2.07282e+00 -1.94696e+00 1.38270e-01
2.23351e+00 -1.92452e+00 1.41062e-01
2.45177e+00 -1.89330e+00 1.45037e-01
2.67356e+00 -1.86065e+00 1.49453e-01
2.89535e+00 -1.82697e+00 1.54321e-01
3.12164e+00 -1.79144e+00 1.59842e-01
3.35318e+00 -1.75371e+00 1.66185e-01
3.59059e+00 -1.71340e+00 1.73583e-01
3.83467e+00 -1.66998e+00 1.82367e-01
4.08644e+00 -1.62276e+00 1.93038e-01
4.34722e+00 -1.57074e+00 2.06385e-01
4.61885e+00 -1.51242e+00 2.23746e-01
4.90403e+00 -1.44538e+00 2.47598e-01
5.20697e+00 -1.36533e+00 2.83142e-01
5.53512e+00 -1.26335e+00 3.43614e-01
5.90328e+00 -1.11580e+00 4.75464e-01
6.22126e+00 -9.27058e-01 7.58909e-01
6.41294e+00 -7.46051e-01 1.18976e+00
6.59367e+00 -4.52755e-01 2.22995e+00
6.68654e+00 -1.96536e-01 3.40000e+00
6.76867e+00 1.48094e-01 5.10803e+00
6.85087e+00 6.54140e-01 7.14536e+00
6.90668e+00 1.07251e+00 7.59952e+00
6.96339e+00 1.47396e+00 6.25322e+00
7.02011e+00 1.76094e+00 3.83198e+00
7.07181e+00 1.90834e+00 1.99173e+00
7.12351e+00 1.98001e+00 8.94714e-01
7.18392e+00 2.01292e+00 2.82457e-01
7.24432e+00 2.02129e+00 3.22373e-02
7.31060e+00 2.01938e+00 -7.23008e-02
7.38656e+00 2.01205e+00 -1.13122e-01
7.47406e+00 2.00139e+00 -1.27498e-01
7.57581e+00 1.98811e+00 -1.32646e-01
7.69609e+00 1.97198e+00 -1.35295e-01
7.84181e+00 1.95209e+00 -1.37737e-01
8.02758e+00 1.92621e+00 -1.40861e-01
8.25703e+00 1.89342e+00 -1.45021e-01
8.48649e+00 1.85963e+00 -1.49595e-01
8.71594e+00 1.82474e+00 -1.54657e-01
8.94539e+00 1.78861e+00 -1.60299e-01
9.17727e+00 1.75072e+00 -1.66712e-01
9.41517e+00 1.71018e+00 -1.74202e-01
9.65981e+00 1.66651e+00 -1.83111e-01
9.91221e+00 1.61896e+00 -1.93953e-01
1.01737e+01 1.56652e+00 -2.07552e-01
1.04463e+01 1.50763e+00 -2.25302e-01
1.07327e+01 1.43977e+00 -2.49814e-01
1.10372e+01 1.35845e+00 -2.86629e-01
1.13678e+01 1.25415e+00 -3.50124e-01
1.17399e+01 1.10103e+00 -4.92419e-01
1.20372e+01 9.19536e-01 -7.73523e-01
1.22277e+01 7.35620e-01 -1.21970e+00
1.24037e+01 4.44073e-01 -2.26636e+00
1.24957e+01 1.86051e-01 -3.45108e+00
1.25776e+01 -1.62551e-01 -5.17814e+00
1.26595e+01 -6.72056e-01 -7.19389e+00
1.27153e+01 -1.09174e+00 -7.58034e+00
1.27718e+01 -1.48839e+00 -6.16363e+00
1.28283e+01 -1.76895e+00 -3.74351e+00
1.28798e+01 -1.91210e+00 -1.93827e+00
1.29313e+01 -1.98152e+00 -8.69256e-01
1.29911e+01 -2.01322e+00 -2.75826e-01
1.30508e+01 -2.02130e+00 -3.12270e-02
1.31172e+01 -2.01934e+00 7.27335e-02
1.31932e+01 -2.01198e+00 1.13280e-01
1.32808e+01 -2.00131e+00 1.27552e-01
1.33827e+01 -1.98801e+00 1.32669e-01
1.35031e+01 -1.97186e+00 1.35311e-01
1.36490e+01 -1.95194e+00 1.37755e-01
1.38352e+01 -1.92601e+00 1.40887e-01
1.40643e+01 -1.89326e+00 1.45043e-01
1.42934e+01 -1.85951e+00 1.49611e-01
1.45225e+01 -1.82467e+00 1.54667e-01
1.47516e+01 -1.78860e+00 1.60301e-01
1.49835e+01 -1.75070e+00 1.66715e-01
1.52214e+01 -1.71017e+00 1.74206e-01
1.54660e+01 -1.66649e+00 1.83115e-01
1.57184e+01 -1.61894e+00 1.93959e-01
1.59800e+01 -1.56649e+00 2.07558e-01
1.62525e+01 -1.50760e+00 2.25311e-01
1.65389e+01 -1.43974e+00 2.49826e-01
1.68435e+01 -1.35841e+00 2.86648e-01
1.71740e+01 -1.25409e+00 3.50161e-01
1.75462e+01 -1.10095e+00 4.92517e-01
1.78434e+01 -9.19488e-01 7.73617e-01
1.80339e+01 -7.35554e-01 1.21989e+00
1.82098e+01 -4.44017e-01 2.26660e+00
1.83019e+01 -1.85976e-01 3.45145e+00
1.83837e+01 1.62656e-01 5.17864e+00
1.84656e+01 6.72188e-01 7.19424e+00
1.85215e+01 1.09189e+00 7.58018e+00
1.85780e+01 1.48850e+00 6.16294e+00
1.86345e+01 1.76901e+00 3.74283e+00
1.86860e+01 1.91213e+00 1.93782e+00
1.87375e+01 1.98153e+00 8.69022e-01
1.87972e+01 2.01322e+00 2.75757e-01
1.88570e+01 2.02130e+00 3.12120e-02
1.89233e+01 2.01934e+00 -7.27398e-02
1.89993e+01 2.01198e+00 -1.13282e-01
1.90869e+01 2.00131e+00 -1.27553e-01
1.91888e+01 1.98801e+00 -1.32669e-01
1.93092e+01 1.97186e+00 -1.35311e-01
1.94552e+01 1.95194e+00 -1.37755e-01
1.96413e+01 1.92600e+00 -1.40887e-01
1.98704e+01 1.89326e+00 -1.45043e-01
2.00995e+01 1.85951e+00 -1.49612e-01
2.03286e+01 1.82467e+00 -1.54667e-01
2.05577e+01 1.78860e+00 -1.60301e-01
2.07896e+01 1.75070e+00 -1.66715e-01
2.10275e+01 1.71017e+00 -1.74206e-01
2.12721e+01 1.66649e+00 -1.83115e-01
2.15246e+01 1.61894e+00 -1.93959e-01
2.17861e+01 1.56649e+00 -2.07558e-01
2.20587e+01 1.50760e+00 -2.25311e-01
2.23450e+01 1.43974e+00 -2.49826e-01
2.26496e+01 1.35841e+00 -2.86649e-01
2.29802e+01 1.25409e+00 -3.50162e-01
2.33523e+01 1.10095e+00 -4.92519e-01
2.36495e+01 9.19487e-01 -7.73619e-01
2.38400e+01 7.35553e-01 -1.21989e+00
2.40159e+01 4.44016e-01 -2.26660e+00
2.41080e+01 1.85974e-01 -3.45146e+00
2.41899e+01 -1.62658e-01 -5.17865e+00
2.42717e+01 -6.72191e-01 -7.19425e+00
2.43276e+01 -1.09189e+00 -7.58018e+00
2.43841e+01 -1.48850e+00 -6.16293e+00
2.44406e+01 -1.76901e+00 -3.74282e+00
2.44921e+01 -1.91213e+00 -1.93782e+00
2.45436e+01 -1.98153e+00 -8.69017e-01
2.46033e+01 -2.01322e+00 -2.75756e-01
2.46631e+01 -2.02130e+00 -3.12118e-02
2.47294e+01 -2.01934e+00 7.27399e-02
2.48055e+01 -2.01198e+00 1.13282e-01
2.48931e+01 -2.00131e+00 1.27553e-01
2.49949e+01 -1.98801e+00 1.32669e-01
2.51153e+01 -1.97186e+00 1.35311e-01
2.52613e+01 -1.95194e+00 1.37755e-01
2.54474e+01 -1.92600e+00 1.40887e-01
2.56765e+01 -1.89326e+00 1.45043e-01
2.59056e+01 -1.85951e+00 1.49612e-01
2.61347e+01 -1.82467e+00 1.54667e-01
2.63638e+01 -1.78860e+00 1.60301e-01
2.65957e+01 -1.75070e+00 1.66715e-01
2.68336e+01 -1.71017e+00 1.74206e-01
2.70783e+01 -1.66649e+00 1.83115e-01
2.73307e+01 -1.61894e+00 1.93959e-01
2.75922e+01 -1.56649e+00 2.07558e-01
2.78648e+01 -1.50760e+00 2.25311e-01
2.81511e+01 -1.43974e+00 2.49826e-01
2.84557e+01 -1.35841e+00 2.86649e-01
2.87863e+01 -1.25409e+00 3.50162e-01
2.91584e+01 -1.10095e+00 4.92519e-01
2.94556e+01 -9.19487e-01 7.73619e-01
2.96461e+01 -7.35553e-01 1.21989e+00
2.98220e+01 -4.44016e-01 2.26660e+00
2.99141e+01 -1.85974e-01 3.45146e+00
2.99960e+01 1.62658e-01 5.17865e+00
3.00778e+01 6.72191e-01 7.19425e+00
3.01337e+01 1.09189e+00 7.58018e+00
3.01902e+01 1.48850e+00 6.16293e+00
3.02467e+01 1.76901e+00 3.74282e+00
3.02982e+01 1.91213e+00 1.93782e+00
3.03497e+01 1.98153e+00 8.69017e-01
3.04094e+01 2.01322e+00 2.75756e-01
3.04692e+01 2.02130e+00 3.12118e-02
3.05355e+01 2.01934e+00 -7.27399e-02
3.06116e+01 2.01198e+00 -1.13282e-01
3.06992e+01 2.00131e+00 -1.27553e-01
3.08010e+01 1.98801e+00 -1.32669e-01
3.09215e+01 1.97186e+00 -1.35311e-01
3.10674e+01 1.95194e+00 -1.37755e-01
3.12535e+01 1.92600e+00 -1.40887e-01
3.14826e+01 1.89326e+00 -1.45043e-01
3.17117e+01 1.85951e+00 -1.49612e-01
3.19408e+01 1.82467e+00 -1.54667e-01
3.21699e+01 1.78860e+00 -1.60301e-01
3.24018e+01 1.75070e+00 -1.66715e-01
3.26397e+01 1.71017e+00 -1.74206e-01
3.28844e+01 1.66649e+00 -1.83115e-01
3.31368e+01 1.61894e+00 -1.93959e-01
3.33983e+01 1.56649e+00 -2.07558e-01
3.36709e+01 1.50760e+00 -2.25311e-01
3.39573e+01 1.43974e+00 -2.49826e-01
3.42618e+01 1.35841e+00 -2.86649e-01
3.45924e+01 1.25409e+00 -3.50162e-01
3.49646e+01 1.10095e+00 -4.92519e-01
3.52617e+01 9.19487e-01 -7.73619e-01
3.54522e+01 7.35553e-01 -1.21989e+00
3.56281e+01 4.44016e-01 -2.26660e+00
3.57202e+01 1.85974e-01 -3.45146e+00
3.58021e+01 -1.62658e-01 -5.17865e+00
3.58840e+01 -6.72191e-01 -7.19425e+00
3.59398e+01 -1.09189e+00 -7.58018e+00
3.59963e+01 -1.48850e+00 -6.16293e+00
3.60528e+01 -1.76901e+00 -3.74282e+00
3.61043e+01 -1.91213e+00 -1.93782e+00
3.61558e+01 -1.98153e+00 -8.69017e-01
3.62156e+01 -2.01322e+00 -2.75756e-01
3.62753e+01 -2.02130e+00 -3.12118e-02
3.63417e+01 -2.01934e+00 7.27399e-02
3.64177e+01 -2.01198e+00 1.13282e-01
3.65053e+01 -2.00131e+00 1.27553e-01
3.66071e+01 -1.98801e+00 1.32669e-01
3.67276e+01 -1.97186e+00 1.35311e-01
3.68735e+01 -1.95194e+00 1.37755e-01
3.70597e+01 -1.92600e+00 1.40887e-01
3.72888e+01 -1.89326e+00 1.45043e-01
3.75179e+01 -1.85951e+00 1.49612e-01
3.77470e+01 -1.82467e+00 1.54667e-01
3.79761e+01 -1.78860e+00 1.60301e-01
3.82080e+01 -1.75070e+00 1.66715e-01
3.84459e+01 -1.71017e+00 1.74206e-01
3.86905e+01 -1.66649e+00 1.83115e-01
3.89429e+01 -1.61894e+00 1.93959e-01
3.92044e+01 -1.56649e+00 2.07558e-01
3.94770e+01 -1.50760e+00 2.25311e-01
3.97634e+01 -1.43974e+00 2.49826e-01
4.00679e+01 -1.35841e+00 2.86649e-01
4.03985e+01 -1.25409e+00 3.50162e-01
4.07707e+01 -1.10095e+00 4.92519e-01
4.10678e+01 -9.19487e-01 7.73619e-01
4.12583e+01 -7.35553e-01 1.21989e+00
4.14343e+01 -4.44016e-01 2.26660e+00
4.15263e+01 -1.85974e-01 3.45146e+00
4.16082e+01 1.62658e-01 5.17865e+00
4.16901e+01 6.72191e-01 7.19425e+00
4.17459e+01 1.09189e+00 7.58018e+00
4.18024e+01 1.48850e+00 6.16293e+00
4.18589e+01 1.76901e+00 3.74282e+00
4.19104e+01 1.91213e+00 1.93782e+00
4.19619e+01 1.98153e+00 8.69017e-01
4.20217e+01 2.01322e+00 2.75756e-01
4.20814e+01 2.02130e+00 3.12118e-02
4.21478e+01 2.01934e+00 -7.27399e-02
4.22238e+01 2.01198e+00 -1.13282e-01
4.23114e+01 2.00131e+00 -1.27553e-01
4.24133e+01 1.98801e+00 -1.32669e-01
4.25337e+01 1.97186e+00 -1.35311e-01
4.26796e+01 1.95194e+00 -1.37755e-01
4.28658e+01 1.92600e+00 -1.40887e-01
4.30949e+01 1.89326e+00 -1.45043e-01
4.33240e+01 1.85951e+00 -1.49612e-01
4.35531e+01 1.82467e+00 -1.54667e-01
4.37822e+01 1.78860e+00 -1.60301e-01
4.40141e+01 1.75070e+00 -1.66715e-01
4.42520e+01 1.71017e+00 -1.74206e-01
4.44966e+01 1.66649e+00 -1.83115e-01
4.47490e+01 1.61894e+00 -1.93959e-01
4.50106e+01 1.56649e+00 -2.07558e-01
4.52831e+01 1.50760e+00 -2.25311e-01
4.55695e+01 1.43974e+00 -2.49826e-01
4.58741e+01 1.35841e+00 -2.86649e-01
4.62046e+01 1.25409e+00 -3.50162e-01
4.65768e+01 1.10095e+00 -4.92519e-01
4.68740e+01 9.19487e-01 -7.73619e-01
4.70645e+01 7.35553e-01 -1.21989e+00
4.72404e+01 4.44016e-01 -2.26660e+00
4.73324e+01 1.85974e-01 -3.45146e+00
4.74143e+01 -1.62658e-01 -5.17865e+00
4.74962e+01 -6.72191e-01 -7.19425e+00
4.75520e+01 -1.09189e+00 -7.58018e+00
4.76085e+01 -1.48850e+00 -6.16293e+00
4.76651e+01 -1.76901e+00 -3.74282e+00
4.77165e+01 -1.91213e+00 -1.93782e+00
4.77680e+01 -1.98153e+00 -8.69017e-01
4.78278e+01 -2.01322e+00 -2.75756e-01
4.78875e+01 -2.02130e+00 -3.12118e-02
4.79539e+01 -2.01934e+00 7.27399e-02
4.80299e+01 -2.01198e+00 1.13282e-01
4.81175e+01 -2.00131e+00 1.27553e-01
4.82194e+01 -1.98801e+00 1.32669e-01
4.83398e+01 -1.97186e+00 1.35311e-01
4.84857e+01 -1.95194e+00 1.37755e-01
4.86719e+01 -1.92600e+00 1.40887e-01
4.89010e+01 -1.89326e+00 1.45043e-01
4.91301e+01 -1.85951e+00 1.49612e-01
4.93592e+01 -1.82467e+00 1.54667e-01
4.95883e+01 -1.78860e+00 1.60301e-01
4.98202e+01 -1.75070e+00 1.66715e-01
5.00581e+01 -1.71017e+00 1.74206e-01
5.03027e+01 -1.66649e+00 1.83115e-01
5.05551e+01 -1.61894e+00 1.93959e-01
5.08167e+01 -1.56649e+00 2.07558e-01
5.10892e+01 -1.50760e+00 2.25311e-01
5.13756e+01 -1.43974e+00 2.49826e-01
5.16802e+01 -1.35841e+00 2.86649e-01
5.20107e+01 -1.25409e+00 3.50162e-01
5.23829e+01 -1.10095e+00 4.92519e-01
5.26801e+01 -9.19487e-01 7.73619e-01
5.28706e+01 -7.35553e-01 1.21989e+00
5.30465e+01 -4.44016e-01 2.26660e+00
5.31385e+01 -1.85974e-01 3.45146e+00
5.32204e+01 1.62658e-01 5.17865e+00
5.33023e+01 6.72191e-01 7.19425e+00
5.33581e+01 1.09189e+00 7.58018e+00
5.34147e+01 1.48850e+00 6.16293e+00
5.34712e+01 1.76901e+00 3.74282e+00
5.35227e+01 1.91213e+00 1.93782e+00
5.35742e+01 1.98153e+00 8.69017e-01
5.36339e+01 2.01322e+00 2.75756e-01
5.36937e+01 2.02130e+00 3.12118e-02
5.37600e+01 2.01934e+00 -7.27399e-02
5.38360e+01 2.01198e+00 -1.13282e-01
5.39236e+01 2.00131e+00 -1.27553e-01
5.40255e+01 1.98801e+00 -1.32669e-01
5.41459e+01 1.97186e+00 -1.35311e-01
5.42918e+01 1.95194e+00 -1.37755e-01
5.44780e+01 1.92600e+00 -1.40887e-01
5.47071e+01 1.89326e+00 -1.45043e-01
5.49362e+01 1.85951e+00 -1.49612e-01
5.51653e+01 1.82467e+00 -1.54667e-01
5.53944e+01 1.78860e+00 -1.60301e-01
5.56263e+01 1.75070e+00 -1.66715e-01
5.58642e+01 1.71017e+00 -1.74206e-01
5.61088e+01 1.66649e+00 -1.83115e-01
5.63612e+01 1.61894e+00 -1.93959e-01
5.66228e+01 1.56649e+00 -2.07558e-01
5.68954e+01 1.50760e+00 -2.25311e-01
5.71817e+01 1.43974e+00 -2.49826e-01
5.74863e+01 1.35841e+00 -2.86649e-01
5.78169e+01 1.25409e+00 -3.50162e-01
5.81890e+01 1.10095e+00 -4.92519e-01
5.84862e+01 9.19487e-01 -7.73619e-01
5.86767e+01 7.35553e-01 -1.21989e+00
5.88526e+01 4.44016e-01 -2.26660e+00
5.89447e+01 1.85974e-01 -3.45146e+00
5.90265e+01 -1.62658e-01 -5.17865e+00
5.91084e+01 -6.72191e-01 -7.19425e+00
5.91643e+01 -1.09189e+00 -7.58018e+00
5.92208e+01 -1.48850e+00 -6.16293e+00
5.92773e+01 -1.76901e+00 -3.74282e+00
5.93288e+01 -1.91213e+00 -1.93782e+00
5.93803e+01 -1.98153e+00 -8.69017e-01
5.94400e+01 -2.01322e+00 -2.75756e-01
5.94998e+01 -2.02130e+00 -3.12118e-02
5.95661e+01 -2.01934e+00 7.27399e-02
5.96422e+01 -2.01198e+00 1.13282e-01
5.97297e+01 -2.00131e+00 1.27553e-01
5.98316e+01 -1.98801e+00 1.32669e-01
5.99520e+01 -1.97186e+00 1.35311e-01
6.00980e+01 -1.95194e+00 1.37755e-01
6.02841e+01 -1.92600e+00 1.40887e-01
6.05132e+01 -1.89326e+00 1.45043e-01
6.07423e+01 -1.85951e+00 1.49612e-01
6.09714e+01 -1.82467e+00 1.54667e-01
6.12005e+01 -1.78860e+00 1.60301e-01
6.14324e+01 -1.75070e+00 1.66715e-01
6.16703e+01 -1.71017e+00 1.74206e-01
6.19150e+01 -1.66649e+00 1.83115e-01
6.21674e+01 -1.61894e+00 1.93959e-01
6.24289e+01 -1.56649e+00 2.07558e-01
6.27015e+01 -1.50760e+00 2.25311e-01
6.29878e+01 -1.43974e+00 2.49826e-01
6.32924e+01 -1.35841e+00 2.86649e-01
6.36230e+01 -1.25409e+00 3.50162e-01
6.39951e+01 -1.10095e+00 4.92519e-01
6.42923e+01 -9.19487e-01 7.73619e-01
6.44828e+01 -7.35553e-01 1.21989e+00
6.46587e+01 -4.44016e-01 2.26660e+00
6.47508e+01 -1.85974e-01 3.45146e+00
6.48327e+01 1.62658e-01 5.17865e+00
6.49145e+01 6.72191e-01 7.19425e+00
6.49704e+01 1.09189e+00 7.58018e+00
6.50269e+01 1.48850e+00 6.16293e+00
6.50834e+01 1.76901e+00 3.74282e+00
6.51349e+01 1.91213e+00 1.93782e+00
6.51864e+01 1.98153e+00 8.69017e-01
6.52461e+01 2.01322e+00 2.75756e-01
6.53059e+01 2.02130e+00 3.12118e-02
6.53722e+01 2.01934e+00 -7.27399e-02
6.54483e+01 2.01198e+00 -1.13282e-01
6.55359e+01 2.00131e+00 -1.27553e-01
6.56377e+01 1.98801e+00 -1.32669e-01
6.57581e+01 1.97186e+00 -1.35311e-01
6.59041e+01 1.95194e+00 -1.37755e-01
6.60902e+01 1.92600e+00 -1.40887e-01
6.63193e+01 1.89326e+00 -1.45043e-01
6.65484e+01 1.85951e+00 -1.49612e-01
6.67775e+01 1.82467e+00 -1.54667e-01
6.70066e+01 1.78860e+00 -1.60301e-01
6.72385e+01 1.75070e+00 -1.66715e-01
6.74764e+01 1.71017e+00 -1.74206e-01
6.77211e+01 1.66649e+00 -1.83115e-01
6.79735e+01 1.61894e+00 -1.93959e-01
6.82350e+01 1.56649e+00 -2.07558e-01
6.85076e+01 1.50760e+00 -2.25311e-01
6.87940e+01 1.43974e+00 -2.49826e-01
6.90985e+01 1.35841e+00 -2.86649e-01
6.94291e+01 1.25409e+00 -3.50162e-01
6.98013e+01 1.10095e+00 -4.92519e-01
7.00984e+01 9.19487e-01 -7.73619e-01
7.02889e+01 7.35553e-01 -1.21989e+00
7.04648e+01 4.44016e-01 -2.26660e+00
7.05569e+01 1.85974e-01 -3.45146e+00
7.06388e+01 -1.62658e-01 -5.17865e+00
7.07207e+01 -6.72191e-01 -7.19425e+00
7.07765e+01 -1.09189e+00 -7.58018e+00
7.08330e+01 -1.48850e+00 -6.16293e+00
7.08895e+01 -1.76901e+00 -3.74282e+00
7.09410e+01 -1.91213e+00 -1.93782e+00
7.09925e+01 -1.98153e+00 -8.69017e-01
7.10523e+01 -2.01322e+00 -2.75756e-01
7.11120e+01 -2.02130e+00 -3.12118e-02
7.11784e+01 -2.01934e+00 7.27399e-02
7.12544e+01 -2.01198e+00 1.13282e-01
7.13420e+01 -2.00131e+00 1.27553e-01
7.14438e+01 -1.98801e+00 1.32669e-01
7.15643e+01 -1.97186e+00 1.35311e-01
7.17102e+01 -1.95194e+00 1.37755e-01
7.18963e+01 -1.92600e+00 1.40887e-01
7.21254e+01 -1.89326e+00 1.45043e-01
7.23545e+01 -1.85951e+00 1.49612e-01
7.25836e+01 -1.82467e+00 1.54667e-01
7.28128e+01 -1.78860e+00 1.60301e-01
7.30446e+01 -1.75070e+00 1.66715e-01
7.32825e+01 -1.71017e+00 1.74206e-01
7.35272e+01 -1.66649e+00 1.83115e-01
7.37796e+01 -1.61894e+00 1.93959e-01
7.40411e+01 -1.56649e+00 2.07558e-01
7.43137e+01 -1.50760e+00 2.25311e-01
7.46001e+01 -1.43974e+00 2.49826e-01
7.49046e+01 -1.35841e+00 2.86649e-01
7.52352e+01 -1.25409e+00 3.50162e-01
7.56074e+01 -1.10095e+00 4.92519e-01
7.59045e+01 -9.19487e-01 7.73619e-01
7.60950e+01 -7.35553e-01 1.21989e+00
7.62709e+01 -4.44016e-01 2.26660e+00
7.63630e+01 -1.85974e-01 3.45146e+00
7.64449e+01 1.62658e-01 5.17865e+00
7.65268e+01 6.72191e-01 7.19425e+00
7.65826e+01 1.09189e+00 7.58018e+00
7.66391e+01 1.48850e+00 6.16293e+00
7.66956e+01 1.76901e+00 3.74282e+00
7.67471e+01 1.91213e+00 1.93782e+00
7.67986e+01 1.98153e+00 8.69017e-01
7.68584e+01 2.01322e+00 2.75756e-01
7.69181e+01 2.02130e+00 3.12118e-02
7.69845e+01 2.01934e+00 -7.27399e-02
7.70605e+01 2.01198e+00 -1.13282e-01
7.71481e+01 2.00131e+00 -1.27553e-01
7.72499e+01 1.98801e+00 -1.32669e-01
7.73704e+01 1.97186e+00 -1.35311e-01
7.75163e+01 1.95194e+00 -1.37755e-01
7.77025e+01 1.92600e+00 -1.40887e-01
7.79316e+01 1.89326e+00 -1.45043e-01
7.81607e+01 1.85951e+00 -1.49612e-01
7.83898e+01 1.82467e+00 -1.54667e-01
7.86189e+01 1.78860e+00 -1.60301e-01
7.88508e+01 1.75070e+00 -1.66715e-01
7.90887e+01 1.71017e+00 -1.74206e-01
7.93333e+01 1.66649e+00 -1.83115e-01
7.95857e+01 1.61894e+00 -1.93959e-01
7.98472e+01 1.56649e+00 -2.07558e-01
8.01198e+01 1.50760e+00 -2.25311e-01
8.04062e+01 1.43974e+00 -2.49826e-01
8.07107e+01 1.35841e+00 -2.86649e-01
8.10413e+01 1.25409e+00 -3.50162e-01
8.14135e+01 1.10095e+00 -4.92519e-01
8.17106e+01 9.19487e-01 -7.73619e-01
8.19012e+01 7.35553e-01 -1.21989e+00
8.20771e+01 4.44016e-01 -2.26660e+00
8.21691e+01 1.85974e-01 -3.45146e+00
8.22510e+01 -1.62658e-01 -5.17865e+00
8.23329e+01 -6.72191e-01 -7.19425e+00
8.23887e+01 -1.09189e+00 -7.58018e+00
8.24452e+01 -1.48850e+00 -6.16293e+00
8.25017e+01 -1.76901e+00 -3.74282e+00
8.25532e+01 -1.91213e+00 -1.93782e+00
8.26047e+01 -1.98153e+00 -8.69017e-01
8.26645e+01 -2.01322e+00 -2.75756e-01
8.27242e+01 -2.02130e+00 -3.12118e-02
8.27906e+01 -2.01934e+00 7.27399e-02
8.28666e+01 -2.01198e+00 1.13282e-01
8.29542e+01 -2.00131e+00 1.27553e-01
8.30561e+01 -1.98801e+00 1.32669e-01
8.31765e+01 -1.97186e+00 1.35311e-01
8.33224e+01 -1.95194e+00 1.37755e-01
8.35086e+01 -1.92600e+00 1.40887e-01
8.37377e+01 -1.89326e+00 1.45043e-01
8.39668e+01 -1.85951e+00 1.49612e-01
8.41959e+01 -1.82467e+00 1.54667e-01
8.44250e+01 -1.78860e+00 1.60301e-01
8.46569e+01 -1.75070e+00 1.66715e-01
8.48948e+01 -1.71017e+00 1.74206e-01
8.51394e+01 -1.66649e+00 1.83115e-01
8.53918e+01 -1.61894e+00 1.93959e-01
8.56534e+01 -1.56649e+00 2.07558e-01
8.59259e+01 -1.50760e+00 2.25311e-01
8.62123e+01 -1.43974e+00 2.49826e-01
8.65169e+01 -1.35841e+00 2.86649e-01
8.68474e+01 -1.25409e+00 3.50162e-01
8.72196e+01 -1.10095e+00 4.92519e-01
8.75168e+01 -9.19487e-01 7.73619e-01
8.77073e+01 -7.35553e-01 1.21989e+00
8.78832e+01 -4.44016e-01 2.26660e+00
8.79752e+01 -1.85974e-01 3.45146e+00
8.80571e+01 1.62658e-01 5.17865e+00
8.81390e+01 6.72191e-01 7.19425e+00
8.81948e+01 1.09189e+00 7.58018e+00
8.82513e+01 1.48850e+00 6.16293e+00
8.83079e+01 1.76901e+00 3.74282e+00
8.83594e+01 1.91213e+00 1.93782e+00
8.84109e+01 1.98153e+00 8.69017e-01
8.84706e+01 2.01322e+00 2.75756e-01
8.85303e+01 2.02130e+00 3.12118e-02
8.85967e+01 2.01934e+00 -7.27399e-02
8.86727e+01 2.01198e+00 -1.13282e-01
8.87603e+01 2.00131e+00 -1.27553e-01
8.88622e+01 1.98801e+00 -1.32669e-01
8.89826e+01 1.97186e+00 -1.35311e-01
8.91285e+01 1.95194e+00 -1.37755e-01
8.93147e+01 1.92600e+00 -1.40887e-01
8.95438e+01 1.89326e+00 -1.45043e-01
8.97729e+01 1.85951e+00 -1.49612e-01
9.00020e+01 1.82467e+00 -1.54667e-01
9.02311e+01 1.78860e+00 -1.60301e-01
9.04630e+01 1.75070e+00 -1.66715e-01
9.07009e+01 1.71017e+00 -1.74206e-01
9.09455e+01 1.66649e+00 -1.83115e-01
9.11979e+01 1.61894e+00 -1.93959e-01
9.14595e+01 1.56649e+00 -2.07558e-01
9.17320e+01 1.50760e+00 -2.25311e-01
9.20184e+01 1.43974e+00 -2.49826e-01
9.23230e+01 1.35841e+00 -2.86649e-01
9.26535e+01 1.25409e+00 -3.50162e-01
9.30257e+01 1.10095e+00 -4.92519e-01
9.33229e+01 9.19487e-01 -7.73619e-01
9.35134e+01 7.35553e-01 -1.21989e+00
9.36893e+01 4.44016e-01 -2.26660e+00
9.37813e+01 1.85974e-01 -3.45146e+00
9.38632e+01 -1.62658e-01 -5.17865e+00
9.39451e+01 -6.72191e-01 -7.19425e+00
9.40010e+01 -1.09189e+00 -7.58018e+00
9.40575e+01 -1.48850e+00 -6.16293e+00
9.41140e+01 -1.76901e+00 -3.74282e+00
9.41655e+01 -1.91213e+00 -1.93782e+00
9.42170e+01 -1.98153e+00 -8.69017e-01
9.42767e+01 -2.01322e+00 -2.75756e-01
9.43365e+01 -2.02130e+00 -3.12118e-02
9.44028e+01 -2.01934e+00 7.27399e-02
9.44788e+01 -2.01198e+00 1.13282e-01
9.45664e+01 -2.00131e+00 1.27553e-01
9.46683e+01 -1.98801e+00 1.32669e-01
9.47887e+01 -1.97186e+00 1.35311e-01
9.49347e+01 -1.95194e+00 1.37755e-01
9.51208e+01 -1.92600e+00 1.40887e-01
9.53499e+01 -1.89326e+00 1.45043e-01
9.55790e+01 -1.85951e+00 1.49612e-01
9.58081e+01 -1.82467e+00 1.54667e-01
9.60372e+01 -1.78860e+00 1.60301e-01
9.62691e+01 -1.75070e+00 1.66715e-01
9.65070e+01 -1.71017e+00 1.74206e-01
9.67516e+01 -1.66649e+00 1.83115e-01
9.70040e+01 -1.61894e+00 1.93959e-01
9.72656e+01 -1.56649e+00 2.07558e-01
9.75382e+01 -1.50760e+00 2.25311e-01
9.78245e+01 -1.43974e+00 2.49826e-01
9.81291e+01 -1.35841e+00 2.86649e-01
9.84597e+01 -1.25409e+00 3.50162e-01
9.88318e+01 -1.10095e+00 4.92519e-01
9.91290e+01 -9.19487e-01 7.73619e-01
9.93195e+01 -7.35553e-01 1.21989e+00
9.94954e+01 -4.44016e-01 2.26660e+00
9.95875e+01 -1.85974e-01 3.45146e+00
9.96693e+01 1.62658e-01 5.17865e+00
9.97512e+01 6.72191e-01 7.19425e+00
9.98071e+01 1.09189e+00 7.58018e+00
9.98636e+01 1.48850e+00 6.16293e+00
9.99201e+01 1.76901e+00 3.74282e+00
9.99716e+01 1.91213e+00 1.93782e+00
1.00000e+02 1.95712e+00 1.26577e+00
