1.00000e-06 1.00000e+00 -1.00000e-06
6.00000e-06 1.00000e+00 -6.00000e-06
3.10000e-05 1.00000e+00 -3.10000e-05
1.56000e-04 1.00000e+00 -1.56000e-04
7.81000e-04 1.00000e+00 -7.81000e-04
3.90600e-03 9.99992e-01 -3.90599e-03
1.95310e-02 9.99809e-01 -1.95298e-02
9.76560e-02 9.95235e-01 -9.75235e-02
4.88281e-01 8.81819e-01 -4.82416e-01
1.05188e+00 4.41688e-01 -1.11220e+00
1.44126e+00 -1.02440e-01 -1.70078e+00
1.76517e+00 -7.23745e-01 -2.06558e+00
2.09359e+00 -1.36097e+00 -1.64273e+00
2.42202e+00 -1.73139e+00 -6.06055e-01
2.75044e+00 -1.79802e+00 1.20920e-01
3.07887e+00 -1.69257e+00 4.81466e-01
3.42622e+00 -1.48298e+00 7.15756e-01
3.91026e+00 -1.05682e+00 1.06973e+00
4.31907e+00 -5.24136e-01 1.58729e+00
4.65043e+00 1.06244e-01 2.24458e+00
4.91658e+00 7.66865e-01 2.64151e+00
5.18800e+00 1.44489e+00 2.16124e+00
5.45942e+00 1.87017e+00 9.54262e-01
5.73084e+00 1.99717e+00 7.59897e-02
6.00226e+00 1.95417e+00 -3.37901e-01
6.27368e+00 1.83257e+00 -5.38564e-01
6.61676e+00 1.61804e+00 -7.07240e-01
7.14845e+00 1.16569e+00 -1.02290e+00
7.57021e+00 6.45641e-01 -1.49357e+00
7.90438e+00 4.76763e-02 -2.12359e+00
8.18695e+00 -6.33179e-01 -2.64061e+00
8.42491e+00 -1.25773e+00 -2.46078e+00
8.63322e+00 -1.69172e+00 -1.63387e+00
8.84153e+00 -1.93184e+00 -7.03834e-01
9.04984e+00 -2.00702e+00 -7.48856e-02
9.31532e+00 -1.96563e+00 3.32914e-01
9.58103e+00 -1.84825e+00 5.31157e-01
9.91849e+00 -1.64030e+00 6.95848e-01
1.04521e+01 -1.19443e+00 1.00207e+00
1.08792e+01 -6.79119e-01 1.46077e+00
1.12162e+01 -8.88434e-02 2.08221e+00
1.14968e+01 5.76598e-01 2.61871e+00
1.17334e+01 1.20115e+00 2.51871e+00
1.19407e+01 1.65178e+00 1.74629e+00
1.21480e+01 1.91348e+00 8.01939e-01
1.23585e+01 2.00504e+00 1.26966e-01
1.26030e+01 1.97944e+00 -2.85981e-01
1.28625e+01 1.87428e+00 -5.01827e-01
1.31815e+01 1.68701e+00 -6.64262e-01
1.37163e+01 1.26034e+00 -9.52702e-01
1.41657e+01 7.43617e-01 -1.39683e+00
1.45096e+01 1.66917e-01 -2.00058e+00
1.47905e+01 -4.78278e-01 -2.56783e+00
1.50258e+01 -1.10071e+00 -2.59659e+00
1.52612e+01 -1.63200e+00 -1.79819e+00
1.54965e+01 -1.92648e+00 -7.34600e-01
1.57319e+01 -2.00835e+00 -3.32363e-02
1.60029e+01 -1.95742e+00 3.57066e-01
1.62738e+01 -1.83242e+00 5.47649e-01
1.66234e+01 -1.61097e+00 7.15349e-01
1.71444e+01 -1.16500e+00 1.02485e+00
1.75662e+01 -6.43972e-01 1.49629e+00
1.79001e+01 -4.54655e-02 2.12680e+00
1.81828e+01 6.36485e-01 2.64277e+00
1.84208e+01 1.26118e+00 2.45806e+00
1.86292e+01 1.69433e+00 1.62756e+00
1.88376e+01 1.93322e+00 6.98065e-01
1.90460e+01 2.00744e+00 7.12597e-02
1.93135e+01 1.96470e+00 -3.36638e-01
1.95811e+01 1.84562e+00 -5.34217e-01
1.99205e+01 1.63540e+00 -6.99219e-01
2.04501e+01 1.19134e+00 -1.00449e+00
2.08768e+01 6.75220e-01 -1.46472e+00
2.12134e+01 8.40854e-02 -2.08716e+00
2.14941e+01 -5.82942e-01 -2.62155e+00
2.17311e+01 -1.20812e+00 -2.51225e+00
2.19384e+01 -1.65657e+00 -1.73345e+00
2.21457e+01 -1.91566e+00 -7.90934e-01
2.23557e+01 -2.00533e+00 -1.21691e-01
2.26017e+01 -1.97834e+00 2.90376e-01
2.28617e+01 -1.87211e+00 5.04483e-01
2.31823e+01 -1.68312e+00 6.66954e-01
2.37263e+01 -1.24587e+00 9.63383e-01
2.41700e+01 -7.30410e-01 1.40980e+00
2.45125e+01 -1.51063e-01 2.01729e+00
2.47929e+01 4.97506e-01 2.57884e+00
2.50280e+01 1.11950e+00 2.58418e+00
2.52631e+01 1.64449e+00 1.76568e+00
2.54982e+01 1.93136e+00 7.08267e-01
2.57334e+01 2.00853e+00 1.96123e-02
2.60144e+01 1.95138e+00 -3.72404e-01
2.62954e+01 1.81766e+00 -5.61806e-01
2.66558e+01 1.58383e+00 -7.33102e-01
2.71760e+01 1.12694e+00 -1.05487e+00
2.75905e+01 5.99375e-01 -1.54190e+00
2.79213e+01 -1.11135e-02 -2.18380e+00
2.82028e+01 -7.02875e-01 -2.66261e+00
2.84450e+01 -1.33181e+00 -2.37204e+00
2.86594e+01 -1.74877e+00 -1.45990e+00
2.88738e+01 -1.95887e+00 -5.46177e-01
2.90883e+01 -2.00844e+00 2.68375e-02
2.93744e+01 -1.94045e+00 3.97207e-01
2.96605e+01 -1.79852e+00 5.79034e-01
3.00375e+01 -1.54653e+00 7.57373e-01
3.05644e+01 -1.06559e+00 1.10479e+00
3.09687e+01 -5.25839e-01 1.61833e+00
3.12967e+01 1.08803e-01 2.27845e+00
3.15599e+01 7.70877e-01 2.67489e+00
3.18283e+01 1.44978e+00 2.18980e+00
3.20967e+01 1.87698e+00 9.74610e-01
3.23651e+01 2.00685e+00 8.79968e-02
3.26335e+01 1.96689e+00 -3.30000e-01
3.29019e+01 1.84865e+00 -5.31018e-01
3.32389e+01 1.64108e+00 -6.95437e-01
3.37725e+01 1.19558e+00 -1.00124e+00
3.41998e+01 6.80457e-01 -1.45946e+00
3.45370e+01 9.04722e-02 -2.08055e+00
3.48174e+01 -5.74443e-01 -2.61777e+00
3.50540e+01 -1.19880e+00 -2.52089e+00
3.52613e+01 -1.65018e+00 -1.75060e+00
3.54686e+01 -1.91276e+00 -8.05614e-01
3.56793e+01 -2.00496e+00 -1.28705e-01
3.59232e+01 -1.97981e+00 2.84545e-01
3.61825e+01 -1.87500e+00 5.00961e-01
3.65011e+01 -1.68828e+00 6.63386e-01
3.70331e+01 -1.26482e+00 9.49421e-01
3.74843e+01 -7.47654e-01 1.39288e+00
3.78287e+01 -1.71748e-01 1.99548e+00
3.81097e+01 4.72481e-01 2.56442e+00
3.83452e+01 1.09511e+00 2.60011e+00
3.85807e+01 1.62847e+00 1.80723e+00
3.88163e+01 1.92518e+00 7.41493e-01
3.90518e+01 2.00830e+00 3.65244e-02
3.93206e+01 1.95874e+00 -3.53530e-01
3.95895e+01 1.83560e+00 -5.44486e-01
3.99368e+01 1.61677e+00 -7.11539e-01
4.04590e+01 1.17210e+00 -1.01933e+00
4.08822e+01 6.52307e-01 -1.48784e+00
4.12167e+01 5.58474e-02 -2.11619e+00
4.14987e+01 -6.21686e-01 -2.63736e+00
4.17363e+01 -1.24627e+00 -2.47417e+00
4.19441e+01 -1.68349e+00 -1.65877e+00
4.21520e+01 -1.92813e+00 -7.25720e-01
4.23598e+01 -2.00683e+00 -8.85288e-02
4.26187e+01 -1.97006e+00 3.19915e-01
4.28825e+01 -1.85624e+00 5.22782e-01
4.32142e+01 -1.65466e+00 6.86349e-01
4.37642e+01 -1.19878e+00 9.98798e-01
4.41914e+01 -6.85292e-01 1.45461e+00
4.45291e+01 -9.63060e-02 2.07450e+00
4.48094e+01 5.66755e-01 2.61427e+00
4.50456e+01 1.19049e+00 2.52837e+00
4.52530e+01 1.64454e+00 1.76554e+00
4.54604e+01 1.91023e+00 8.18305e-01
4.56718e+01 2.00464e+00 1.34600e-01
4.59140e+01 1.98098e+00 -2.79719e-01
4.61728e+01 1.87734e+00 -4.98067e-01
4.64898e+01 1.69243e+00 -6.60491e-01
4.70130e+01 1.27896e+00 -9.39107e-01
4.74701e+01 7.60267e-01 -1.38058e+00
4.78161e+01 1.86804e-01 -1.97955e+00
4.80977e+01 -4.54587e-01 -2.55361e+00
4.83335e+01 -1.07792e+00 -2.61039e+00
4.85698e+01 -1.61772e+00 -1.83438e+00
4.88060e+01 -1.92126e+00 -7.62080e-01
4.90423e+01 -2.00811e+00 -4.61575e-02
4.93054e+01 -1.96228e+00 3.43693e-01
4.95726e+01 -1.84200e+00 5.37975e-01
4.99149e+01 -1.62863e+00 7.03706e-01
5.04411e+01 -1.18513e+00 1.00926e+00
5.08667e+01 -6.67739e-01 1.47225e+00
5.12026e+01 -7.49156e-02 2.09662e+00
5.14836e+01 5.95305e-01 2.62685e+00
5.17209e+01 1.22058e+00 2.50030e+00
5.19282e+01 1.66524e+00 1.70984e+00
5.21355e+01 1.91964e+00 7.70490e-01
5.23447e+01 2.00583e+00 1.11613e-01
5.25942e+01 1.97608e+00 -2.98959e-01
5.28552e+01 1.86771e+00 -5.09721e-01
5.31788e+01 1.67527e+00 -6.72354e-01
5.37452e+01 1.21257e+00 -9.88314e-01
5.41767e+01 6.99123e-01 -1.44080e+00
5.45158e+01 1.13185e-01 -2.05696e+00
5.47960e+01 -5.44878e-01 -2.60381e+00
5.50315e+01 -1.16738e+00 -2.54812e+00
5.52393e+01 -1.62916e+00 -1.80547e+00
5.54472e+01 -1.90345e+00 -8.51671e-01
5.56607e+01 -2.00378e+00 -1.49214e-01
5.58989e+01 -1.98371e+00 2.67980e-01
5.61566e+01 -1.88283e+00 4.91113e-01
5.64699e+01 -1.70216e+00 6.53663e-01
5.69754e+01 -1.30915e+00 9.17385e-01
5.74459e+01 -7.86469e-01 1.35524e+00
5.77952e+01 -2.17916e-01 1.94650e+00
5.80784e+01 4.18368e-01 2.53052e+00
5.83153e+01 1.04347e+00 2.62865e+00
5.85533e+01 1.59646e+00 1.88639e+00
5.87912e+01 1.91368e+00 8.00974e-01
5.90292e+01 2.00768e+00 6.34977e-02
5.92841e+01 1.96773e+00 -3.27383e-01
5.95487e+01 1.85204e+00 -5.27384e-01
5.98835e+01 1.64700e+00 -6.91487e-01
6.04230e+01 1.19817e+00 -9.99260e-01
6.08505e+01 6.83895e-01 -1.45601e+00
6.11881e+01 9.46417e-02 -2.07623e+00
6.14685e+01 -5.68941e-01 -2.61527e+00
6.17048e+01 -1.19284e+00 -2.52628e+00
6.19121e+01 -1.64613e+00 -1.76135e+00
6.21195e+01 -1.91094e+00 -8.14751e-01
6.23307e+01 -2.00473e+00 -1.32966e-01
6.25733e+01 -1.98066e+00 2.81050e-01
6.28323e+01 -1.87670e+00 4.98864e-01
6.31497e+01 -1.69130e+00 6.61285e-01
6.36753e+01 -1.27518e+00 9.41857e-01
6.41308e+01 -7.56915e-01 1.38384e+00
6.44763e+01 -1.82808e-01 1.98378e+00
6.47578e+01 4.59311e-01 2.55651e+00
6.49935e+01 1.08246e+00 2.60775e+00
6.52295e+01 1.62055e+00 1.82728e+00
6.54656e+01 1.92229e+00 7.56709e-01
6.57016e+01 2.00816e+00 4.36695e-02
6.59662e+01 1.96141e+00 -3.46167e-01
6.62337e+01 1.84042e+00 -5.39603e-01
6.65773e+01 1.62571e+00 -7.05641e-01
6.71022e+01 1.18216e+00 -1.01154e+00
6.75273e+01 6.64196e-01 -1.47582e+00
6.78629e+01 7.05559e-02 -2.10110e+00
6.81441e+01 -6.01253e-01 -2.62931e+00
6.83814e+01 -1.22628e+00 -2.49468e+00
6.85888e+01 -1.66925e+00 -1.69878e+00
6.87962e+01 -1.92150e+00 -7.60855e-01
6.90050e+01 -2.00605e+00 -1.06754e-01
6.92563e+01 -1.97492e+00 3.03201e-01
6.95178e+01 -1.86547e+00 5.12333e-01
6.98430e+01 -1.67127e+00 6.75092e-01
7.04237e+01 -1.19242e+00 1.00366e+00
7.08485e+01 -6.79518e-01 1.46040e+00
7.11857e+01 -8.91865e-02 2.08188e+00
7.14662e+01 5.76150e-01 2.61854e+00
7.17028e+01 1.20066e+00 2.51919e+00
7.19101e+01 1.65145e+00 1.74721e+00
7.21174e+01 1.91334e+00 8.02722e-01
7.23280e+01 2.00503e+00 1.27339e-01
7.25723e+01 1.97953e+00 -2.85673e-01
7.28317e+01 1.87445e+00 -5.01639e-01
7.31507e+01 1.68729e+00 -6.64070e-01
7.36848e+01 1.26133e+00 -9.51980e-01
7.41346e+01 7.44509e-01 -1.39596e+00
7.44787e+01 1.67984e-01 -1.99945e+00
7.47596e+01 -4.76995e-01 -2.56708e+00
7.49949e+01 -1.09947e+00 -2.59738e+00
7.52303e+01 -1.63121e+00 -1.80021e+00
7.54657e+01 -1.92619e+00 -7.36137e-01
7.57011e+01 -2.00834e+00 -3.39719e-02
7.59716e+01 -1.95772e+00 3.56266e-01
7.62421e+01 -1.83315e+00 5.46923e-01
7.65911e+01 -1.61231e+00 7.14470e-01
7.71124e+01 -1.16668e+00 1.02354e+00
7.75345e+01 -6.45941e-01 1.49429e+00
7.78686e+01 -4.79237e-02 2.12429e+00
7.81510e+01 6.32951e-01 2.64151e+00
7.83889e+01 1.25758e+00 2.46201e+00
7.85972e+01 1.69170e+00 1.63520e+00
7.88054e+01 1.93198e+00 7.04855e-01
7.90137e+01 2.00730e+00 7.55268e-02
7.92788e+01 1.96613e+00 -3.32330e-01
7.95444e+01 1.84894e+00 -5.30702e-01
7.98815e+01 1.64138e+00 -6.95237e-01
8.04155e+01 1.19551e+00 -1.00129e+00
8.08428e+01 6.80405e-01 -1.45951e+00
8.11800e+01 9.04073e-02 -2.08062e+00
8.14605e+01 -5.74529e-01 -2.61781e+00
8.16970e+01 -1.19889e+00 -2.52080e+00
8.19043e+01 -1.65024e+00 -1.75043e+00
8.21116e+01 -1.91279e+00 -8.05470e-01
8.23223e+01 -2.00496e+00 -1.28637e-01
8.25663e+01 -1.97979e+00 2.84602e-01
8.28256e+01 -1.87497e+00 5.00995e-01
8.31442e+01 -1.68823e+00 6.63420e-01
8.36763e+01 -1.26465e+00 9.49547e-01
8.41274e+01 -7.47499e-01 1.39303e+00
8.44718e+01 -1.71563e-01 1.99567e+00
8.47528e+01 4.72702e-01 2.56455e+00
8.49883e+01 1.09532e+00 2.59998e+00
8.52238e+01 1.62860e+00 1.80689e+00
8.54594e+01 1.92523e+00 7.41231e-01
8.56949e+01 2.00830e+00 3.64002e-02
8.59638e+01 1.95869e+00 -3.53661e-01
8.62327e+01 1.83551e+00 -5.44573e-01
8.65800e+01 1.61660e+00 -7.11646e-01
8.71022e+01 1.17190e+00 -1.01948e+00
8.75253e+01 6.52077e-01 -1.48807e+00
8.78599e+01 5.55617e-02 -2.11649e+00
8.81419e+01 -6.22089e-01 -2.63751e+00
8.83795e+01 -1.24667e+00 -2.47375e+00
8.85873e+01 -1.68378e+00 -1.65794e+00
8.87952e+01 -1.92827e+00 -7.24993e-01
8.90030e+01 -2.00684e+00 -8.81020e-02
8.92621e+01 -1.96994e+00 3.20314e-01
8.95259e+01 -1.85602e+00 5.23034e-01
8.98578e+01 -1.65424e+00 6.86627e-01
9.04071e+01 -1.19887e+00 9.98728e-01
9.08343e+01 -6.85355e-01 1.45455e+00
9.11721e+01 -9.63847e-02 2.07442e+00
9.14524e+01 5.66652e-01 2.61422e+00
9.16886e+01 1.19037e+00 2.52847e+00
9.18960e+01 1.64446e+00 1.76574e+00
9.21034e+01 1.91020e+00 8.18472e-01
9.23148e+01 2.00463e+00 1.34677e-01
9.25569e+01 1.98100e+00 -2.79656e-01
9.28157e+01 1.87737e+00 -4.98030e-01
9.31327e+01 1.69249e+00 -6.60454e-01
9.36559e+01 1.27914e+00 -9.38980e-01
9.41130e+01 7.60422e-01 -1.38043e+00
9.44590e+01 1.86988e-01 -1.97935e+00
9.47406e+01 -4.54370e-01 -2.55348e+00
9.49764e+01 -1.07771e+00 -2.61051e+00
9.52127e+01 -1.61759e+00 -1.83471e+00
9.54490e+01 -1.92122e+00 -7.62325e-01
9.56852e+01 -2.00811e+00 -4.62705e-02
9.59483e+01 -1.96232e+00 3.43582e-01
9.62155e+01 -1.84208e+00 5.37901e-01
9.65578e+01 -1.62877e+00 7.03619e-01
9.70840e+01 -1.18526e+00 1.00916e+00
9.75096e+01 -6.67893e-01 1.47209e+00
9.78455e+01 -7.51047e-02 2.09642e+00
9.81265e+01 5.95048e-01 2.62674e+00
9.83638e+01 1.22034e+00 2.50054e+00
9.85711e+01 1.66507e+00 1.71031e+00
9.87784e+01 1.91957e+00 7.70901e-01
9.89877e+01 2.00582e+00 1.11819e-01
9.92370e+01 1.97613e+00 -2.98781e-01
9.94980e+01 1.86780e+00 -5.09611e-01
9.98216e+01 1.67544e+00 -6.72240e-01
1.00000e+02 1.54806e+00 -7.56376e-01
