1.00000e-06 1.00000e+00 -1.00000e-06
6.00000e-06 1.00000e+00 -6.00000e-06
3.10000e-05 1.00000e+00 -3.10000e-05
1.56000e-04 1.00000e+00 -1.56000e-04
7.81000e-04 1.00000e+00 -7.81000e-04
3.90600e-03 9.99992e-01 -3.90599e-03
1.95310e-02 9.99809e-01 -1.95304e-02
9.76560e-02 9.95227e-01 -9.79101e-02
3.37605e-01 9.39366e-01 -3.95837e-01
4.40473e-01 8.87161e-01 -6.45727e-01
5.28166e-01 8.13788e-01 -1.08543e+00
5.93439e-01 7.22405e-01 -1.80912e+00
6.44837e-01 6.01356e-01 -3.06510e+00
6.97930e-01 3.67081e-01 -6.30049e+00
7.22186e-01 1.79649e-01 -9.41905e+00
7.43953e-01 -7.06640e-02 -1.38891e+01
7.65758e-01 -4.38294e-01 -1.99981e+01
7.81876e-01 -7.94890e-01 -2.38987e+01
7.98185e-01 -1.19216e+00 -2.38807e+01
8.10856e-01 -1.47285e+00 -1.99122e+01
8.23651e-01 -1.69042e+00 -1.39957e+01
8.36227e-01 -1.83138e+00 -8.63898e+00
8.48804e-01 -1.91452e+00 -4.86168e+00
8.63884e-01 -1.96606e+00 -2.26690e+00
8.78965e-01 -1.98955e+00 -1.00609e+00
8.94454e-01 -1.99996e+00 -4.17097e-01
9.11610e-01 -2.00440e+00 -1.42269e-01
9.30861e-01 -2.00583e+00 -2.60141e-02
9.52542e-01 -2.00583e+00 1.75375e-02
9.77119e-01 -2.00518e+00 3.17921e-02
1.00530e+00 -2.00422e+00 3.57921e-02
1.03811e+00 -2.00302e+00 3.67388e-02
1.07708e+00 -2.00159e+00 3.69449e-02
1.12455e+00 -1.99983e+00 3.70195e-02
1.18432e+00 -1.99762e+00 3.70894e-02
1.26327e+00 -1.99468e+00 3.71804e-02
1.36747e+00 -1.99080e+00 3.73013e-02
1.47850e+00 -1.98665e+00 3.74322e-02
1.56698e+00 -1.98334e+00 3.75367e-02
1.65921e+00 -1.97987e+00 3.76473e-02
1.77091e+00 -1.97566e+00 3.77822e-02
1.86290e+00 -1.97218e+00 3.78952e-02
1.95829e+00 -1.96856e+00 3.80128e-02
2.05848e+00 -1.96474e+00 3.81380e-02
2.17279e+00 -1.96037e+00 3.82818e-02
2.26223e+00 -1.95695e+00 3.83966e-02
2.35605e+00 -1.95334e+00 3.85173e-02
2.45959e+00 -1.94934e+00 3.86523e-02
2.56487e+00 -1.94527e+00 3.87910e-02
2.67840e+00 -1.94085e+00 3.89426e-02
2.78102e+00 -1.93685e+00 3.90810e-02
2.88731e+00 -1.93269e+00 3.92264e-02
3.00572e+00 -1.92803e+00 3.93897e-02
3.09826e+00 -1.92438e+00 3.95199e-02
3.19535e+00 -1.92054e+00 3.96573e-02
3.30275e+00 -1.91627e+00 3.98112e-02
3.41877e+00 -1.91164e+00 3.99795e-02
3.53789e+00 -1.90687e+00 4.01552e-02
3.63993e+00 -1.90276e+00 4.03071e-02
3.74447e+00 -1.89854e+00 4.04652e-02
3.85720e+00 -1.89397e+00 4.06376e-02
3.97235e+00 -1.88928e+00 4.08166e-02
4.08202e+00 -1.88480e+00 4.09890e-02
4.19407e+00 -1.88019e+00 4.11680e-02
4.30694e+00 -1.87554e+00 4.13505e-02
4.42295e+00 -1.87073e+00 4.15412e-02
4.53581e+00 -1.86603e+00 4.17292e-02
4.65348e+00 -1.86111e+00 4.19285e-02
4.76664e+00 -1.85635e+00 4.21229e-02
4.88840e+00 -1.85121e+00 4.23354e-02
5.02421e+00 -1.84544e+00 4.25763e-02
5.14214e+00 -1.84041e+00 4.27899e-02
5.26331e+00 -1.83521e+00 4.30120e-02
5.38448e+00 -1.82999e+00 4.32388e-02
5.50838e+00 -1.82461e+00 4.34738e-02
5.63229e+00 -1.81921e+00 4.37141e-02
5.75619e+00 -1.81378e+00 4.39576e-02
5.88010e+00 -1.80832e+00 4.42067e-02
6.00774e+00 -1.80266e+00 4.44670e-02
6.13539e+00 -1.79697e+00 4.47335e-02
6.26562e+00 -1.79112e+00 4.50096e-02
6.39584e+00 -1.78524e+00 4.52925e-02
6.52643e+00 -1.77931e+00 4.55808e-02
6.65702e+00 -1.77334e+00 4.58763e-02
6.77940e+00 -1.76771e+00 4.61581e-02
6.90348e+00 -1.76196e+00 4.64501e-02
7.04130e+00 -1.75554e+00 4.67811e-02
7.17911e+00 -1.74907e+00 4.71204e-02
7.30868e+00 -1.74294e+00 4.74464e-02
7.44139e+00 -1.73662e+00 4.77882e-02
7.57811e+00 -1.73006e+00 4.81486e-02
7.71483e+00 -1.72346e+00 4.85181e-02
7.85398e+00 -1.71668e+00 4.89037e-02
7.99313e+00 -1.70984e+00 4.92995e-02
8.13303e+00 -1.70292e+00 4.97080e-02
8.27293e+00 -1.69594e+00 5.01276e-02
8.41283e+00 -1.68889e+00 5.05589e-02
8.55272e+00 -1.68179e+00 5.10025e-02
8.69280e+00 -1.67461e+00 5.14595e-02
8.83314e+00 -1.66736e+00 5.19309e-02
8.97391e+00 -1.66001e+00 5.24180e-02
9.11513e+00 -1.65258e+00 5.29219e-02
9.25689e+00 -1.64504e+00 5.34437e-02
9.39922e+00 -1.63739e+00 5.39848e-02
9.54217e+00 -1.62964e+00 5.45464e-02
9.68578e+00 -1.62176e+00 5.51301e-02
9.83010e+00 -1.61376e+00 5.57374e-02
9.97517e+00 -1.60563e+00 5.63702e-02
1.01210e+01 -1.59736e+00 5.70304e-02
1.02677e+01 -1.58894e+00 5.77201e-02
1.04153e+01 -1.58037e+00 5.84419e-02
1.05638e+01 -1.57164e+00 5.91984e-02
1.07133e+01 -1.56273e+00 5.99926e-02
1.08638e+01 -1.55364e+00 6.08279e-02
1.10154e+01 -1.54435e+00 6.17082e-02
1.11681e+01 -1.53486e+00 6.26378e-02
1.13220e+01 -1.52514e+00 6.36217e-02
1.14772e+01 -1.51519e+00 6.46655e-02
1.16336e+01 -1.50498e+00 6.57759e-02
1.17915e+01 -1.49451e+00 6.69605e-02
1.19509e+01 -1.48374e+00 6.82280e-02
1.21118e+01 -1.47265e+00 6.95891e-02
1.22743e+01 -1.46122e+00 7.10560e-02
1.24386e+01 -1.44942e+00 7.26436e-02
1.26048e+01 -1.43721e+00 7.43697e-02
1.27729e+01 -1.42454e+00 7.62563e-02
1.29432e+01 -1.41139e+00 7.83302e-02
1.31158e+01 -1.39767e+00 8.06253e-02
1.32908e+01 -1.38334e+00 8.31845e-02
1.34686e+01 -1.36830e+00 8.60634e-02
1.36494e+01 -1.35245e+00 8.93354e-02
1.38334e+01 -1.33567e+00 9.30998e-02
1.40211e+01 -1.31780e+00 9.74948e-02
1.42129e+01 -1.29861e+00 1.02719e-01
1.44094e+01 -1.27782e+00 1.09071e-01
1.46114e+01 -1.25501e+00 1.17020e-01
1.48200e+01 -1.22956e+00 1.27360e-01
1.50368e+01 -1.20049e+00 1.41554e-01
1.52642e+01 -1.16606e+00 1.62658e-01
1.55066e+01 -1.12270e+00 1.98384e-01
1.57723e+01 -1.06112e+00 2.75536e-01
1.60034e+01 -9.80851e-01 4.50233e-01
1.61181e+01 -9.18245e-01 6.69855e-01
1.62083e+01 -8.42839e-01 1.05381e+00
1.62767e+01 -7.51391e-01 1.70760e+00
1.63299e+01 -6.34391e-01 2.83724e+00
1.63772e+01 -4.53684e-01 5.14451e+00
1.64059e+01 -2.68028e-01 8.05213e+00
1.64290e+01 -4.04615e-02 1.20369e+01
1.64497e+01 2.61280e-01 1.73588e+01
1.64704e+01 6.83036e-01 2.31358e+01
1.64847e+01 1.03085e+00 2.47236e+01
1.64993e+01 1.37575e+00 2.18636e+01
1.65124e+01 1.62720e+00 1.61423e+01
1.65256e+01 1.79875e+00 1.01392e+01
1.65387e+01 1.90057e+00 5.67590e+00
1.65524e+01 1.95711e+00 2.88048e+00
1.65672e+01 1.98673e+00 1.31114e+00
1.65822e+01 2.00011e+00 5.65142e-01
1.65987e+01 2.00606e+00 2.09137e-01
1.66172e+01 2.00825e+00 5.30462e-02
1.66379e+01 2.00860e+00 -7.88619e-03
1.66614e+01 2.00812e+00 -2.87654e-02
1.66882e+01 2.00725e+00 -3.49421e-02
1.67193e+01 2.00613e+00 -3.64873e-02
1.67559e+01 2.00479e+00 -3.68228e-02
1.68001e+01 2.00316e+00 -3.69149e-02
1.68551e+01 2.00112e+00 -3.69812e-02
1.69264e+01 1.99848e+00 -3.70626e-02
1.70276e+01 1.99472e+00 -3.71790e-02
1.71382e+01 1.99061e+00 -3.73078e-02
1.72298e+01 1.98718e+00 -3.74150e-02
1.73247e+01 1.98363e+00 -3.75277e-02
1.74327e+01 1.97957e+00 -3.76566e-02
1.75258e+01 1.97606e+00 -3.77697e-02
1.76212e+01 1.97245e+00 -3.78861e-02
1.77199e+01 1.96870e+00 -3.80082e-02
1.78302e+01 1.96450e+00 -3.81454e-02
1.79232e+01 1.96095e+00 -3.82633e-02
1.80190e+01 1.95728e+00 -3.83852e-02
1.81202e+01 1.95339e+00 -3.85157e-02
1.82395e+01 1.94879e+00 -3.86706e-02
1.83272e+01 1.94539e+00 -3.87870e-02
1.84206e+01 1.94176e+00 -3.89113e-02
1.85269e+01 1.93761e+00 -3.90546e-02
1.86595e+01 1.93243e+00 -3.92349e-02
1.87469e+01 1.92899e+00 -3.93564e-02
1.88425e+01 1.92522e+00 -3.94899e-02
1.89524e+01 1.92087e+00 -3.96452e-02
1.90802e+01 1.91579e+00 -3.98283e-02
1.91875e+01 1.91151e+00 -3.99846e-02
1.92986e+01 1.90706e+00 -4.01477e-02
1.94097e+01 1.90259e+00 -4.03140e-02
1.95209e+01 1.89810e+00 -4.04814e-02
1.96320e+01 1.89359e+00 -4.06524e-02
1.97431e+01 1.88907e+00 -4.08243e-02
1.98542e+01 1.88452e+00 -4.10000e-02
1.99653e+01 1.87996e+00 -4.11769e-02
2.00764e+01 1.87537e+00 -4.13574e-02
2.01877e+01 1.87076e+00 -4.15398e-02
2.02990e+01 1.86612e+00 -4.17256e-02
2.04230e+01 1.86094e+00 -4.19350e-02
2.05471e+01 1.85572e+00 -4.21494e-02
2.06467e+01 1.85151e+00 -4.23227e-02
2.07501e+01 1.84713e+00 -4.25059e-02
2.08704e+01 1.84200e+00 -4.27219e-02
2.09929e+01 1.83675e+00 -4.29460e-02
2.11044e+01 1.83196e+00 -4.31530e-02
2.12280e+01 1.82661e+00 -4.33863e-02
2.13573e+01 1.82098e+00 -4.36350e-02
2.14967e+01 1.81488e+00 -4.39082e-02
2.16362e+01 1.80873e+00 -4.41880e-02
2.17441e+01 1.80396e+00 -4.44072e-02
2.18569e+01 1.79893e+00 -4.46410e-02
2.19912e+01 1.79292e+00 -4.49242e-02
2.21255e+01 1.78687e+00 -4.52141e-02
2.22449e+01 1.78145e+00 -4.54763e-02
2.23675e+01 1.77586e+00 -4.57511e-02
2.25041e+01 1.76959e+00 -4.60635e-02
2.26408e+01 1.76327e+00 -4.63833e-02
2.27637e+01 1.75755e+00 -4.66768e-02
2.28939e+01 1.75145e+00 -4.69947e-02
2.30279e+01 1.74513e+00 -4.73291e-02
2.31642e+01 1.73866e+00 -4.76773e-02
2.33015e+01 1.73209e+00 -4.80368e-02
2.34397e+01 1.72542e+00 -4.84075e-02
2.35781e+01 1.71870e+00 -4.87881e-02
2.37169e+01 1.71190e+00 -4.91799e-02
2.38558e+01 1.70504e+00 -4.95820e-02
2.39949e+01 1.69811e+00 -4.99959e-02
2.41341e+01 1.69113e+00 -5.04213e-02
2.42737e+01 1.68406e+00 -5.08599e-02
2.44134e+01 1.67692e+00 -5.13116e-02
2.45536e+01 1.66969e+00 -5.17782e-02
2.46942e+01 1.66238e+00 -5.22599e-02
2.48353e+01 1.65497e+00 -5.27584e-02
2.49768e+01 1.64747e+00 -5.32743e-02
2.51190e+01 1.63986e+00 -5.38090e-02
2.52617e+01 1.63214e+00 -5.43639e-02
2.54051e+01 1.62430e+00 -5.49403e-02
2.55492e+01 1.61634e+00 -5.55399e-02
2.56940e+01 1.60825e+00 -5.61643e-02
2.58396e+01 1.60003e+00 -5.68154e-02
2.59861e+01 1.59166e+00 -5.74955e-02
2.61333e+01 1.58314e+00 -5.82067e-02
2.62815e+01 1.57446e+00 -5.89517e-02
2.64307e+01 1.56561e+00 -5.97335e-02
2.65809e+01 1.55657e+00 -6.05552e-02
2.67321e+01 1.54735e+00 -6.14206e-02
2.68845e+01 1.53793e+00 -6.23339e-02
2.70380e+01 1.52828e+00 -6.32997e-02
2.71927e+01 1.51841e+00 -6.43237e-02
2.73488e+01 1.50829e+00 -6.54120e-02
2.75062e+01 1.49790e+00 -6.65718e-02
2.76650e+01 1.48723e+00 -6.78117e-02
2.78254e+01 1.47624e+00 -6.91415e-02
2.79874e+01 1.46493e+00 -7.05729e-02
2.81512e+01 1.45325e+00 -7.21200e-02
2.83167e+01 1.44117e+00 -7.37995e-02
2.84842e+01 1.42866e+00 -7.56319e-02
2.86538e+01 1.41566e+00 -7.76424e-02
2.88256e+01 1.40214e+00 -7.98624e-02
2.89999e+01 1.38801e+00 -8.23315e-02
2.91768e+01 1.37320e+00 -8.51008e-02
2.93565e+01 1.35763e+00 -8.82373e-02
2.95395e+01 1.34117e+00 -9.18309e-02
2.97259e+01 1.32366e+00 -9.60053e-02
2.99163e+01 1.30493e+00 -1.00937e-01
3.01112e+01 1.28469e+00 -1.06886e-01
3.03114e+01 1.26258e+00 -1.14256e-01
3.05178e+01 1.23807e+00 -1.23712e-01
3.07317e+01 1.21030e+00 -1.36443e-01
3.09554e+01 1.17785e+00 -1.54821e-01
3.11923e+01 1.13795e+00 -1.84427e-01
3.14492e+01 1.08399e+00 -2.42399e-01
3.17361e+01 9.94977e-01 -4.11700e-01
3.18526e+01 9.37746e-01 -5.92384e-01
3.19505e+01 8.65800e-01 -9.22267e-01
3.20245e+01 7.79590e-01 -1.48390e+00
3.20813e+01 6.71467e-01 -2.44526e+00
3.21285e+01 5.19956e-01 -4.22782e+00
3.21630e+01 3.31378e-01 -7.01210e+00
3.21873e+01 1.21373e-01 -1.05903e+01
3.22083e+01 -1.49129e-01 -1.54286e+01
3.22293e+01 -5.37143e-01 -2.14959e+01
3.22441e+01 -8.80048e-01 -2.44981e+01
3.22595e+01 -1.25504e+00 -2.34599e+01
3.22720e+01 -1.52345e+00 -1.89204e+01
3.22845e+01 -1.72363e+00 -1.29935e+01
3.22972e+01 -1.85404e+00 -7.80311e+00
3.23099e+01 -1.92908e+00 -4.29638e+00
3.23247e+01 -1.97375e+00 -2.00924e+00
3.23395e+01 -1.99422e+00 -8.98362e-01
3.23551e+01 -2.00352e+00 -3.65555e-01
3.23725e+01 -2.00740e+00 -1.19578e-01
3.23920e+01 -2.00856e+00 -1.71650e-02
3.24139e+01 -2.00844e+00 2.05264e-02
3.24389e+01 -2.00775e+00 3.26206e-02
3.24675e+01 -2.00675e+00 3.59376e-02
3.25009e+01 -2.00554e+00 3.67053e-02
3.25408e+01 -2.00407e+00 3.68750e-02
3.25895e+01 -2.00227e+00 3.69450e-02
3.26511e+01 -1.99999e+00 3.70161e-02
3.27334e+01 -1.99695e+00 3.71102e-02
3.28427e+01 -1.99288e+00 3.72363e-02
3.29414e+01 -1.98920e+00 3.73518e-02
3.30420e+01 -1.98544e+00 3.74701e-02
3.31427e+01 -1.98166e+00 3.75907e-02
3.32322e+01 -1.97829e+00 3.76978e-02
3.33231e+01 -1.97486e+00 3.78084e-02
3.34311e+01 -1.97077e+00 3.79406e-02
3.35390e+01 -1.96666e+00 3.80753e-02
3.36271e+01 -1.96330e+00 3.81852e-02
3.37184e+01 -1.95982e+00 3.83008e-02
3.38356e+01 -1.95532e+00 3.84505e-02
3.39278e+01 -1.95177e+00 3.85704e-02
3.40244e+01 -1.94803e+00 3.86967e-02
3.41280e+01 -1.94402e+00 3.88339e-02
3.42355e+01 -1.93983e+00 3.89776e-02
3.43461e+01 -1.93552e+00 3.91277e-02
3.44473e+01 -1.93155e+00 3.92661e-02
3.45500e+01 -1.92751e+00 3.94089e-02
3.46663e+01 -1.92292e+00 3.95718e-02
3.47653e+01 -1.91899e+00 3.97130e-02
3.48670e+01 -1.91494e+00 3.98592e-02
3.49728e+01 -1.91072e+00 4.00135e-02
3.50837e+01 -1.90627e+00 4.01770e-02
3.51973e+01 -1.90170e+00 4.03470e-02
3.53050e+01 -1.89734e+00 4.05101e-02
3.54149e+01 -1.89289e+00 4.06790e-02
3.55265e+01 -1.88834e+00 4.08526e-02
3.56401e+01 -1.88368e+00 4.10322e-02
3.57516e+01 -1.87910e+00 4.12106e-02
3.58656e+01 -1.87439e+00 4.13959e-02
3.59787e+01 -1.86970e+00 4.15821e-02
3.60953e+01 -1.86484e+00 4.17774e-02
3.62075e+01 -1.86014e+00 4.19678e-02
3.63271e+01 -1.85511e+00 4.21741e-02
3.64665e+01 -1.84921e+00 4.24181e-02
3.65702e+01 -1.84480e+00 4.26037e-02
3.66806e+01 -1.84009e+00 4.28033e-02
3.67974e+01 -1.83508e+00 4.30181e-02
3.69337e+01 -1.82920e+00 4.32727e-02
3.70497e+01 -1.82417e+00 4.34942e-02
3.71693e+01 -1.81895e+00 4.37256e-02
3.72890e+01 -1.81370e+00 4.39616e-02
3.74070e+01 -1.80850e+00 4.41982e-02
3.75308e+01 -1.80301e+00 4.44509e-02
3.76661e+01 -1.79698e+00 4.47326e-02
3.78015e+01 -1.79090e+00 4.50206e-02
3.79202e+01 -1.78554e+00 4.52778e-02
3.80445e+01 -1.77990e+00 4.55522e-02
3.81791e+01 -1.77375e+00 4.58556e-02
3.83137e+01 -1.76755e+00 4.61660e-02
3.84436e+01 -1.76154e+00 4.64718e-02
3.85755e+01 -1.75538e+00 4.67893e-02
3.87133e+01 -1.74891e+00 4.71283e-02
3.88511e+01 -1.74240e+00 4.74756e-02
3.89941e+01 -1.73558e+00 4.78448e-02
3.91371e+01 -1.72871e+00 4.82237e-02
3.92868e+01 -1.72146e+00 4.86305e-02
3.94365e+01 -1.71415e+00 4.90493e-02
3.95603e+01 -1.70806e+00 4.94043e-02
3.96950e+01 -1.70138e+00 4.97999e-02
3.98310e+01 -1.69458e+00 5.02102e-02
3.99699e+01 -1.68757e+00 5.06408e-02
4.01089e+01 -1.68050e+00 5.10837e-02
4.02490e+01 -1.67331e+00 5.15433e-02
4.03892e+01 -1.66605e+00 5.20166e-02
4.05301e+01 -1.65869e+00 5.25070e-02
4.06714e+01 -1.65124e+00 5.30137e-02
4.08133e+01 -1.64368e+00 5.35391e-02
4.09557e+01 -1.63601e+00 5.40836e-02
4.10988e+01 -1.62824e+00 5.46491e-02
4.12425e+01 -1.62034e+00 5.52369e-02
4.13870e+01 -1.61232e+00 5.58486e-02
4.15322e+01 -1.60416e+00 5.64861e-02
4.16782e+01 -1.59586e+00 5.71514e-02
4.18250e+01 -1.58742e+00 5.78468e-02
4.19728e+01 -1.57882e+00 5.85745e-02
4.21214e+01 -1.57006e+00 5.93375e-02
4.22711e+01 -1.56112e+00 6.01388e-02
4.24218e+01 -1.55199e+00 6.09819e-02
4.25736e+01 -1.54267e+00 6.18706e-02
4.27265e+01 -1.53314e+00 6.28095e-02
4.28806e+01 -1.52338e+00 6.38037e-02
4.30360e+01 -1.51338e+00 6.48589e-02
4.31927e+01 -1.50313e+00 6.59820e-02
4.33509e+01 -1.49260e+00 6.71807e-02
4.35105e+01 -1.48178e+00 6.84641e-02
4.36717e+01 -1.47063e+00 6.98431e-02
4.38345e+01 -1.45914e+00 7.13304e-02
4.39991e+01 -1.44727e+00 7.29414e-02
4.41656e+01 -1.43498e+00 7.46945e-02
4.43342e+01 -1.42223e+00 7.66124e-02
4.45048e+01 -1.40898e+00 7.87231e-02
4.46779e+01 -1.39516e+00 8.10620e-02
4.48534e+01 -1.38070e+00 8.36738e-02
4.50317e+01 -1.36553e+00 8.66170e-02
4.52130e+01 -1.34952e+00 8.99688e-02
4.53976e+01 -1.33256e+00 9.38344e-02
4.55860e+01 -1.31447e+00 9.83608e-02
4.57786e+01 -1.29502e+00 1.03761e-01
4.59760e+01 -1.27391e+00 1.10357e-01
4.61791e+01 -1.25068e+00 1.18662e-01
4.63891e+01 -1.22467e+00 1.29555e-01
4.66075e+01 -1.19480e+00 1.44688e-01
4.68372e+01 -1.15912e+00 1.67607e-01
4.70830e+01 -1.11348e+00 2.07675e-01
4.73542e+01 -1.04647e+00 3.00115e-01
4.75546e+01 -9.71483e-01 4.77892e-01
4.76655e+01 -9.06887e-01 7.18977e-01
4.77518e+01 -8.29145e-01 1.13848e+00
4.78172e+01 -7.34412e-01 1.85163e+00
4.78686e+01 -6.11480e-01 3.09441e+00
4.79218e+01 -3.75550e-01 6.31412e+00
4.79461e+01 -1.87801e-01 9.42253e+00
4.79679e+01 6.21934e-02 1.38828e+01
4.79897e+01 4.29713e-01 2.00184e+01
4.80058e+01 7.87593e-01 2.39953e+01
4.80221e+01 1.18747e+00 2.40616e+01
4.80347e+01 1.46987e+00 2.01204e+01
4.80475e+01 1.68961e+00 1.41688e+01
4.80600e+01 1.83175e+00 8.76941e+00
4.80725e+01 1.91579e+00 4.94657e+00
4.80874e+01 1.96774e+00 2.32698e+00
4.81023e+01 1.99162e+00 1.04256e+00
4.81177e+01 2.00235e+00 4.34757e-01
4.81347e+01 2.00696e+00 1.50145e-01
4.81538e+01 2.00848e+00 2.91785e-02
4.81753e+01 2.00852e+00 -1.63842e-02
4.81996e+01 2.00790e+00 -3.13884e-02
4.82275e+01 2.00695e+00 -3.56285e-02
4.82600e+01 2.00577e+00 -3.66389e-02
4.82985e+01 2.00436e+00 -3.68578e-02
4.83454e+01 2.00263e+00 -3.69334e-02
4.84043e+01 2.00045e+00 -3.70021e-02
4.84819e+01 1.99757e+00 -3.70908e-02
4.85893e+01 1.99358e+00 -3.72144e-02
4.86995e+01 1.98947e+00 -3.73436e-02
4.87827e+01 1.98636e+00 -3.74409e-02
4.88705e+01 1.98307e+00 -3.75453e-02
4.89876e+01 1.97867e+00 -3.76854e-02
4.90741e+01 1.97540e+00 -3.77909e-02
4.91662e+01 1.97192e+00 -3.79035e-02
4.92687e+01 1.96803e+00 -3.80303e-02
4.93737e+01 1.96402e+00 -3.81615e-02
4.94845e+01 1.95979e+00 -3.83018e-02
4.95810e+01 1.95609e+00 -3.84249e-02
4.96798e+01 1.95229e+00 -3.85529e-02
4.97921e+01 1.94795e+00 -3.86994e-02
4.98888e+01 1.94420e+00 -3.88278e-02
4.99880e+01 1.94034e+00 -3.89601e-02
5.00905e+01 1.93634e+00 -3.90989e-02
5.02088e+01 1.93171e+00 -3.92603e-02
5.03024e+01 1.92802e+00 -3.93907e-02
5.04004e+01 1.92416e+00 -3.95278e-02
5.05069e+01 1.91994e+00 -3.96788e-02
5.06124e+01 1.91574e+00 -3.98302e-02
5.07295e+01 1.91107e+00 -4.00005e-02
5.08501e+01 1.90624e+00 -4.01783e-02
5.09731e+01 1.90128e+00 -4.03629e-02
5.10715e+01 1.89730e+00 -4.05116e-02
5.11738e+01 1.89315e+00 -4.06688e-02
5.12847e+01 1.88863e+00 -4.08413e-02
5.14027e+01 1.88380e+00 -4.10275e-02
5.15102e+01 1.87938e+00 -4.11996e-02
5.16302e+01 1.87443e+00 -4.13943e-02
5.17606e+01 1.86902e+00 -4.16095e-02
5.19004e+01 1.86318e+00 -4.18442e-02
5.20301e+01 1.85774e+00 -4.20658e-02
5.21624e+01 1.85216e+00 -4.22961e-02
5.22717e+01 1.84753e+00 -4.24890e-02
5.23856e+01 1.84268e+00 -4.26935e-02
5.25071e+01 1.83748e+00 -4.29149e-02
5.26311e+01 1.83214e+00 -4.31451e-02
5.27481e+01 1.82708e+00 -4.33658e-02
5.28725e+01 1.82167e+00 -4.36045e-02
5.30073e+01 1.81577e+00 -4.38680e-02
5.31421e+01 1.80984e+00 -4.41371e-02
5.32580e+01 1.80471e+00 -4.43722e-02
5.33781e+01 1.79937e+00 -4.46208e-02
5.35146e+01 1.79326e+00 -4.49082e-02
5.36511e+01 1.78711e+00 -4.52026e-02
5.37692e+01 1.78176e+00 -4.54615e-02
5.38899e+01 1.77625e+00 -4.57318e-02
5.40270e+01 1.76996e+00 -4.60446e-02
5.41640e+01 1.76363e+00 -4.63651e-02
5.42814e+01 1.75817e+00 -4.66449e-02
5.44107e+01 1.75212e+00 -4.69598e-02
5.45429e+01 1.74589e+00 -4.72889e-02
5.46798e+01 1.73939e+00 -4.76377e-02
5.48167e+01 1.73285e+00 -4.79950e-02
5.49567e+01 1.72610e+00 -4.83695e-02
5.50967e+01 1.71930e+00 -4.87538e-02
5.52380e+01 1.71239e+00 -4.91514e-02
5.53792e+01 1.70542e+00 -4.95599e-02
5.55204e+01 1.69839e+00 -4.99795e-02
5.56617e+01 1.69130e+00 -5.04108e-02
5.58029e+01 1.68415e+00 -5.08544e-02
5.59441e+01 1.67693e+00 -5.13108e-02
5.60854e+01 1.66965e+00 -5.17808e-02
5.62266e+01 1.66230e+00 -5.22650e-02
5.63678e+01 1.65489e+00 -5.27641e-02
5.65095e+01 1.64738e+00 -5.32807e-02
5.66517e+01 1.63976e+00 -5.38157e-02
5.67945e+01 1.63204e+00 -5.43709e-02
5.69379e+01 1.62420e+00 -5.49476e-02
5.70820e+01 1.61624e+00 -5.55474e-02
5.72268e+01 1.60815e+00 -5.61722e-02
5.73724e+01 1.59992e+00 -5.68237e-02
5.75188e+01 1.59155e+00 -5.75041e-02
5.76661e+01 1.58303e+00 -5.82157e-02
5.78144e+01 1.57435e+00 -5.89611e-02
5.79635e+01 1.56550e+00 -5.97434e-02
5.81137e+01 1.55646e+00 -6.05656e-02
5.82650e+01 1.54724e+00 -6.14316e-02
5.84173e+01 1.53781e+00 -6.23455e-02
5.85709e+01 1.52816e+00 -6.33120e-02
5.87256e+01 1.51828e+00 -6.43367e-02
5.88817e+01 1.50816e+00 -6.54258e-02
5.90391e+01 1.49777e+00 -6.65866e-02
5.91980e+01 1.48709e+00 -6.78275e-02
5.93584e+01 1.47611e+00 -6.91585e-02
5.95204e+01 1.46479e+00 -7.05913e-02
5.96842e+01 1.45310e+00 -7.21399e-02
5.98497e+01 1.44102e+00 -7.38212e-02
6.00173e+01 1.42850e+00 -7.56557e-02
6.01869e+01 1.41550e+00 -7.76685e-02
6.03587e+01 1.40196e+00 -7.98913e-02
6.05330e+01 1.38783e+00 -8.23638e-02
6.07099e+01 1.37302e+00 -8.51372e-02
6.08897e+01 1.35743e+00 -8.82787e-02
6.10727e+01 1.34096e+00 -9.18786e-02
6.12592e+01 1.32344e+00 -9.60613e-02
6.14497e+01 1.30468e+00 -1.01004e-01
6.16447e+01 1.28443e+00 -1.06967e-01
6.18449e+01 1.26229e+00 -1.14358e-01
6.20513e+01 1.23775e+00 -1.23846e-01
6.22654e+01 1.20993e+00 -1.36629e-01
6.24892e+01 1.17741e+00 -1.55101e-01
6.27263e+01 1.13739e+00 -1.84911e-01
6.29835e+01 1.08317e+00 -2.43478e-01
6.32707e+01 9.93467e-01 -4.15642e-01
6.33856e+01 9.36562e-01 -5.96845e-01
6.34830e+01 8.64402e-01 -9.29906e-01
6.35566e+01 7.77884e-01 -1.49688e+00
6.36132e+01 6.69254e-01 -2.46780e+00
6.36603e+01 5.16422e-01 -4.27478e+00
6.36944e+01 3.28286e-01 -7.06185e+00
6.37186e+01 1.17349e-01 -1.06617e+01
6.37396e+01 -1.54526e-01 -1.55234e+01
6.37606e+01 -5.44009e-01 -2.15832e+01
6.37754e+01 -8.86819e-01 -2.45246e+01
6.37907e+01 -1.26036e+00 -2.34040e+01
6.38032e+01 -1.52775e+00 -1.88173e+01
6.38157e+01 -1.72659e+00 -1.28878e+01
6.38300e+01 -1.86710e+00 -7.22108e+00
6.38442e+01 -1.94197e+00 -3.65278e+00
6.38607e+01 -1.98265e+00 -1.53253e+00
6.38773e+01 -1.99933e+00 -6.09777e-01
6.38939e+01 -2.00580e+00 -2.26206e-01
6.39122e+01 -2.00817e+00 -6.01381e-02
6.39328e+01 -2.00861e+00 5.30357e-03
6.39561e+01 -2.00817e+00 2.79473e-02
6.39826e+01 -2.00732e+00 3.47216e-02
6.40133e+01 -2.00622e+00 3.64374e-02
6.40495e+01 -2.00489e+00 3.68119e-02
6.40931e+01 -2.00328e+00 3.69101e-02
6.41471e+01 -2.00129e+00 3.69761e-02
6.42170e+01 -1.99870e+00 3.70560e-02
6.43149e+01 -1.99507e+00 3.71684e-02
6.44260e+01 -1.99093e+00 3.72976e-02
6.45231e+01 -1.98730e+00 3.74113e-02
6.46251e+01 -1.98348e+00 3.75324e-02
6.47335e+01 -1.97941e+00 3.76617e-02
6.48205e+01 -1.97612e+00 3.77677e-02
6.49112e+01 -1.97269e+00 3.78783e-02
6.50123e+01 -1.96886e+00 3.80031e-02
6.51172e+01 -1.96486e+00 3.81339e-02
6.52286e+01 -1.96061e+00 3.82747e-02
6.53251e+01 -1.95691e+00 3.83975e-02
6.54241e+01 -1.95310e+00 3.85253e-02
6.55367e+01 -1.94875e+00 3.86719e-02
6.56327e+01 -1.94504e+00 3.87990e-02
6.57313e+01 -1.94121e+00 3.89303e-02
6.58340e+01 -1.93720e+00 3.90690e-02
6.59541e+01 -1.93250e+00 3.92325e-02
6.60454e+01 -1.92891e+00 3.93593e-02
6.61419e+01 -1.92511e+00 3.94940e-02
6.62492e+01 -1.92086e+00 3.96458e-02
6.63658e+01 -1.91623e+00 3.98127e-02
6.64851e+01 -1.91147e+00 3.99863e-02
6.65844e+01 -1.90749e+00 4.01321e-02
6.66868e+01 -1.90337e+00 4.02847e-02
6.67994e+01 -1.89883e+00 4.04544e-02
6.69148e+01 -1.89415e+00 4.06311e-02
6.70234e+01 -1.88973e+00 4.07993e-02
6.71344e+01 -1.88519e+00 4.09740e-02
6.72469e+01 -1.88057e+00 4.11532e-02
6.73622e+01 -1.87581e+00 4.13399e-02
6.74747e+01 -1.87115e+00 4.15243e-02
6.75909e+01 -1.86631e+00 4.17179e-02
6.77030e+01 -1.86163e+00 4.19073e-02
6.78225e+01 -1.85661e+00 4.21124e-02
6.79623e+01 -1.85070e+00 4.23560e-02
6.80646e+01 -1.84636e+00 4.25382e-02
6.81739e+01 -1.84170e+00 4.27348e-02
6.82909e+01 -1.83669e+00 4.29488e-02
6.84249e+01 -1.83092e+00 4.31979e-02
6.85589e+01 -1.82511e+00 4.34527e-02
6.86637e+01 -1.82054e+00 4.36545e-02
6.87732e+01 -1.81576e+00 4.38689e-02
6.89083e+01 -1.80981e+00 4.41380e-02
6.90434e+01 -1.80383e+00 4.44136e-02
6.91528e+01 -1.79896e+00 4.46399e-02
6.92661e+01 -1.79388e+00 4.48788e-02
6.94017e+01 -1.78778e+00 4.51696e-02
6.95372e+01 -1.78164e+00 4.54674e-02
6.96569e+01 -1.77618e+00 4.57351e-02
6.97796e+01 -1.77055e+00 4.60152e-02
6.99163e+01 -1.76424e+00 4.63336e-02
7.00530e+01 -1.75788e+00 4.66598e-02
7.01800e+01 -1.75194e+00 4.69691e-02
7.03114e+01 -1.74575e+00 4.72964e-02
7.04472e+01 -1.73930e+00 4.76425e-02
7.05831e+01 -1.73280e+00 4.79975e-02
7.07220e+01 -1.72611e+00 4.83690e-02
7.08609e+01 -1.71936e+00 4.87501e-02
7.10010e+01 -1.71250e+00 4.91445e-02
7.11412e+01 -1.70559e+00 4.95496e-02
7.12813e+01 -1.69862e+00 4.99656e-02
7.14215e+01 -1.69158e+00 5.03932e-02
7.15616e+01 -1.68449e+00 5.08328e-02
7.17017e+01 -1.67734e+00 5.12850e-02
7.18420e+01 -1.67011e+00 5.17510e-02
7.19827e+01 -1.66280e+00 5.22322e-02
7.21237e+01 -1.65540e+00 5.27296e-02
7.22653e+01 -1.64789e+00 5.32446e-02
7.24074e+01 -1.64029e+00 5.37782e-02
7.25501e+01 -1.63258e+00 5.43319e-02
7.26934e+01 -1.62475e+00 5.49071e-02
7.28375e+01 -1.61679e+00 5.55053e-02
7.29823e+01 -1.60871e+00 5.61283e-02
7.31278e+01 -1.60050e+00 5.67778e-02
7.32742e+01 -1.59214e+00 5.74562e-02
7.34214e+01 -1.58362e+00 5.81656e-02
7.35696e+01 -1.57495e+00 5.89086e-02
7.37187e+01 -1.56611e+00 5.96882e-02
7.38688e+01 -1.55709e+00 6.05076e-02
7.40200e+01 -1.54788e+00 6.13704e-02
7.41723e+01 -1.53846e+00 6.22808e-02
7.43257e+01 -1.52883e+00 6.32436e-02
7.44804e+01 -1.51897e+00 6.42641e-02
7.46364e+01 -1.50887e+00 6.53485e-02
7.47937e+01 -1.49849e+00 6.65041e-02
7.49525e+01 -1.48784e+00 6.77392e-02
7.51128e+01 -1.47687e+00 6.90636e-02
7.52747e+01 -1.46558e+00 7.04890e-02
7.54383e+01 -1.45392e+00 7.20291e-02
7.56038e+01 -1.44187e+00 7.37006e-02
7.57711e+01 -1.42938e+00 7.55238e-02
7.59406e+01 -1.41641e+00 7.75234e-02
7.61123e+01 -1.40292e+00 7.97306e-02
7.62864e+01 -1.38882e+00 8.21843e-02
7.64631e+01 -1.37406e+00 8.49350e-02
7.66427e+01 -1.35853e+00 8.80486e-02
7.68255e+01 -1.34212e+00 9.16134e-02
7.70117e+01 -1.32468e+00 9.57509e-02
7.72019e+01 -1.30602e+00 1.00634e-01
7.73965e+01 -1.28588e+00 1.06516e-01
7.75964e+01 -1.26389e+00 1.13791e-01
7.78024e+01 -1.23953e+00 1.23104e-01
7.80158e+01 -1.21198e+00 1.35603e-01
7.82389e+01 -1.17985e+00 1.53560e-01
7.84749e+01 -1.14049e+00 1.82261e-01
7.87304e+01 -1.08765e+00 2.37629e-01
7.90158e+01 -1.00173e+00 3.94575e-01
7.91402e+01 -9.42929e-01 5.73222e-01
7.92402e+01 -8.71934e-01 8.89324e-01
7.93158e+01 -7.87058e-01 1.42794e+00
7.93738e+01 -6.81116e-01 2.34829e+00
7.94213e+01 -5.35003e-01 4.03042e+00
7.94577e+01 -3.43757e-01 6.81407e+00
7.94822e+01 -1.37747e-01 1.03003e+01
7.95033e+01 1.27325e-01 1.50438e+01
7.95245e+01 5.09549e-01 2.11359e+01
7.95395e+01 8.52935e-01 2.43775e+01
7.95550e+01 1.23385e+00 2.36703e+01
7.95676e+01 1.50647e+00 1.93175e+01
7.95801e+01 1.71215e+00 1.33982e+01
7.95928e+01 1.84662e+00 8.12858e+00
7.96054e+01 1.92470e+00 4.51188e+00
7.96219e+01 1.97511e+00 1.93720e+00
7.96383e+01 1.99621e+00 7.86785e-01
7.96548e+01 2.00459e+00 3.01276e-01
7.96725e+01 2.00778e+00 9.18577e-02
7.96925e+01 2.00861e+00 6.52061e-03
7.97150e+01 2.00834e+00 -2.41027e-02
7.97405e+01 2.00758e+00 -3.36531e-02
7.97700e+01 2.00654e+00 -3.61882e-02
7.98045e+01 2.00528e+00 -3.67585e-02
7.98458e+01 2.00375e+00 -3.68907e-02
7.98966e+01 2.00188e+00 -3.69576e-02
7.99615e+01 1.99948e+00 -3.70320e-02
8.00493e+01 1.99622e+00 -3.71327e-02
8.01647e+01 1.99193e+00 -3.72660e-02
8.02584e+01 1.98843e+00 -3.73759e-02
8.03560e+01 1.98478e+00 -3.74910e-02
8.04539e+01 1.98110e+00 -3.76081e-02
8.05556e+01 1.97727e+00 -3.77304e-02
8.06574e+01 1.97343e+00 -3.78549e-02
8.07591e+01 1.96957e+00 -3.79795e-02
8.08609e+01 1.96570e+00 -3.81071e-02
8.09490e+01 1.96233e+00 -3.82173e-02
8.10390e+01 1.95889e+00 -3.83316e-02
8.11534e+01 1.95450e+00 -3.84781e-02
8.12501e+01 1.95077e+00 -3.86042e-02
8.13498e+01 1.94691e+00 -3.87347e-02
8.14516e+01 1.94296e+00 -3.88701e-02
8.15650e+01 1.93855e+00 -3.90219e-02
8.16619e+01 1.93476e+00 -3.91541e-02
8.17615e+01 1.93085e+00 -3.92906e-02
8.18653e+01 1.92676e+00 -3.94352e-02
8.19746e+01 1.92245e+00 -3.95888e-02
8.20859e+01 1.91803e+00 -3.97477e-02
8.22024e+01 1.91339e+00 -3.99152e-02
8.22987e+01 1.90954e+00 -4.00568e-02
8.23984e+01 1.90554e+00 -4.02041e-02
8.25064e+01 1.90119e+00 -4.03660e-02
8.26209e+01 1.89656e+00 -4.05397e-02
8.27400e+01 1.89172e+00 -4.07235e-02
8.28484e+01 1.88730e+00 -4.08925e-02
8.29604e+01 1.88270e+00 -4.10702e-02
8.30728e+01 1.87808e+00 -4.12505e-02
8.31897e+01 1.87324e+00 -4.14412e-02
8.33012e+01 1.86862e+00 -4.16254e-02
8.34199e+01 1.86366e+00 -4.18248e-02
8.35416e+01 1.85856e+00 -4.20322e-02
8.36658e+01 1.85332e+00 -4.22478e-02
8.37788e+01 1.84854e+00 -4.24467e-02
8.38971e+01 1.84351e+00 -4.26584e-02
8.40196e+01 1.83827e+00 -4.28810e-02
8.41445e+01 1.83290e+00 -4.31122e-02
8.42593e+01 1.82793e+00 -4.33283e-02
8.43834e+01 1.82254e+00 -4.35657e-02
8.45156e+01 1.81677e+00 -4.38233e-02
8.46503e+01 1.81085e+00 -4.40911e-02
8.47774e+01 1.80522e+00 -4.43486e-02
8.49074e+01 1.79944e+00 -4.46171e-02
8.50494e+01 1.79309e+00 -4.49162e-02
8.51915e+01 1.78668e+00 -4.52233e-02
8.53005e+01 1.78174e+00 -4.54623e-02
8.54146e+01 1.77654e+00 -4.57177e-02
8.55486e+01 1.77039e+00 -4.60231e-02
8.56825e+01 1.76421e+00 -4.63356e-02
8.58092e+01 1.75832e+00 -4.66372e-02
8.59400e+01 1.75220e+00 -4.69555e-02
8.60758e+01 1.74580e+00 -4.72938e-02
8.62117e+01 1.73935e+00 -4.76402e-02
8.63515e+01 1.73266e+00 -4.80049e-02
8.64912e+01 1.72593e+00 -4.83790e-02
8.66330e+01 1.71904e+00 -4.87685e-02
8.67749e+01 1.71209e+00 -4.91685e-02
8.69169e+01 1.70508e+00 -4.95795e-02
8.70588e+01 1.69801e+00 -5.00019e-02
8.72008e+01 1.69089e+00 -5.04361e-02
8.73428e+01 1.68369e+00 -5.08828e-02
8.74847e+01 1.67644e+00 -5.13425e-02
8.76267e+01 1.66911e+00 -5.18159e-02
8.77687e+01 1.66172e+00 -5.23037e-02
8.79106e+01 1.65426e+00 -5.28066e-02
8.80526e+01 1.64673e+00 -5.33256e-02
8.81949e+01 1.63910e+00 -5.38627e-02
8.83378e+01 1.63137e+00 -5.44197e-02
8.84812e+01 1.62352e+00 -5.49984e-02
8.86254e+01 1.61555e+00 -5.56003e-02
8.87703e+01 1.60745e+00 -5.62273e-02
8.89160e+01 1.59921e+00 -5.68812e-02
8.90625e+01 1.59082e+00 -5.75642e-02
8.92099e+01 1.58229e+00 -5.82787e-02
8.93582e+01 1.57359e+00 -5.90272e-02
8.95074e+01 1.56472e+00 -5.98127e-02
8.96577e+01 1.55567e+00 -6.06386e-02
8.98090e+01 1.54643e+00 -6.15085e-02
8.99615e+01 1.53698e+00 -6.24268e-02
9.01151e+01 1.52732e+00 -6.33981e-02
9.02700e+01 1.51742e+00 -6.44281e-02
9.04262e+01 1.50727e+00 -6.55231e-02
9.05837e+01 1.49686e+00 -6.66904e-02
9.07428e+01 1.48616e+00 -6.79387e-02
9.09033e+01 1.47514e+00 -6.92780e-02
9.10655e+01 1.46379e+00 -7.07202e-02
9.12294e+01 1.45207e+00 -7.22795e-02
9.13951e+01 1.43996e+00 -7.39732e-02
9.15628e+01 1.42740e+00 -7.58220e-02
9.17326e+01 1.41435e+00 -7.78516e-02
9.19047e+01 1.40077e+00 -8.00942e-02
9.20792e+01 1.38658e+00 -8.25905e-02
9.22563e+01 1.37170e+00 -8.53927e-02
9.24364e+01 1.35605e+00 -8.85699e-02
9.26196e+01 1.33949e+00 -9.22146e-02
9.28065e+01 1.32187e+00 -9.64549e-02
9.29973e+01 1.30300e+00 -1.01473e-01
9.31927e+01 1.28260e+00 -1.07542e-01
9.33934e+01 1.26028e+00 -1.15082e-01
9.36004e+01 1.23549e+00 -1.24796e-01
9.38152e+01 1.20734e+00 -1.37950e-01
9.40400e+01 1.17431e+00 -1.57103e-01
9.42785e+01 1.13342e+00 -1.88401e-01
9.45380e+01 1.07735e+00 -2.51400e-01
9.48270e+01 9.82578e-01 -4.45323e-01
9.49309e+01 9.27790e-01 -6.30866e-01
9.50255e+01 8.53347e-01 -9.91992e-01
9.50963e+01 7.64430e-01 -1.60174e+00
9.51511e+01 6.51663e-01 -2.65085e+00
9.51978e+01 4.86859e-01 -4.67628e+00
9.52292e+01 3.00670e-01 -7.51095e+00
9.52528e+01 8.19325e-02 -1.12931e+01
9.52736e+01 -2.02750e-01 -1.63630e+01
9.52944e+01 -6.06003e-01 -2.23281e+01
9.53091e+01 -9.53881e-01 -2.47063e+01
9.53240e+01 -1.31432e+00 -2.27623e+01
9.53367e+01 -1.57422e+00 -1.76375e+01
9.53495e+01 -1.76044e+00 -1.16401e+01
9.53625e+01 -1.87806e+00 -6.72373e+00
9.53755e+01 -1.94336e+00 -3.58280e+00
9.53912e+01 -1.98186e+00 -1.57541e+00
9.54069e+01 -1.99844e+00 -6.60692e-01
9.54231e+01 -2.00537e+00 -2.53272e-01
9.54412e+01 -2.00804e+00 -7.13952e-02
9.54615e+01 -2.00862e+00 1.15422e-03
9.54845e+01 -2.00824e+00 2.66157e-02
9.55107e+01 -2.00742e+00 3.43571e-02
9.55409e+01 -2.00634e+00 3.63537e-02
9.55764e+01 -2.00504e+00 3.67938e-02
9.56191e+01 -2.00347e+00 3.69029e-02
9.56718e+01 -2.00152e+00 3.69689e-02
9.57397e+01 -1.99901e+00 3.70465e-02
9.58333e+01 -1.99553e+00 3.71540e-02
9.59456e+01 -1.99136e+00 3.72841e-02
9.60751e+01 -1.98651e+00 3.74366e-02
9.61587e+01 -1.98338e+00 3.75354e-02
9.62504e+01 -1.97993e+00 3.76453e-02
9.63568e+01 -1.97592e+00 3.77738e-02
9.64675e+01 -1.97173e+00 3.79097e-02
9.65581e+01 -1.96830e+00 3.80213e-02
9.66518e+01 -1.96473e+00 3.81385e-02
9.67657e+01 -1.96037e+00 3.82820e-02
9.68593e+01 -1.95679e+00 3.84019e-02
9.69564e+01 -1.95305e+00 3.85269e-02
9.70584e+01 -1.94911e+00 3.86601e-02
9.71774e+01 -1.94450e+00 3.88166e-02
9.72663e+01 -1.94105e+00 3.89359e-02
9.73606e+01 -1.93737e+00 3.90630e-02
9.74671e+01 -1.93320e+00 3.92083e-02
9.75844e+01 -1.92860e+00 3.93702e-02
9.77036e+01 -1.92389e+00 3.95378e-02
9.77970e+01 -1.92019e+00 3.96696e-02
9.78946e+01 -1.91631e+00 3.98097e-02
9.80057e+01 -1.91188e+00 3.99708e-02
9.81213e+01 -1.90725e+00 4.01411e-02
9.82277e+01 -1.90297e+00 4.02994e-02
9.83368e+01 -1.89857e+00 4.04643e-02
9.84480e+01 -1.89406e+00 4.06343e-02
9.85614e+01 -1.88944e+00 4.08105e-02
9.86719e+01 -1.88492e+00 4.09842e-02
9.87847e+01 -1.88029e+00 4.11644e-02
9.88973e+01 -1.87564e+00 4.13464e-02
9.90128e+01 -1.87085e+00 4.15362e-02
9.91258e+01 -1.86615e+00 4.17244e-02
9.92434e+01 -1.86123e+00 4.19234e-02
9.93544e+01 -1.85657e+00 4.21139e-02
9.94760e+01 -1.85143e+00 4.23260e-02
9.96076e+01 -1.84585e+00 4.25595e-02
9.97426e+01 -1.84009e+00 4.28036e-02
9.98547e+01 -1.83528e+00 4.30094e-02
9.99743e+01 -1.83012e+00 4.32327e-02
1.00000e+02 -1.82901e+00 4.32813e-02
