1.00000e-06 1.00000e+00 -1.00000e-06
6.00000e-06 1.00000e+00 -6.00000e-06
3.10000e-05 1.00000e+00 -3.10000e-05
1.56000e-04 1.00000e+00 -1.56000e-04
7.81000e-04 1.00000e+00 -7.81000e-04
3.90600e-03 9.99992e-01 -3.90599e-03
1.95310e-02 9.99809e-01 -1.95304e-02
9.76560e-02 9.95227e-01 -9.79329e-02
3.34647e-01 9.40286e-01 -3.94606e-01
4.33804e-01 8.90304e-01 -6.39433e-01
5.19339e-01 8.19444e-01 -1.07467e+00
5.82767e-01 7.31600e-01 -1.78825e+00
6.32422e-01 6.16291e-01 -3.01531e+00
6.77853e-01 4.28833e-01 -5.61817e+00
7.03919e-01 2.46129e-01 -8.69349e+00
7.25410e-01 1.70182e-02 -1.29552e+01
7.47163e-01 -3.30809e-01 -1.93314e+01
7.63748e-01 -6.94956e-01 -2.43454e+01
7.77483e-01 -1.04440e+00 -2.58837e+01
7.91232e-01 -1.38430e+00 -2.27395e+01
8.04981e-01 -1.65285e+00 -1.60236e+01
8.16782e-01 -1.80644e+00 -1.01855e+01
8.28583e-01 -1.89941e+00 -5.86384e+00
8.41652e-01 -1.95520e+00 -2.96096e+00
8.55636e-01 -1.98403e+00 -1.35590e+00
8.69883e-01 -1.99717e+00 -5.87985e-01
8.85516e-01 -2.00307e+00 -2.20339e-01
9.03012e-01 -2.00528e+00 -5.86667e-02
9.22684e-01 -2.00570e+00 4.67988e-03
9.44911e-01 -2.00530e+00 2.64869e-02
9.70272e-01 -2.00453e+00 3.29726e-02
9.99618e-01 -2.00353e+00 3.46018e-02
1.03420e+00 -2.00232e+00 3.49517e-02
1.07590e+00 -2.00086e+00 3.50399e-02
1.12770e+00 -1.99905e+00 3.50973e-02
1.19472e+00 -1.99669e+00 3.51665e-02
1.28854e+00 -1.99339e+00 3.52637e-02
1.39667e+00 -1.98957e+00 3.53771e-02
1.48659e+00 -1.98639e+00 3.54719e-02
1.58112e+00 -1.98303e+00 3.55729e-02
1.68283e+00 -1.97940e+00 3.56819e-02
1.76851e+00 -1.97634e+00 3.57755e-02
1.85679e+00 -1.97318e+00 3.58720e-02
1.95191e+00 -1.96976e+00 3.59773e-02
2.06171e+00 -1.96581e+00 3.60994e-02
2.14453e+00 -1.96281e+00 3.61934e-02
2.23216e+00 -1.95964e+00 3.62930e-02
2.33146e+00 -1.95603e+00 3.64071e-02
2.43419e+00 -1.95228e+00 3.65262e-02
2.54264e+00 -1.94831e+00 3.66539e-02
2.63279e+00 -1.94500e+00 3.67604e-02
2.72581e+00 -1.94158e+00 3.68719e-02
2.83482e+00 -1.93755e+00 3.70035e-02
2.92898e+00 -1.93406e+00 3.71191e-02
3.02549e+00 -1.93047e+00 3.72381e-02
3.12434e+00 -1.92679e+00 3.73617e-02
3.23341e+00 -1.92270e+00 3.74991e-02
3.32861e+00 -1.91913e+00 3.76211e-02
3.42592e+00 -1.91546e+00 3.77465e-02
3.52654e+00 -1.91166e+00 3.78780e-02
3.64166e+00 -1.90729e+00 3.80296e-02
3.73489e+00 -1.90374e+00 3.81548e-02
3.83192e+00 -1.90003e+00 3.82857e-02
3.93619e+00 -1.89603e+00 3.84283e-02
4.04425e+00 -1.89187e+00 3.85777e-02
4.15725e+00 -1.88750e+00 3.87364e-02
4.26125e+00 -1.88346e+00 3.88838e-02
4.36778e+00 -1.87931e+00 3.90373e-02
4.48937e+00 -1.87456e+00 3.92139e-02
4.58416e+00 -1.87083e+00 3.93546e-02
4.68371e+00 -1.86691e+00 3.95032e-02
4.79285e+00 -1.86259e+00 3.96685e-02
4.91163e+00 -1.85786e+00 3.98508e-02
5.03230e+00 -1.85304e+00 4.00392e-02
5.13744e+00 -1.84883e+00 4.02052e-02
5.24511e+00 -1.84449e+00 4.03780e-02
5.35805e+00 -1.83992e+00 4.05615e-02
5.47562e+00 -1.83514e+00 4.07558e-02
5.58462e+00 -1.83068e+00 4.09384e-02
5.70424e+00 -1.82577e+00 4.11420e-02
5.83532e+00 -1.82037e+00 4.13688e-02
5.96743e+00 -1.81489e+00 4.16020e-02
6.07595e+00 -1.81036e+00 4.17961e-02
6.18845e+00 -1.80565e+00 4.20010e-02
6.30967e+00 -1.80054e+00 4.22251e-02
6.43327e+00 -1.79531e+00 4.24580e-02
6.55288e+00 -1.79022e+00 4.26871e-02
6.67759e+00 -1.78488e+00 4.29305e-02
6.81513e+00 -1.77896e+00 4.32039e-02
6.95267e+00 -1.77299e+00 4.34840e-02
7.06120e+00 -1.76826e+00 4.37081e-02
7.17419e+00 -1.76331e+00 4.39461e-02
7.30814e+00 -1.75740e+00 4.42334e-02
7.44209e+00 -1.75146e+00 4.45275e-02
7.56181e+00 -1.74611e+00 4.47953e-02
7.68573e+00 -1.74054e+00 4.50782e-02
7.82053e+00 -1.73445e+00 4.53925e-02
7.95534e+00 -1.72831e+00 4.57143e-02
8.10229e+00 -1.72156e+00 4.60731e-02
8.24925e+00 -1.71476e+00 4.64425e-02
8.36772e+00 -1.70924e+00 4.67462e-02
8.49023e+00 -1.70350e+00 4.70676e-02
8.62557e+00 -1.69710e+00 4.74309e-02
8.76091e+00 -1.69066e+00 4.78037e-02
8.90054e+00 -1.68396e+00 4.81983e-02
9.04017e+00 -1.67720e+00 4.86038e-02
9.18039e+00 -1.67035e+00 4.90222e-02
9.32061e+00 -1.66345e+00 4.94525e-02
9.46083e+00 -1.65648e+00 4.98953e-02
9.60105e+00 -1.64946e+00 5.03511e-02
9.74127e+00 -1.64236e+00 5.08207e-02
9.88149e+00 -1.63520e+00 5.13048e-02
1.00219e+01 -1.62797e+00 5.18047e-02
1.01627e+01 -1.62063e+00 5.23223e-02
1.03041e+01 -1.61320e+00 5.28591e-02
1.04461e+01 -1.60565e+00 5.34164e-02
1.05887e+01 -1.59799e+00 5.39959e-02
1.07320e+01 -1.59021e+00 5.45991e-02
1.08761e+01 -1.58230e+00 5.52279e-02
1.10210e+01 -1.57425e+00 5.58842e-02
1.11667e+01 -1.56606e+00 5.65704e-02
1.13132e+01 -1.55772e+00 5.72888e-02
1.14607e+01 -1.54921e+00 5.80422e-02
1.16092e+01 -1.54054e+00 5.88337e-02
1.17586e+01 -1.53168e+00 5.96668e-02
1.19092e+01 -1.52264e+00 6.05453e-02
1.20608e+01 -1.51338e+00 6.14739e-02
1.22137e+01 -1.50391e+00 6.24575e-02
1.23678e+01 -1.49421e+00 6.35020e-02
1.25232e+01 -1.48425e+00 6.46143e-02
1.26800e+01 -1.47403e+00 6.58022e-02
1.28383e+01 -1.46351e+00 6.70748e-02
1.29982e+01 -1.45268e+00 6.84432e-02
1.31596e+01 -1.44151e+00 6.99202e-02
1.33229e+01 -1.42997e+00 7.15212e-02
1.34880e+01 -1.41802e+00 7.32653e-02
1.36551e+01 -1.40562e+00 7.51752e-02
1.38243e+01 -1.39272e+00 7.72798e-02
1.39959e+01 -1.37926e+00 7.96149e-02
1.41700e+01 -1.36518e+00 8.22267e-02
1.43468e+01 -1.35039e+00 8.51751e-02
1.45266e+01 -1.33477e+00 8.85402e-02
1.47098e+01 -1.31821e+00 9.24309e-02
1.48966e+01 -1.30052e+00 9.70009e-02
1.50877e+01 -1.28147e+00 1.02474e-01
1.52837e+01 -1.26075e+00 1.09192e-01
1.54854e+01 -1.23790e+00 1.17706e-01
1.56941e+01 -1.21222e+00 1.28972e-01
1.59115e+01 -1.18256e+00 1.44825e-01
1.61405e+01 -1.14678e+00 1.69327e-01
1.63864e+01 -1.10023e+00 2.13741e-01
1.66595e+01 -1.02925e+00 3.24335e-01
1.68244e+01 -9.63665e-01 4.97329e-01
1.69298e+01 -8.99321e-01 7.57167e-01
1.70107e+01 -8.22472e-01 1.20425e+00
1.70719e+01 -7.28541e-01 1.96205e+00
1.71202e+01 -6.06206e-01 3.28072e+00
1.71701e+01 -3.72307e-01 6.66583e+00
1.71929e+01 -1.85707e-01 9.93148e+00
1.72134e+01 6.23130e-02 1.46032e+01
1.72339e+01 4.26106e-01 2.10220e+01
1.72492e+01 7.81853e-01 2.52351e+01
1.72629e+01 1.13592e+00 2.56935e+01
1.72766e+01 1.46320e+00 2.13366e+01
1.72903e+01 1.70786e+00 1.42540e+01
1.73022e+01 1.84290e+00 8.70771e+00
1.73141e+01 1.92186e+00 4.86865e+00
1.73291e+01 1.97231e+00 2.16391e+00
1.73442e+01 1.99420e+00 9.13784e-01
1.73592e+01 2.00327e+00 3.67701e-01
1.73757e+01 2.00698e+00 1.21449e-01
1.73942e+01 2.00812e+00 1.90257e-02
1.74150e+01 2.00805e+00 -1.86304e-02
1.74387e+01 2.00743e+00 -3.07040e-02
1.74658e+01 2.00654e+00 -3.40105e-02
1.74975e+01 2.00545e+00 -3.47710e-02
1.75353e+01 2.00413e+00 -3.49336e-02
1.75814e+01 2.00252e+00 -3.49954e-02
1.76398e+01 2.00047e+00 -3.50560e-02
1.77176e+01 1.99774e+00 -3.51358e-02
1.78213e+01 1.99409e+00 -3.52429e-02
1.79161e+01 1.99075e+00 -3.53422e-02
1.80131e+01 1.98731e+00 -3.54438e-02
1.81101e+01 1.98387e+00 -3.55479e-02
1.81905e+01 1.98101e+00 -3.56335e-02
1.82735e+01 1.97805e+00 -3.57234e-02
1.83779e+01 1.97431e+00 -3.58372e-02
1.84823e+01 1.97056e+00 -3.59530e-02
1.85631e+01 1.96766e+00 -3.60423e-02
1.86478e+01 1.96460e+00 -3.61374e-02
1.87586e+01 1.96059e+00 -3.62627e-02
1.88474e+01 1.95736e+00 -3.63649e-02
1.89402e+01 1.95399e+00 -3.64719e-02
1.90380e+01 1.95041e+00 -3.65862e-02
1.91471e+01 1.94641e+00 -3.67144e-02
1.92347e+01 1.94319e+00 -3.68194e-02
1.93260e+01 1.93983e+00 -3.69291e-02
1.94260e+01 1.93613e+00 -3.70507e-02
1.95307e+01 1.93224e+00 -3.71792e-02
1.96387e+01 1.92822e+00 -3.73138e-02
1.97331e+01 1.92469e+00 -3.74321e-02
1.98294e+01 1.92108e+00 -3.75546e-02
1.99401e+01 1.91692e+00 -3.76964e-02
2.00377e+01 1.91323e+00 -3.78237e-02
2.01372e+01 1.90946e+00 -3.79541e-02
2.02381e+01 1.90562e+00 -3.80884e-02
2.03501e+01 1.90135e+00 -3.82386e-02
2.04489e+01 1.89756e+00 -3.83736e-02
2.05497e+01 1.89369e+00 -3.85120e-02
2.06526e+01 1.88972e+00 -3.86556e-02
2.07709e+01 1.88514e+00 -3.88222e-02
2.08673e+01 1.88139e+00 -3.89606e-02
2.09676e+01 1.87747e+00 -3.91054e-02
2.10743e+01 1.87329e+00 -3.92619e-02
2.11821e+01 1.86905e+00 -3.94218e-02
2.12985e+01 1.86445e+00 -3.95969e-02
2.14075e+01 1.86013e+00 -3.97632e-02
2.15261e+01 1.85540e+00 -3.99468e-02
2.16463e+01 1.85059e+00 -4.01356e-02
2.17693e+01 1.84564e+00 -4.03321e-02
2.18759e+01 1.84133e+00 -4.05046e-02
2.19858e+01 1.83687e+00 -4.06852e-02
2.20967e+01 1.83235e+00 -4.08700e-02
2.22160e+01 1.82746e+00 -4.10720e-02
2.23527e+01 1.82183e+00 -4.13070e-02
2.24595e+01 1.81740e+00 -4.14945e-02
2.25720e+01 1.81273e+00 -4.16942e-02
2.26866e+01 1.80794e+00 -4.19013e-02
2.28024e+01 1.80307e+00 -4.21137e-02
2.29250e+01 1.79789e+00 -4.23427e-02
2.30603e+01 1.79215e+00 -4.25998e-02
2.31957e+01 1.78636e+00 -4.28629e-02
2.33034e+01 1.78174e+00 -4.30752e-02
2.34154e+01 1.77690e+00 -4.33001e-02
2.35502e+01 1.77104e+00 -4.35756e-02
2.36851e+01 1.76514e+00 -4.38580e-02
2.37983e+01 1.76017e+00 -4.40986e-02
2.39145e+01 1.75503e+00 -4.43505e-02
2.40503e+01 1.74899e+00 -4.46506e-02
2.41860e+01 1.74290e+00 -4.49580e-02
2.43066e+01 1.73747e+00 -4.52362e-02
2.44316e+01 1.73179e+00 -4.55309e-02
2.45661e+01 1.72565e+00 -4.58551e-02
2.47007e+01 1.71945e+00 -4.61871e-02
2.48428e+01 1.71287e+00 -4.65459e-02
2.49849e+01 1.70623e+00 -4.69143e-02
2.51157e+01 1.70007e+00 -4.72617e-02
2.52494e+01 1.69372e+00 -4.76256e-02
2.53857e+01 1.68720e+00 -4.80062e-02
2.55224e+01 1.68062e+00 -4.83978e-02
2.56604e+01 1.67391e+00 -4.88038e-02
2.57984e+01 1.66715e+00 -4.92211e-02
2.59371e+01 1.66029e+00 -4.96523e-02
2.60758e+01 1.65337e+00 -5.00959e-02
2.62150e+01 1.64637e+00 -5.05545e-02
2.63545e+01 1.63928e+00 -5.10277e-02
2.64945e+01 1.63210e+00 -5.15176e-02
2.66350e+01 1.62483e+00 -5.20245e-02
2.67760e+01 1.61746e+00 -5.25500e-02
2.69176e+01 1.60998e+00 -5.30954e-02
2.70599e+01 1.60238e+00 -5.36620e-02
2.72028e+01 1.59467e+00 -5.42514e-02
2.73464e+01 1.58684e+00 -5.48654e-02
2.74908e+01 1.57887e+00 -5.55057e-02
2.76360e+01 1.57076e+00 -5.61746e-02
2.77821e+01 1.56250e+00 -5.68742e-02
2.79290e+01 1.55409e+00 -5.76073e-02
2.80769e+01 1.54552e+00 -5.83766e-02
2.82258e+01 1.53677e+00 -5.91855e-02
2.83757e+01 1.52783e+00 -6.00375e-02
2.85268e+01 1.51869e+00 -6.09369e-02
2.86789e+01 1.50935e+00 -6.18884e-02
2.88323e+01 1.49978e+00 -6.28974e-02
2.89870e+01 1.48997e+00 -6.39701e-02
2.91430e+01 1.47990e+00 -6.51137e-02
2.93004e+01 1.46956e+00 -6.63367e-02
2.94594e+01 1.45891e+00 -6.76490e-02
2.96199e+01 1.44794e+00 -6.90622e-02
2.97821e+01 1.43661e+00 -7.05903e-02
2.99461e+01 1.42490e+00 -7.22501e-02
3.01121e+01 1.41276e+00 -7.40621e-02
3.02801e+01 1.40015e+00 -7.60516e-02
3.04503e+01 1.38702e+00 -7.82501e-02
3.06229e+01 1.37331e+00 -8.06975e-02
3.07981e+01 1.35893e+00 -8.34452e-02
3.09762e+01 1.34380e+00 -8.65610e-02
3.11574e+01 1.32780e+00 -9.01359e-02
3.13421e+01 1.31078e+00 -9.42956e-02
3.15307e+01 1.29254e+00 -9.92199e-02
3.17238e+01 1.27282e+00 -1.05175e-01
3.19221e+01 1.25125e+00 -1.12578e-01
3.21266e+01 1.22729e+00 -1.22119e-01
3.23388e+01 1.20008e+00 -1.35045e-01
3.25607e+01 1.16815e+00 -1.53882e-01
3.27961e+01 1.12860e+00 -1.84704e-01
3.30521e+01 1.07432e+00 -2.46908e-01
3.33371e+01 9.82353e-01 -4.39502e-01
3.34378e+01 9.29950e-01 -6.21178e-01
3.35304e+01 8.58205e-01 -9.77110e-01
3.35995e+01 7.72817e-01 -1.57606e+00
3.36527e+01 6.65226e-01 -2.59998e+00
3.36970e+01 5.13479e-01 -4.50264e+00
3.37292e+01 3.27197e-01 -7.42017e+00
3.37520e+01 1.18149e-01 -1.11859e+01
3.37718e+01 -1.50656e-01 -1.62610e+01
3.37917e+01 -5.35411e-01 -2.26143e+01
3.38056e+01 -8.75798e-01 -2.57895e+01
3.38201e+01 -1.24882e+00 -2.47811e+01
3.38319e+01 -1.51673e+00 -2.00916e+01
3.38437e+01 -1.71773e+00 -1.38902e+01
3.38556e+01 -1.84926e+00 -8.41538e+00
3.38676e+01 -1.92560e+00 -4.67510e+00
3.38815e+01 -1.97161e+00 -2.20260e+00
3.38955e+01 -1.99285e+00 -9.93061e-01
3.39101e+01 -2.00256e+00 -4.11628e-01
3.39264e+01 -2.00672e+00 -1.40715e-01
3.39446e+01 -2.00807e+00 -2.65575e-02
3.39652e+01 -2.00809e+00 1.60475e-02
3.39884e+01 -2.00752e+00 2.99404e-02
3.40151e+01 -2.00666e+00 3.38206e-02
3.40462e+01 -2.00559e+00 3.47309e-02
3.40832e+01 -2.00430e+00 3.49237e-02
3.41282e+01 -2.00273e+00 3.49889e-02
3.41849e+01 -2.00074e+00 3.50482e-02
3.42599e+01 -1.99811e+00 3.51250e-02
3.43641e+01 -1.99444e+00 3.52325e-02
3.44570e+01 -1.99117e+00 3.53297e-02
3.45522e+01 -1.98779e+00 3.54296e-02
3.46475e+01 -1.98441e+00 3.55314e-02
3.47428e+01 -1.98103e+00 3.56326e-02
3.48258e+01 -1.97806e+00 3.57231e-02
3.49106e+01 -1.97503e+00 3.58154e-02
3.50056e+01 -1.97162e+00 3.59200e-02
3.51079e+01 -1.96794e+00 3.60334e-02
3.52131e+01 -1.96415e+00 3.61520e-02
3.52985e+01 -1.96105e+00 3.62484e-02
3.53872e+01 -1.95783e+00 3.63499e-02
3.54950e+01 -1.95391e+00 3.64742e-02
3.55877e+01 -1.95052e+00 3.65828e-02
3.56829e+01 -1.94703e+00 3.66947e-02
3.57798e+01 -1.94347e+00 3.68103e-02
3.58842e+01 -1.93962e+00 3.69355e-02
3.59886e+01 -1.93576e+00 3.70632e-02
3.60758e+01 -1.93252e+00 3.71699e-02
3.61657e+01 -1.92918e+00 3.72815e-02
3.62797e+01 -1.92492e+00 3.74242e-02
3.63737e+01 -1.92140e+00 3.75439e-02
3.64711e+01 -1.91773e+00 3.76686e-02
3.65725e+01 -1.91391e+00 3.78002e-02
3.66882e+01 -1.90953e+00 3.79515e-02
3.67796e+01 -1.90605e+00 3.80734e-02
3.68753e+01 -1.90240e+00 3.82017e-02
3.69799e+01 -1.89840e+00 3.83438e-02
3.70826e+01 -1.89445e+00 3.84848e-02
3.71978e+01 -1.89001e+00 3.86451e-02
3.73171e+01 -1.88539e+00 3.88132e-02
3.74389e+01 -1.88065e+00 3.89880e-02
3.75323e+01 -1.87700e+00 3.91229e-02
3.76304e+01 -1.87316e+00 3.92668e-02
3.77383e+01 -1.86891e+00 3.94270e-02
3.78550e+01 -1.86430e+00 3.96028e-02
3.79662e+01 -1.85989e+00 3.97725e-02
3.80852e+01 -1.85514e+00 3.99569e-02
3.81922e+01 -1.85086e+00 4.01249e-02
3.83113e+01 -1.84607e+00 4.03147e-02
3.84417e+01 -1.84080e+00 4.05260e-02
3.85790e+01 -1.83522e+00 4.07526e-02
3.86846e+01 -1.83091e+00 4.09292e-02
3.87971e+01 -1.82629e+00 4.11205e-02
3.89186e+01 -1.82128e+00 4.13302e-02
3.90417e+01 -1.81618e+00 4.15465e-02
3.91550e+01 -1.81146e+00 4.17486e-02
3.92732e+01 -1.80652e+00 4.19631e-02
3.93959e+01 -1.80135e+00 4.21893e-02
3.95207e+01 -1.79607e+00 4.24238e-02
3.96380e+01 -1.79108e+00 4.26480e-02
3.97622e+01 -1.78577e+00 4.28896e-02
3.98964e+01 -1.78000e+00 4.31555e-02
4.00305e+01 -1.77419e+00 4.34272e-02
4.01469e+01 -1.76912e+00 4.36670e-02
4.02688e+01 -1.76379e+00 4.39231e-02
4.04028e+01 -1.75788e+00 4.42101e-02
4.05369e+01 -1.75193e+00 4.45038e-02
4.06495e+01 -1.74691e+00 4.47553e-02
4.07772e+01 -1.74117e+00 4.50460e-02
4.09066e+01 -1.73533e+00 4.53470e-02
4.10442e+01 -1.72906e+00 4.56743e-02
4.11819e+01 -1.72275e+00 4.60097e-02
4.13129e+01 -1.71670e+00 4.63363e-02
4.14458e+01 -1.71052e+00 4.66753e-02
4.15826e+01 -1.70411e+00 4.70328e-02
4.17194e+01 -1.69765e+00 4.73994e-02
4.18583e+01 -1.69104e+00 4.77814e-02
4.19973e+01 -1.68437e+00 4.81736e-02
4.21367e+01 -1.67763e+00 4.85777e-02
4.22761e+01 -1.67083e+00 4.89929e-02
4.24155e+01 -1.66397e+00 4.94198e-02
4.25549e+01 -1.65705e+00 4.98590e-02
4.26943e+01 -1.65007e+00 5.03111e-02
4.28338e+01 -1.64302e+00 5.07769e-02
4.29736e+01 -1.63589e+00 5.12582e-02
4.31138e+01 -1.62866e+00 5.17560e-02
4.32546e+01 -1.62134e+00 5.22717e-02
4.33959e+01 -1.61392e+00 5.28064e-02
4.35378e+01 -1.60639e+00 5.33617e-02
4.36803e+01 -1.59874e+00 5.39390e-02
4.38236e+01 -1.59097e+00 5.45398e-02
4.39676e+01 -1.58307e+00 5.51661e-02
4.41124e+01 -1.57504e+00 5.58197e-02
4.42580e+01 -1.56686e+00 5.65028e-02
4.44045e+01 -1.55853e+00 5.72180e-02
4.45519e+01 -1.55004e+00 5.79679e-02
4.47002e+01 -1.54138e+00 5.87556e-02
4.48496e+01 -1.53255e+00 5.95845e-02
4.50000e+01 -1.52352e+00 6.04585e-02
4.51516e+01 -1.51428e+00 6.13820e-02
4.53043e+01 -1.50483e+00 6.23600e-02
4.54583e+01 -1.49515e+00 6.33984e-02
4.56136e+01 -1.48522e+00 6.45039e-02
4.57703e+01 -1.47502e+00 6.56840e-02
4.59284e+01 -1.46454e+00 6.69481e-02
4.60881e+01 -1.45374e+00 6.83067e-02
4.62494e+01 -1.44260e+00 6.97726e-02
4.64125e+01 -1.43110e+00 7.13609e-02
4.65774e+01 -1.41919e+00 7.30902e-02
4.67443e+01 -1.40684e+00 7.49831e-02
4.69133e+01 -1.39399e+00 7.70674e-02
4.70847e+01 -1.38059e+00 7.93785e-02
4.72585e+01 -1.36657e+00 8.19612e-02
4.74350e+01 -1.35185e+00 8.48741e-02
4.76145e+01 -1.33632e+00 8.81947e-02
4.77974e+01 -1.31985e+00 9.20289e-02
4.79839e+01 -1.30228e+00 9.65250e-02
4.81745e+01 -1.28338e+00 1.01899e-01
4.83700e+01 -1.26284e+00 1.08477e-01
4.85711e+01 -1.24022e+00 1.16784e-01
4.87790e+01 -1.21485e+00 1.27725e-01
4.89955e+01 -1.18564e+00 1.43012e-01
4.92232e+01 -1.15060e+00 1.66378e-01
4.94672e+01 -1.10544e+00 2.07892e-01
4.97371e+01 -1.03802e+00 3.06991e-01
4.99183e+01 -9.69274e-01 4.79195e-01
5.00260e+01 -9.06153e-01 7.24819e-01
5.01091e+01 -8.30663e-01 1.14920e+00
5.01720e+01 -7.38757e-01 1.86850e+00
5.02213e+01 -6.20107e-01 3.11324e+00
5.02723e+01 -3.92916e-01 6.33038e+00
5.02958e+01 -2.10463e-01 9.47909e+00
5.03166e+01 3.05808e-02 1.40017e+01
5.03375e+01 3.88337e-01 2.04242e+01
5.03532e+01 7.47122e-01 2.49620e+01
5.03669e+01 1.09903e+00 2.58695e+01
5.03805e+01 1.43117e+00 2.20048e+01
5.03942e+01 1.68552e+00 1.50541e+01
5.04060e+01 1.82811e+00 9.37642e+00
5.04178e+01 1.91296e+00 5.32465e+00
5.04316e+01 1.96533e+00 2.55112e+00
5.04454e+01 1.98990e+00 1.16490e+00
5.04598e+01 2.00121e+00 4.94888e-01
5.04757e+01 2.00619e+00 1.77926e-01
5.04936e+01 2.00794e+00 4.13911e-02
5.05136e+01 2.00815e+00 -1.08488e-02
5.05363e+01 2.00766e+00 -2.83644e-02
5.05623e+01 2.00684e+00 -3.34172e-02
5.05924e+01 2.00581e+00 -3.46441e-02
5.06281e+01 2.00457e+00 -3.49038e-02
5.06713e+01 2.00306e+00 -3.49779e-02
5.07253e+01 2.00117e+00 -3.50356e-02
5.07959e+01 1.99869e+00 -3.51079e-02
5.08989e+01 1.99507e+00 -3.52140e-02
5.09929e+01 1.99176e+00 -3.53121e-02
5.10888e+01 1.98837e+00 -3.54125e-02
5.11848e+01 1.98496e+00 -3.55150e-02
5.12673e+01 1.98203e+00 -3.56027e-02
5.13517e+01 1.97902e+00 -3.56939e-02
5.14536e+01 1.97538e+00 -3.58046e-02
5.15563e+01 1.97170e+00 -3.59181e-02
5.16400e+01 1.96868e+00 -3.60105e-02
5.17268e+01 1.96555e+00 -3.61078e-02
5.18332e+01 1.96170e+00 -3.62278e-02
5.19262e+01 1.95833e+00 -3.63343e-02
5.20213e+01 1.95487e+00 -3.64436e-02
5.21168e+01 1.95139e+00 -3.65551e-02
5.22177e+01 1.94769e+00 -3.66734e-02
5.23186e+01 1.94399e+00 -3.67938e-02
5.24195e+01 1.94027e+00 -3.69142e-02
5.25088e+01 1.93696e+00 -3.70232e-02
5.25997e+01 1.93359e+00 -3.71344e-02
5.26988e+01 1.92991e+00 -3.72571e-02
5.28047e+01 1.92596e+00 -3.73894e-02
5.29139e+01 1.92187e+00 -3.75281e-02
5.30091e+01 1.91829e+00 -3.76496e-02
5.31062e+01 1.91462e+00 -3.77755e-02
5.32187e+01 1.91037e+00 -3.79223e-02
5.33161e+01 1.90667e+00 -3.80518e-02
5.34158e+01 1.90287e+00 -3.81852e-02
5.35179e+01 1.89896e+00 -3.83238e-02
5.36340e+01 1.89450e+00 -3.84826e-02
5.37300e+01 1.89080e+00 -3.86165e-02
5.38294e+01 1.88696e+00 -3.87560e-02
5.39347e+01 1.88287e+00 -3.89059e-02
5.40442e+01 1.87860e+00 -3.90635e-02
5.41579e+01 1.87415e+00 -3.92299e-02
5.42645e+01 1.86996e+00 -3.93874e-02
5.43738e+01 1.86564e+00 -3.95514e-02
5.44840e+01 1.86128e+00 -3.97188e-02
5.45964e+01 1.85680e+00 -3.98922e-02
5.47065e+01 1.85240e+00 -4.00642e-02
5.48189e+01 1.84789e+00 -4.02426e-02
5.49308e+01 1.84337e+00 -4.04224e-02
5.50456e+01 1.83872e+00 -4.06100e-02
5.51580e+01 1.83415e+00 -4.07962e-02
5.52750e+01 1.82936e+00 -4.09930e-02
5.53849e+01 1.82485e+00 -4.11807e-02
5.55058e+01 1.81985e+00 -4.13905e-02
5.56360e+01 1.81445e+00 -4.16203e-02
5.57717e+01 1.80879e+00 -4.18644e-02
5.58917e+01 1.80375e+00 -4.20840e-02
5.60176e+01 1.79844e+00 -4.23185e-02
5.61568e+01 1.79253e+00 -4.25824e-02
5.62743e+01 1.78751e+00 -4.28104e-02
5.63960e+01 1.78229e+00 -4.30495e-02
5.65176e+01 1.77704e+00 -4.32937e-02
5.66365e+01 1.77188e+00 -4.35363e-02
5.67589e+01 1.76653e+00 -4.37910e-02
5.68960e+01 1.76051e+00 -4.40818e-02
5.70332e+01 1.75444e+00 -4.43798e-02
5.71504e+01 1.74922e+00 -4.46390e-02
5.72703e+01 1.74385e+00 -4.49096e-02
5.74064e+01 1.73772e+00 -4.52230e-02
5.75425e+01 1.73154e+00 -4.55441e-02
5.76639e+01 1.72600e+00 -4.58365e-02
5.77935e+01 1.72004e+00 -4.61556e-02
5.79264e+01 1.71388e+00 -4.64904e-02
5.80621e+01 1.70755e+00 -4.68405e-02
5.81983e+01 1.70115e+00 -4.72005e-02
5.83360e+01 1.69462e+00 -4.75740e-02
5.84738e+01 1.68804e+00 -4.79573e-02
5.86123e+01 1.68136e+00 -4.83529e-02
5.87509e+01 1.67464e+00 -4.87593e-02
5.88895e+01 1.66785e+00 -4.91773e-02
5.90282e+01 1.66100e+00 -4.96072e-02
5.91671e+01 1.65408e+00 -5.00502e-02
5.93062e+01 1.64709e+00 -5.05069e-02
5.94457e+01 1.64001e+00 -5.09789e-02
5.95856e+01 1.63284e+00 -5.14668e-02
5.97261e+01 1.62558e+00 -5.19720e-02
5.98670e+01 1.61821e+00 -5.24956e-02
6.00086e+01 1.61074e+00 -5.30389e-02
6.01508e+01 1.60316e+00 -5.36033e-02
6.02936e+01 1.59546e+00 -5.41903e-02
6.04372e+01 1.58764e+00 -5.48017e-02
6.05815e+01 1.57969e+00 -5.54392e-02
6.07266e+01 1.57159e+00 -5.61051e-02
6.08726e+01 1.56335e+00 -5.68015e-02
6.10194e+01 1.55496e+00 -5.75310e-02
6.11672e+01 1.54640e+00 -5.82965e-02
6.13160e+01 1.53767e+00 -5.91012e-02
6.14658e+01 1.52875e+00 -5.99487e-02
6.16167e+01 1.51963e+00 -6.08430e-02
6.17688e+01 1.51031e+00 -6.17890e-02
6.19221e+01 1.50077e+00 -6.27918e-02
6.20766e+01 1.49098e+00 -6.38577e-02
6.22325e+01 1.48094e+00 -6.49938e-02
6.23897e+01 1.47062e+00 -6.62083e-02
6.25485e+01 1.46001e+00 -6.75109e-02
6.27089e+01 1.44907e+00 -6.89132e-02
6.28709e+01 1.43778e+00 -7.04289e-02
6.30348e+01 1.42611e+00 -7.20745e-02
6.32005e+01 1.41402e+00 -7.38699e-02
6.33683e+01 1.40146e+00 -7.58401e-02
6.35383e+01 1.38839e+00 -7.80156e-02
6.37106e+01 1.37473e+00 -8.04355e-02
6.38856e+01 1.36043e+00 -8.31498e-02
6.40633e+01 1.34538e+00 -8.62244e-02
6.42442e+01 1.32947e+00 -8.97475e-02
6.44285e+01 1.31256e+00 -9.38406e-02
6.46167e+01 1.29446e+00 -9.86767e-02
6.48093e+01 1.27491e+00 -1.04511e-01
6.50071e+01 1.25355e+00 -1.11741e-01
6.52109e+01 1.22986e+00 -1.21020e-01
6.54222e+01 1.20304e+00 -1.33517e-01
6.56430e+01 1.17169e+00 -1.51567e-01
6.58768e+01 1.13312e+00 -1.80667e-01
6.61302e+01 1.08095e+00 -2.37737e-01
6.64131e+01 9.94766e-01 -4.05044e-01
6.65267e+01 9.39903e-01 -5.81889e-01
6.66226e+01 8.70698e-01 -9.05641e-01
6.66949e+01 7.87964e-01 -1.45574e+00
6.67503e+01 6.84815e-01 -2.39209e+00
6.67954e+01 5.43839e-01 -4.08332e+00
6.68313e+01 3.51286e-01 -7.01404e+00
6.68545e+01 1.50272e-01 -1.05862e+01
6.68746e+01 -1.08120e-01 -1.54668e+01
6.68947e+01 -4.81776e-01 -2.18603e+01
6.69092e+01 -8.29909e-01 -2.55535e+01
6.69241e+01 -1.21471e+00 -2.51182e+01
6.69360e+01 -1.48955e+00 -2.07441e+01
6.69479e+01 -1.70005e+00 -1.45375e+01
6.69598e+01 -1.83840e+00 -8.91263e+00
6.69717e+01 -1.91951e+00 -4.98990e+00
6.69863e+01 -1.97025e+00 -2.27874e+00
6.70009e+01 -1.99289e+00 -9.90646e-01
6.70156e+01 -2.00259e+00 -4.10167e-01
6.70319e+01 -2.00673e+00 -1.40070e-01
6.70501e+01 -2.00807e+00 -2.63038e-02
6.70707e+01 -2.00809e+00 1.61351e-02
6.70940e+01 -2.00752e+00 2.99666e-02
6.71207e+01 -2.00665e+00 3.38272e-02
6.71518e+01 -2.00558e+00 3.47323e-02
6.71887e+01 -2.00429e+00 3.49240e-02
6.72338e+01 -2.00272e+00 3.49891e-02
6.72906e+01 -2.00073e+00 3.50484e-02
6.73656e+01 -1.99810e+00 3.51254e-02
6.74697e+01 -1.99444e+00 3.52327e-02
6.75628e+01 -1.99115e+00 3.53302e-02
6.76583e+01 -1.98777e+00 3.54303e-02
6.77538e+01 -1.98438e+00 3.55324e-02
6.78381e+01 -1.98138e+00 3.56222e-02
6.79239e+01 -1.97832e+00 3.57150e-02
6.80244e+01 -1.97473e+00 3.58244e-02
6.81257e+01 -1.97109e+00 3.59366e-02
6.82117e+01 -1.96800e+00 3.60316e-02
6.82999e+01 -1.96482e+00 3.61307e-02
6.84041e+01 -1.96105e+00 3.62485e-02
6.85083e+01 -1.95726e+00 3.63684e-02
6.85922e+01 -1.95421e+00 3.64648e-02
6.86794e+01 -1.95102e+00 3.65665e-02
6.87904e+01 -1.94696e+00 3.66970e-02
6.88822e+01 -1.94358e+00 3.68067e-02
6.89774e+01 -1.94008e+00 3.69208e-02
6.90760e+01 -1.93643e+00 3.70408e-02
6.91850e+01 -1.93238e+00 3.71742e-02
6.92769e+01 -1.92896e+00 3.72888e-02
6.93715e+01 -1.92543e+00 3.74072e-02
6.94719e+01 -1.92167e+00 3.75346e-02
6.95776e+01 -1.91769e+00 3.76699e-02
6.96849e+01 -1.91364e+00 3.78094e-02
6.97927e+01 -1.90956e+00 3.79504e-02
6.98867e+01 -1.90599e+00 3.80757e-02
6.99827e+01 -1.90233e+00 3.82043e-02
7.00855e+01 -1.89839e+00 3.83440e-02
7.01938e+01 -1.89423e+00 3.84927e-02
7.03064e+01 -1.88989e+00 3.86496e-02
7.04093e+01 -1.88590e+00 3.87945e-02
7.05145e+01 -1.88182e+00 3.89447e-02
7.06347e+01 -1.87712e+00 3.91182e-02
7.07308e+01 -1.87336e+00 3.92595e-02
7.08310e+01 -1.86941e+00 3.94080e-02
7.09393e+01 -1.86514e+00 3.95707e-02
7.10530e+01 -1.86063e+00 3.97437e-02
7.11717e+01 -1.85590e+00 3.99273e-02
7.12804e+01 -1.85155e+00 4.00976e-02
7.13934e+01 -1.84701e+00 4.02775e-02
7.15047e+01 -1.84252e+00 4.04569e-02
7.16220e+01 -1.83776e+00 4.06490e-02
7.17353e+01 -1.83314e+00 4.08372e-02
7.18560e+01 -1.82820e+00 4.10411e-02
7.19792e+01 -1.82313e+00 4.12523e-02
7.21042e+01 -1.81796e+00 4.14709e-02
7.22167e+01 -1.81329e+00 4.16702e-02
7.23339e+01 -1.80839e+00 4.18816e-02
7.24558e+01 -1.80327e+00 4.21050e-02
7.25801e+01 -1.79802e+00 4.23371e-02
7.26977e+01 -1.79303e+00 4.25602e-02
7.28219e+01 -1.78773e+00 4.28001e-02
7.29568e+01 -1.78194e+00 4.30657e-02
7.30918e+01 -1.77611e+00 4.33373e-02
7.32067e+01 -1.77111e+00 4.35724e-02
7.33252e+01 -1.76594e+00 4.38196e-02
7.34614e+01 -1.75995e+00 4.41090e-02
7.35976e+01 -1.75392e+00 4.44056e-02
7.37154e+01 -1.74867e+00 4.46665e-02
7.38357e+01 -1.74328e+00 4.49386e-02
7.39719e+01 -1.73714e+00 4.52529e-02
7.41081e+01 -1.73096e+00 4.55750e-02
7.42301e+01 -1.72538e+00 4.58694e-02
7.43598e+01 -1.71941e+00 4.61895e-02
7.44929e+01 -1.71324e+00 4.65257e-02
7.46286e+01 -1.70690e+00 4.68765e-02
7.47649e+01 -1.70049e+00 4.72378e-02
7.49025e+01 -1.69396e+00 4.76118e-02
7.50401e+01 -1.68738e+00 4.79956e-02
7.51784e+01 -1.68072e+00 4.83915e-02
7.53166e+01 -1.67400e+00 4.87982e-02
7.54552e+01 -1.66721e+00 4.92169e-02
7.55937e+01 -1.66037e+00 4.96475e-02
7.57326e+01 -1.65344e+00 5.00917e-02
7.58717e+01 -1.64644e+00 5.05497e-02
7.60113e+01 -1.63935e+00 5.10231e-02
7.61512e+01 -1.63218e+00 5.15126e-02
7.62917e+01 -1.62490e+00 5.20194e-02
7.64327e+01 -1.61753e+00 5.25447e-02
7.65743e+01 -1.61005e+00 5.30899e-02
7.67166e+01 -1.60246e+00 5.36563e-02
7.68595e+01 -1.59475e+00 5.42455e-02
7.70031e+01 -1.58691e+00 5.48592e-02
7.71475e+01 -1.57895e+00 5.54993e-02
7.72927e+01 -1.57084e+00 5.61678e-02
7.74388e+01 -1.56259e+00 5.68672e-02
7.75857e+01 -1.55418e+00 5.75999e-02
7.77336e+01 -1.54560e+00 5.83689e-02
7.78825e+01 -1.53685e+00 5.91773e-02
7.80324e+01 -1.52792e+00 6.00289e-02
7.81834e+01 -1.51879e+00 6.09278e-02
7.83356e+01 -1.50944e+00 6.18788e-02
7.84889e+01 -1.49988e+00 6.28872e-02
7.86436e+01 -1.49007e+00 6.39592e-02
7.87996e+01 -1.48000e+00 6.51021e-02
7.89570e+01 -1.46966e+00 6.63243e-02
7.91159e+01 -1.45902e+00 6.76356e-02
7.92764e+01 -1.44805e+00 6.90477e-02
7.94386e+01 -1.43672e+00 7.05746e-02
7.96026e+01 -1.42502e+00 7.22330e-02
7.97686e+01 -1.41288e+00 7.40435e-02
7.99365e+01 -1.40028e+00 7.60311e-02
8.01067e+01 -1.38716e+00 7.82273e-02
8.02793e+01 -1.37345e+00 8.06720e-02
8.04545e+01 -1.35908e+00 8.34165e-02
8.06326e+01 -1.34395e+00 8.65283e-02
8.08137e+01 -1.32796e+00 9.00981e-02
8.09984e+01 -1.31095e+00 9.42513e-02
8.11870e+01 -1.29272e+00 9.91669e-02
8.13800e+01 -1.27302e+00 1.05111e-01
8.15783e+01 -1.25148e+00 1.12496e-01
8.17827e+01 -1.22754e+00 1.22012e-01
8.19948e+01 -1.20037e+00 1.34895e-01
8.22166e+01 -1.16850e+00 1.53653e-01
8.24518e+01 -1.12904e+00 1.84302e-01
8.27076e+01 -1.07498e+00 2.45978e-01
8.29924e+01 -9.83588e-01 4.35935e-01
8.30943e+01 -9.30964e-01 6.17069e-01
8.31872e+01 -8.59518e-01 9.69405e-01
8.32566e+01 -7.74410e-01 1.56313e+00
8.33100e+01 -6.67299e-01 2.57755e+00
8.33544e+01 -5.16801e-01 4.45588e+00
8.33869e+01 -3.30121e-01 7.37050e+00
8.34098e+01 -1.21940e-01 1.11149e+01
8.34297e+01 1.45587e-01 1.61668e+01
8.34495e+01 5.28974e-01 2.25268e+01
8.34635e+01 8.69462e-01 2.57610e+01
8.34780e+01 1.24384e+00 2.48338e+01
8.34898e+01 1.51273e+00 2.01902e+01
8.35016e+01 1.71500e+00 1.39915e+01
8.35136e+01 1.84748e+00 8.49719e+00
8.35255e+01 1.92455e+00 4.72955e+00
8.35394e+01 1.97113e+00 2.22960e+00
8.35534e+01 1.99263e+00 1.00555e+00
8.35680e+01 2.00247e+00 4.17642e-01
8.35842e+01 2.00668e+00 1.43377e-01
8.36025e+01 2.00806e+00 2.76064e-02
8.36230e+01 2.00810e+00 -1.56845e-02
8.36462e+01 2.00753e+00 -2.98320e-02
8.36728e+01 2.00667e+00 -3.37933e-02
8.37038e+01 2.00560e+00 -3.47251e-02
8.37407e+01 2.00432e+00 -3.49223e-02
8.37856e+01 2.00275e+00 -3.49881e-02
8.38421e+01 2.00077e+00 -3.50472e-02
8.39167e+01 1.99816e+00 -3.51237e-02
8.40215e+01 1.99447e+00 -3.52317e-02
8.41134e+01 1.99123e+00 -3.53279e-02
8.42079e+01 1.98788e+00 -3.54270e-02
8.43023e+01 1.98453e+00 -3.55278e-02
8.43968e+01 1.98117e+00 -3.56284e-02
8.44913e+01 1.97780e+00 -3.57314e-02
8.45858e+01 1.97442e+00 -3.58336e-02
8.46802e+01 1.97103e+00 -3.59387e-02
8.47637e+01 1.96803e+00 -3.60308e-02
8.48486e+01 1.96496e+00 -3.61262e-02
8.49524e+01 1.96121e+00 -3.62435e-02
8.50570e+01 1.95741e+00 -3.63637e-02
8.51427e+01 1.95429e+00 -3.64622e-02
8.52314e+01 1.95105e+00 -3.65658e-02
8.53406e+01 1.94705e+00 -3.66940e-02
8.54340e+01 1.94362e+00 -3.68056e-02
8.55299e+01 1.94008e+00 -3.69206e-02
8.56277e+01 1.93646e+00 -3.70397e-02
8.57337e+01 1.93253e+00 -3.71693e-02
8.58396e+01 1.92859e+00 -3.73017e-02
8.59267e+01 1.92534e+00 -3.74103e-02
8.60167e+01 1.92196e+00 -3.75245e-02
8.61344e+01 1.91754e+00 -3.76749e-02
8.62259e+01 1.91408e+00 -3.77941e-02
8.63222e+01 1.91044e+00 -3.79201e-02
8.64259e+01 1.90650e+00 -3.80576e-02
8.65331e+01 1.90241e+00 -3.82012e-02
8.66442e+01 1.89816e+00 -3.83523e-02
8.67456e+01 1.89427e+00 -3.84914e-02
8.68488e+01 1.89028e+00 -3.86352e-02
8.69660e+01 1.88575e+00 -3.87999e-02
8.70634e+01 1.88196e+00 -3.89394e-02
8.71641e+01 1.87803e+00 -3.90847e-02
8.72704e+01 1.87387e+00 -3.92401e-02
8.73804e+01 1.86955e+00 -3.94029e-02
8.74953e+01 1.86501e+00 -3.95758e-02
8.76040e+01 1.86070e+00 -3.97411e-02
8.77163e+01 1.85622e+00 -3.99147e-02
8.78272e+01 1.85179e+00 -4.00882e-02
8.79416e+01 1.84719e+00 -4.02703e-02
8.80531e+01 1.84269e+00 -4.04499e-02
8.81688e+01 1.83800e+00 -4.06393e-02
8.82798e+01 1.83348e+00 -4.08235e-02
8.83984e+01 1.82862e+00 -4.10236e-02
8.85217e+01 1.82356e+00 -4.12346e-02
8.86464e+01 1.81840e+00 -4.14524e-02
8.87587e+01 1.81373e+00 -4.16511e-02
8.88753e+01 1.80886e+00 -4.18611e-02
8.89962e+01 1.80379e+00 -4.20822e-02
8.91200e+01 1.79856e+00 -4.23129e-02
8.92400e+01 1.79347e+00 -4.25402e-02
8.93647e+01 1.78815e+00 -4.27809e-02
8.95040e+01 1.78218e+00 -4.30545e-02
8.96235e+01 1.77701e+00 -4.32949e-02
8.97467e+01 1.77167e+00 -4.35461e-02
8.98699e+01 1.76629e+00 -4.38027e-02
8.99891e+01 1.76105e+00 -4.40556e-02
9.01134e+01 1.75556e+00 -4.43244e-02
9.02479e+01 1.74957e+00 -4.46213e-02
9.03825e+01 1.74355e+00 -4.49250e-02
9.05082e+01 1.73788e+00 -4.52148e-02
9.06380e+01 1.73200e+00 -4.55203e-02
9.07731e+01 1.72582e+00 -4.58458e-02
9.09083e+01 1.71960e+00 -4.61790e-02
9.10482e+01 1.71312e+00 -4.65322e-02
9.11882e+01 1.70658e+00 -4.68945e-02
9.13328e+01 1.69977e+00 -4.72784e-02
9.14774e+01 1.69290e+00 -4.76731e-02
9.16120e+01 1.68646e+00 -4.80499e-02
9.17480e+01 1.67990e+00 -4.84406e-02
9.18855e+01 1.67322e+00 -4.88463e-02
9.20232e+01 1.66646e+00 -4.92638e-02
9.21617e+01 1.65961e+00 -4.96958e-02
9.23003e+01 1.65269e+00 -5.01404e-02
9.24395e+01 1.64567e+00 -5.06004e-02
9.25790e+01 1.63858e+00 -5.10751e-02
9.27191e+01 1.63139e+00 -5.15665e-02
9.28596e+01 1.62411e+00 -5.20752e-02
9.30007e+01 1.61673e+00 -5.26027e-02
9.31424e+01 1.60924e+00 -5.31500e-02
9.32847e+01 1.60163e+00 -5.37188e-02
9.34277e+01 1.59391e+00 -5.43106e-02
9.35714e+01 1.58606e+00 -5.49270e-02
9.37159e+01 1.57808e+00 -5.55701e-02
9.38612e+01 1.56996e+00 -5.62418e-02
9.40073e+01 1.56169e+00 -5.69446e-02
9.41543e+01 1.55326e+00 -5.76811e-02
9.43023e+01 1.54467e+00 -5.84542e-02
9.44513e+01 1.53590e+00 -5.92671e-02
9.46013e+01 1.52694e+00 -6.01236e-02
9.47525e+01 1.51779e+00 -6.10279e-02
9.49048e+01 1.50842e+00 -6.19848e-02
9.50583e+01 1.49883e+00 -6.29997e-02
9.52131e+01 1.48899e+00 -6.40790e-02
9.53692e+01 1.47890e+00 -6.52301e-02
9.55268e+01 1.46852e+00 -6.64614e-02
9.56859e+01 1.45785e+00 -6.77830e-02
9.58466e+01 1.44684e+00 -6.92068e-02
9.60090e+01 1.43548e+00 -7.07470e-02
9.61732e+01 1.42373e+00 -7.24208e-02
9.63393e+01 1.41155e+00 -7.42491e-02
9.65075e+01 1.39889e+00 -7.62576e-02
9.66780e+01 1.38570e+00 -7.84785e-02
9.68508e+01 1.37193e+00 -8.09529e-02
9.70263e+01 1.35748e+00 -8.37334e-02
9.72047e+01 1.34227e+00 -8.68898e-02
9.73862e+01 1.32618e+00 -9.05158e-02
9.75713e+01 1.30904e+00 -9.47415e-02
9.77603e+01 1.29067e+00 -9.97534e-02
9.79539e+01 1.27079e+00 -1.05829e-01
9.81527e+01 1.24902e+00 -1.13405e-01
9.83579e+01 1.22478e+00 -1.23211e-01
9.85709e+01 1.19719e+00 -1.36573e-01
9.87940e+01 1.16468e+00 -1.56223e-01
9.90310e+01 1.12411e+00 -1.88863e-01
9.92897e+01 1.06760e+00 -2.56730e-01
9.95328e+01 9.88831e-01 -4.21138e-01
9.96492e+01 9.29600e-01 -6.22602e-01
9.97404e+01 8.59014e-01 -9.72355e-01
9.98098e+01 7.73662e-01 -1.56919e+00
9.98631e+01 6.66339e-01 -2.58793e+00
9.99075e+01 5.15265e-01 -4.47747e+00
9.99398e+01 3.28775e-01 -7.39334e+00
9.99627e+01 1.20194e-01 -1.11476e+01
9.99825e+01 -1.47920e-01 -1.62102e+01
1.00000e+02 -4.80001e-01 -2.18344e+01
