1.00000e-06 1.00000e+00 -1.00000e-06
6.00000e-06 1.00000e+00 -6.00000e-06
3.10000e-05 1.00000e+00 -3.10000e-05
1.56000e-04 1.00000e+00 -1.56000e-04
7.81000e-04 1.00000e+00 -7.81000e-04
3.90600e-03 9.99992e-01 -3.90599e-03
1.95310e-02 9.99809e-01 -1.95302e-02
9.76560e-02 9.95230e-01 -9.77961e-02
3.56080e-01 9.33395e-01 -4.04768e-01
4.83739e-01 8.65641e-01 -6.87759e-01
5.85919e-01 7.74400e-01 -1.15967e+00
6.64103e-01 6.56527e-01 -1.96219e+00
7.31092e-01 4.79389e-01 -3.55477e+00
7.74163e-01 2.84498e-01 -5.72751e+00
8.07346e-01 4.93191e-02 -8.69139e+00
8.37086e-01 -2.65722e-01 -1.27022e+01
8.66825e-01 -7.10402e-01 -1.69965e+01
8.87375e-01 -1.07402e+00 -1.78903e+01
9.08115e-01 -1.42405e+00 -1.52692e+01
9.28856e-01 -1.69056e+00 -1.02784e+01
9.46834e-01 -1.83728e+00 -6.21597e+00
9.64811e-01 -1.92174e+00 -3.40057e+00
9.86846e-01 -1.97311e+00 -1.49266e+00
1.00888e+00 -1.99501e+00 -6.12950e-01
1.03134e+00 -2.00380e+00 -2.25337e-01
1.05640e+00 -2.00693e+00 -5.22122e-02
1.08464e+00 -2.00725e+00 1.70456e-02
1.11662e+00 -2.00624e+00 4.13513e-02
1.15311e+00 -2.00456e+00 4.87450e-02
1.19533e+00 -2.00245e+00 5.06853e-02
1.24505e+00 -1.99992e+00 5.11671e-02
1.30493e+00 -1.99685e+00 5.13545e-02
1.37922e+00 -1.99303e+00 5.15242e-02
1.47545e+00 -1.98806e+00 5.17395e-02
1.60131e+00 -1.98153e+00 5.20249e-02
1.73236e+00 -1.97469e+00 5.23278e-02
1.87195e+00 -1.96737e+00 5.26566e-02
2.01153e+00 -1.95999e+00 5.29924e-02
2.16311e+00 -1.95193e+00 5.33644e-02
2.31469e+00 -1.94381e+00 5.37464e-02
2.43482e+00 -1.93734e+00 5.40542e-02
2.55956e+00 -1.93058e+00 5.43806e-02
2.69963e+00 -1.92293e+00 5.47545e-02
2.83970e+00 -1.91524e+00 5.51372e-02
2.98621e+00 -1.90713e+00 5.55465e-02
3.13272e+00 -1.89896e+00 5.59662e-02
3.28207e+00 -1.89057e+00 5.64044e-02
3.43143e+00 -1.88211e+00 5.68542e-02
3.58079e+00 -1.87358e+00 5.73156e-02
3.73014e+00 -1.86499e+00 5.77895e-02
3.87950e+00 -1.85632e+00 5.82762e-02
4.02885e+00 -1.84758e+00 5.87764e-02
4.17821e+00 -1.83876e+00 5.92907e-02
4.32756e+00 -1.82987e+00 5.98199e-02
4.47692e+00 -1.82089e+00 6.03647e-02
4.62627e+00 -1.81184e+00 6.09258e-02
4.77563e+00 -1.80269e+00 6.15041e-02
4.92498e+00 -1.79346e+00 6.21005e-02
5.07434e+00 -1.78414e+00 6.27160e-02
5.22426e+00 -1.77469e+00 6.33541e-02
5.37489e+00 -1.76510e+00 6.40168e-02
5.52634e+00 -1.75535e+00 6.47062e-02
5.67866e+00 -1.74544e+00 6.54243e-02
5.83189e+00 -1.73536e+00 6.61733e-02
5.98609e+00 -1.72510e+00 6.69558e-02
6.14130e+00 -1.71464e+00 6.77742e-02
6.29758e+00 -1.70398e+00 6.86318e-02
6.45496e+00 -1.69311e+00 6.95319e-02
6.61352e+00 -1.68201e+00 7.04782e-02
6.77329e+00 -1.67067e+00 7.14750e-02
6.93435e+00 -1.65908e+00 7.25273e-02
7.09676e+00 -1.64721e+00 7.36405e-02
7.26058e+00 -1.63505e+00 7.48210e-02
7.42589e+00 -1.62258e+00 7.60761e-02
7.59277e+00 -1.60977e+00 7.74143e-02
7.76131e+00 -1.59660e+00 7.88455e-02
7.93159e+00 -1.58305e+00 8.03812e-02
8.10373e+00 -1.56907e+00 8.20352e-02
8.27784e+00 -1.55463e+00 8.38240e-02
8.45404e+00 -1.53969e+00 8.57674e-02
8.63247e+00 -1.52420e+00 8.78896e-02
8.81331e+00 -1.50810e+00 9.02202e-02
8.99672e+00 -1.49132e+00 9.27967e-02
9.18292e+00 -1.47378e+00 9.56663e-02
9.37216e+00 -1.45538e+00 9.88902e-02
9.56472e+00 -1.43599e+00 1.02549e-01
9.76095e+00 -1.41546e+00 1.06751e-01
9.96126e+00 -1.39360e+00 1.11646e-01
1.01662e+01 -1.37014e+00 1.17451e-01
1.03764e+01 -1.34474e+00 1.24488e-01
1.05927e+01 -1.31689e+00 1.33261e-01
1.08164e+01 -1.28587e+00 1.44616e-01
1.10491e+01 -1.25050e+00 1.60095e-01
1.12935e+01 -1.20876e+00 1.82866e-01
1.15541e+01 -1.15658e+00 2.20729e-01
1.18400e+01 -1.08365e+00 2.99593e-01
1.21052e+01 -9.84024e-01 4.84596e-01
1.22399e+01 -9.04774e-01 7.23039e-01
1.23447e+01 -8.10268e-01 1.13747e+00
1.24257e+01 -6.92699e-01 1.86225e+00
1.24925e+01 -5.28785e-01 3.23485e+00
1.25403e+01 -3.29235e-01 5.36385e+00
1.25743e+01 -1.03481e-01 8.15642e+00
1.26040e+01 1.92295e-01 1.19649e+01
1.26338e+01 6.16244e-01 1.64812e+01
1.26545e+01 9.78311e-01 1.81283e+01
1.26756e+01 1.34946e+00 1.63372e+01
1.26942e+01 1.61664e+00 1.21227e+01
1.27128e+01 1.79867e+00 7.55000e+00
1.27314e+01 1.90527e+00 4.14720e+00
1.27508e+01 1.96315e+00 2.04669e+00
1.27719e+01 1.99259e+00 8.90472e-01
1.27934e+01 2.00522e+00 3.55751e-01
1.28171e+01 2.01028e+00 1.08660e-01
1.28438e+01 2.01155e+00 4.66035e-03
1.28739e+01 2.01100e+00 -3.39865e-02
1.29082e+01 2.00957e+00 -4.64991e-02
1.29476e+01 2.00765e+00 -4.99901e-02
1.29935e+01 2.00533e+00 -5.08515e-02
1.30484e+01 2.00253e+00 -5.11014e-02
1.31155e+01 1.99910e+00 -5.12633e-02
1.32005e+01 1.99473e+00 -5.14513e-02
1.33164e+01 1.98875e+00 -5.17093e-02
1.34497e+01 1.98184e+00 -5.20111e-02
1.35829e+01 1.97489e+00 -5.23189e-02
1.37317e+01 1.96708e+00 -5.26692e-02
1.38806e+01 1.95921e+00 -5.30286e-02
1.39977e+01 1.95299e+00 -5.33156e-02
1.41195e+01 1.94647e+00 -5.36204e-02
1.42589e+01 1.93897e+00 -5.39758e-02
1.43983e+01 1.93143e+00 -5.43393e-02
1.45476e+01 1.92328e+00 -5.47370e-02
1.46969e+01 1.91508e+00 -5.51449e-02
1.48294e+01 1.90775e+00 -5.55152e-02
1.49678e+01 1.90004e+00 -5.59104e-02
1.51088e+01 1.89213e+00 -5.63226e-02
1.52514e+01 1.88407e+00 -5.67496e-02
1.53947e+01 1.87590e+00 -5.71895e-02
1.55387e+01 1.86763e+00 -5.76428e-02
1.56831e+01 1.85928e+00 -5.81091e-02
1.58279e+01 1.85083e+00 -5.85895e-02
1.59731e+01 1.84228e+00 -5.90843e-02
1.61189e+01 1.83363e+00 -5.95947e-02
1.62651e+01 1.82488e+00 -6.01213e-02
1.64119e+01 1.81601e+00 -6.06655e-02
1.65593e+01 1.80703e+00 -6.12282e-02
1.67074e+01 1.79792e+00 -6.18106e-02
1.68561e+01 1.78869e+00 -6.24142e-02
1.70055e+01 1.77931e+00 -6.30403e-02
1.71557e+01 1.76979e+00 -6.36905e-02
1.73068e+01 1.76012e+00 -6.43666e-02
1.74587e+01 1.75030e+00 -6.50704e-02
1.76114e+01 1.74030e+00 -6.58041e-02
1.77652e+01 1.73012e+00 -6.65699e-02
1.79199e+01 1.71976e+00 -6.73705e-02
1.80756e+01 1.70921e+00 -6.82086e-02
1.82325e+01 1.69844e+00 -6.90875e-02
1.83904e+01 1.68745e+00 -7.00107e-02
1.85496e+01 1.67623e+00 -7.09823e-02
1.87100e+01 1.66476e+00 -7.20069e-02
1.88718e+01 1.65303e+00 -7.30897e-02
1.90349e+01 1.64101e+00 -7.42365e-02
1.91995e+01 1.62870e+00 -7.54543e-02
1.93656e+01 1.61606e+00 -7.67508e-02
1.95333e+01 1.60307e+00 -7.81353e-02
1.97027e+01 1.58971e+00 -7.96185e-02
1.98739e+01 1.57594e+00 -8.12130e-02
2.00471e+01 1.56173e+00 -8.29338e-02
2.02222e+01 1.54704e+00 -8.47991e-02
2.03996e+01 1.53183e+00 -8.68307e-02
2.05792e+01 1.51603e+00 -8.90556e-02
2.07613e+01 1.49959e+00 -9.15070e-02
2.09461e+01 1.48243e+00 -9.42270e-02
2.11339e+01 1.46446e+00 -9.72694e-02
2.13248e+01 1.44557e+00 -1.00704e-01
2.15192e+01 1.42562e+00 -1.04626e-01
2.17174e+01 1.40444e+00 -1.09161e-01
2.19200e+01 1.38180e+00 -1.14490e-01
2.21276e+01 1.35739e+00 -1.20877e-01
2.23408e+01 1.33081e+00 -1.28724e-01
2.25607e+01 1.30145e+00 -1.38683e-01
2.27887e+01 1.26839e+00 -1.51889e-01
2.30270e+01 1.23010e+00 -1.70534e-01
2.32790e+01 1.18374e+00 -1.99505e-01
2.35510e+01 1.12300e+00 -2.52542e-01
2.38550e+01 1.02918e+00 -3.87154e-01
2.40309e+01 9.46001e-01 -5.87446e-01
2.41505e+01 8.59455e-01 -9.03238e-01
2.42424e+01 7.54536e-01 -1.45228e+00
2.43146e+01 6.19182e-01 -2.42908e+00
2.43899e+01 3.54455e-01 -5.07267e+00
2.44228e+01 1.49680e-01 -7.56483e+00
2.44530e+01 -1.29849e-01 -1.11753e+01
2.44832e+01 -5.36867e-01 -1.57957e+01
2.45043e+01 -8.95808e-01 -1.80025e+01
2.45261e+01 -1.28516e+00 -1.69573e+01
2.45440e+01 -1.55882e+00 -1.32735e+01
2.45619e+01 -1.75594e+00 -8.75871e+00
2.45809e+01 -1.88312e+00 -4.90162e+00
2.45998e+01 -1.95112e+00 -2.49962e+00
2.46221e+01 -1.98855e+00 -1.05445e+00
2.46443e+01 -2.00389e+00 -4.14757e-01
2.46676e+01 -2.00981e+00 -1.34965e-01
2.46938e+01 -2.01151e+00 -1.50952e-02
2.47234e+01 -2.01115e+00 3.03638e-02
2.47569e+01 -2.00983e+00 4.54119e-02
2.47954e+01 -2.00798e+00 4.97096e-02
2.48403e+01 -2.00572e+00 5.07828e-02
2.48935e+01 -2.00300e+00 5.10740e-02
2.49584e+01 -1.99968e+00 5.12377e-02
2.50402e+01 -1.99549e+00 5.14188e-02
2.51495e+01 -1.98986e+00 5.16615e-02
2.52856e+01 -1.98280e+00 5.19689e-02
2.54218e+01 -1.97570e+00 5.22829e-02
2.55392e+01 -1.96955e+00 5.25582e-02
2.56719e+01 -1.96255e+00 5.28752e-02
2.58065e+01 -1.95541e+00 5.32033e-02
2.59493e+01 -1.94779e+00 5.35584e-02
2.60921e+01 -1.94011e+00 5.39216e-02
2.62459e+01 -1.93180e+00 5.43209e-02
2.63996e+01 -1.92341e+00 5.47313e-02
2.65252e+01 -1.91652e+00 5.50731e-02
2.66547e+01 -1.90936e+00 5.54332e-02
2.67960e+01 -1.90150e+00 5.58349e-02
2.69374e+01 -1.89358e+00 5.62464e-02
2.70826e+01 -1.88538e+00 5.66793e-02
2.72277e+01 -1.87712e+00 5.71233e-02
2.73734e+01 -1.86877e+00 5.75802e-02
2.75191e+01 -1.86034e+00 5.80492e-02
2.76648e+01 -1.85185e+00 5.85307e-02
2.78104e+01 -1.84329e+00 5.90254e-02
2.79563e+01 -1.83464e+00 5.95345e-02
2.81025e+01 -1.82590e+00 6.00595e-02
2.82493e+01 -1.81705e+00 6.06016e-02
2.83966e+01 -1.80808e+00 6.11621e-02
2.85446e+01 -1.79898e+00 6.17423e-02
2.86932e+01 -1.78976e+00 6.23433e-02
2.88426e+01 -1.78040e+00 6.29667e-02
2.89927e+01 -1.77090e+00 6.36141e-02
2.91437e+01 -1.76125e+00 6.42871e-02
2.92954e+01 -1.75144e+00 6.49876e-02
2.94481e+01 -1.74146e+00 6.57177e-02
2.96017e+01 -1.73131e+00 6.64797e-02
2.97563e+01 -1.72097e+00 6.72761e-02
2.99119e+01 -1.71044e+00 6.81097e-02
3.00687e+01 -1.69969e+00 6.89837e-02
3.02265e+01 -1.68873e+00 6.99016e-02
3.03855e+01 -1.67754e+00 7.08675e-02
3.05458e+01 -1.66610e+00 7.18857e-02
3.07074e+01 -1.65440e+00 7.29614e-02
3.08704e+01 -1.64242e+00 7.41005e-02
3.10348e+01 -1.63014e+00 7.53097e-02
3.12007e+01 -1.61754e+00 7.65967e-02
3.13682e+01 -1.60459e+00 7.79705e-02
3.15374e+01 -1.59127e+00 7.94417e-02
3.17084e+01 -1.57755e+00 8.10226e-02
3.18813e+01 -1.56340e+00 8.27280e-02
3.20563e+01 -1.54877e+00 8.45755e-02
3.22333e+01 -1.53362e+00 8.65867e-02
3.24127e+01 -1.51789e+00 8.87876e-02
3.25945e+01 -1.50153e+00 9.12109e-02
3.27790e+01 -1.48446e+00 9.38974e-02
3.29664e+01 -1.46659e+00 9.68993e-02
3.31569e+01 -1.44781e+00 1.00285e-01
3.33509e+01 -1.42799e+00 1.04144e-01
3.35487e+01 -1.40696e+00 1.08600e-01
3.37508e+01 -1.38450e+00 1.13826e-01
3.39577e+01 -1.36032e+00 1.20074e-01
3.41702e+01 -1.33401e+00 1.27725e-01
3.43893e+01 -1.30501e+00 1.37394e-01
3.46163e+01 -1.27244e+00 1.50141e-01
3.48532e+01 -1.23486e+00 1.67985e-01
3.51034e+01 -1.18966e+00 1.95337e-01
3.53726e+01 -1.13114e+00 2.44195e-01
3.56723e+01 -1.04306e+00 3.62002e-01
3.58686e+01 -9.55588e-01 5.59584e-01
3.59917e+01 -8.71005e-01 8.54117e-01
3.60867e+01 -7.68767e-01 1.36692e+00
3.61608e+01 -6.38441e-01 2.27256e+00
3.62384e+01 -3.82972e-01 4.75023e+00
3.62725e+01 -1.84446e-01 7.12473e+00
3.63032e+01 8.38777e-02 1.05850e+01
3.63340e+01 4.80075e-01 1.52504e+01
3.63559e+01 8.47457e-01 1.78539e+01
3.63784e+01 1.25041e+00 1.72342e+01
3.63963e+01 1.53042e+00 1.37883e+01
3.64142e+01 1.73642e+00 9.28265e+00
3.64342e+01 1.87797e+00 5.07344e+00
3.64543e+01 1.95137e+00 2.49043e+00
3.64770e+01 1.98910e+00 1.03222e+00
3.64996e+01 2.00428e+00 3.97584e-01
3.65231e+01 2.00995e+00 1.27316e-01
3.65494e+01 2.01152e+00 1.20392e-02
3.65791e+01 2.01111e+00 -3.14327e-02
3.66129e+01 2.00976e+00 -4.57353e-02
3.66516e+01 2.00789e+00 -4.97937e-02
3.66968e+01 2.00561e+00 -5.08032e-02
3.67504e+01 2.00288e+00 -5.10818e-02
3.68159e+01 1.99952e+00 -5.12447e-02
3.68986e+01 1.99528e+00 -5.14276e-02
3.70096e+01 1.98956e+00 -5.16743e-02
3.71448e+01 1.98255e+00 -5.19798e-02
3.72799e+01 1.97551e+00 -5.22916e-02
3.74076e+01 1.96881e+00 -5.25914e-02
3.75408e+01 1.96178e+00 -5.29104e-02
3.76801e+01 1.95439e+00 -5.32505e-02
3.78194e+01 1.94695e+00 -5.35980e-02
3.79646e+01 1.93914e+00 -5.39680e-02
3.81099e+01 1.93127e+00 -5.43467e-02
3.82639e+01 1.92287e+00 -5.47573e-02
3.84180e+01 1.91440e+00 -5.51793e-02
3.85471e+01 1.90725e+00 -5.55403e-02
3.86803e+01 1.89983e+00 -5.59212e-02
3.88220e+01 1.89188e+00 -5.63356e-02
3.89637e+01 1.88387e+00 -5.67602e-02
3.91083e+01 1.87562e+00 -5.72045e-02
3.92529e+01 1.86732e+00 -5.76602e-02
3.93981e+01 1.85891e+00 -5.81298e-02
3.95434e+01 1.85043e+00 -5.86121e-02
3.96889e+01 1.84187e+00 -5.91086e-02
3.98347e+01 1.83321e+00 -5.96197e-02
3.99810e+01 1.82445e+00 -6.01475e-02
4.01278e+01 1.81558e+00 -6.06924e-02
4.02753e+01 1.80659e+00 -6.12561e-02
4.04233e+01 1.79748e+00 -6.18395e-02
4.05721e+01 1.78823e+00 -6.24442e-02
4.07216e+01 1.77885e+00 -6.30714e-02
4.08718e+01 1.76933e+00 -6.37229e-02
4.10229e+01 1.75965e+00 -6.44003e-02
4.11748e+01 1.74981e+00 -6.51055e-02
4.13277e+01 1.73981e+00 -6.58407e-02
4.14814e+01 1.72962e+00 -6.66081e-02
4.16362e+01 1.71925e+00 -6.74104e-02
4.17920e+01 1.70869e+00 -6.82505e-02
4.19489e+01 1.69791e+00 -6.91314e-02
4.21069e+01 1.68691e+00 -7.00569e-02
4.22662e+01 1.67568e+00 -7.10311e-02
4.24266e+01 1.66420e+00 -7.20584e-02
4.25885e+01 1.65245e+00 -7.31441e-02
4.27516e+01 1.64042e+00 -7.42942e-02
4.29163e+01 1.62809e+00 -7.55157e-02
4.30825e+01 1.61543e+00 -7.68163e-02
4.32503e+01 1.60243e+00 -7.82053e-02
4.34198e+01 1.58905e+00 -7.96936e-02
4.35911e+01 1.57526e+00 -8.12938e-02
4.37643e+01 1.56103e+00 -8.30213e-02
4.39396e+01 1.54631e+00 -8.48942e-02
4.41170e+01 1.53107e+00 -8.69345e-02
4.42968e+01 1.51525e+00 -8.91696e-02
4.44790e+01 1.49877e+00 -9.16331e-02
4.46640e+01 1.48158e+00 -9.43675e-02
4.48519e+01 1.46357e+00 -9.74272e-02
4.50429e+01 1.44463e+00 -1.00884e-01
4.52375e+01 1.42462e+00 -1.04831e-01
4.54360e+01 1.40337e+00 -1.09400e-01
4.56388e+01 1.38065e+00 -1.14774e-01
4.58466e+01 1.35615e+00 -1.21222e-01
4.60601e+01 1.32945e+00 -1.29154e-01
4.62804e+01 1.29993e+00 -1.39239e-01
4.65088e+01 1.26666e+00 -1.52648e-01
4.67477e+01 1.22805e+00 -1.71648e-01
4.70005e+01 1.18119e+00 -2.01350e-01
4.72737e+01 1.11944e+00 -2.56324e-01
4.75795e+01 1.02299e+00 -3.99069e-01
4.77464e+01 9.42033e-01 -5.99373e-01
4.78646e+01 8.54573e-01 -9.24667e-01
4.79553e+01 7.48509e-01 -1.48947e+00
4.80268e+01 6.10898e-01 -2.49810e+00
4.81010e+01 3.41953e-01 -5.21633e+00
4.81336e+01 1.33747e-01 -7.76809e+00
4.81637e+01 -1.51223e-01 -1.14474e+01
4.81937e+01 -5.63944e-01 -1.60401e+01
4.82145e+01 -9.22594e-01 -1.80615e+01
4.82361e+01 -1.30571e+00 -1.67745e+01
4.82541e+01 -1.57632e+00 -1.29397e+01
4.82721e+01 -1.76841e+00 -8.41477e+00
4.82907e+01 -1.88806e+00 -4.73543e+00
4.83092e+01 -1.95261e+00 -2.44430e+00
4.83311e+01 -1.98878e+00 -1.04516e+00
4.83529e+01 -2.00382e+00 -4.17693e-01
4.83762e+01 -2.00979e+00 -1.36263e-01
4.84024e+01 -2.01151e+00 -1.56154e-02
4.84319e+01 -2.01116e+00 3.01812e-02
4.84654e+01 -2.00984e+00 4.53564e-02
4.85039e+01 -2.00799e+00 4.96952e-02
4.85487e+01 -2.00574e+00 5.07792e-02
4.86019e+01 -2.00303e+00 5.10727e-02
4.86667e+01 -1.99971e+00 5.12365e-02
4.87483e+01 -1.99552e+00 5.14173e-02
4.88573e+01 -1.98990e+00 5.16594e-02
4.89936e+01 -1.98284e+00 5.19672e-02
4.91300e+01 -1.97573e+00 5.22815e-02
4.92469e+01 -1.96960e+00 5.25558e-02
4.93794e+01 -1.96262e+00 5.28722e-02
4.95140e+01 -1.95548e+00 5.32000e-02
4.96566e+01 -1.94787e+00 5.35546e-02
4.97992e+01 -1.94021e+00 5.39172e-02
4.99522e+01 -1.93192e+00 5.43147e-02
5.01053e+01 -1.92358e+00 5.47229e-02
5.02326e+01 -1.91659e+00 5.50693e-02
5.03633e+01 -1.90937e+00 5.54327e-02
5.05049e+01 -1.90149e+00 5.58352e-02
5.06465e+01 -1.89356e+00 5.62474e-02
5.07917e+01 -1.88536e+00 5.66804e-02
5.09369e+01 -1.87710e+00 5.71244e-02
5.10825e+01 -1.86875e+00 5.75813e-02
5.12281e+01 -1.86033e+00 5.80502e-02
5.13738e+01 -1.85184e+00 5.85316e-02
5.15194e+01 -1.84328e+00 5.90262e-02
5.16653e+01 -1.83463e+00 5.95353e-02
5.18115e+01 -1.82589e+00 6.00603e-02
5.19583e+01 -1.81703e+00 6.06025e-02
5.21056e+01 -1.80806e+00 6.11630e-02
5.22536e+01 -1.79897e+00 6.17431e-02
5.24022e+01 -1.78975e+00 6.23442e-02
5.25516e+01 -1.78039e+00 6.29677e-02
5.27017e+01 -1.77089e+00 6.36151e-02
5.28526e+01 -1.76124e+00 6.42881e-02
5.30044e+01 -1.75142e+00 6.49887e-02
5.31571e+01 -1.74145e+00 6.57188e-02
5.33107e+01 -1.73129e+00 6.64809e-02
5.34653e+01 -1.72095e+00 6.72773e-02
5.36209e+01 -1.71042e+00 6.81110e-02
5.37776e+01 -1.69968e+00 6.89850e-02
5.39355e+01 -1.68872e+00 6.99030e-02
5.40945e+01 -1.67752e+00 7.08689e-02
5.42548e+01 -1.66608e+00 7.18872e-02
5.44164e+01 -1.65438e+00 7.29631e-02
5.45794e+01 -1.64240e+00 7.41023e-02
5.47438e+01 -1.63012e+00 7.53116e-02
5.49097e+01 -1.61752e+00 7.65987e-02
5.50772e+01 -1.60457e+00 7.79726e-02
5.52464e+01 -1.59125e+00 7.94440e-02
5.54175e+01 -1.57753e+00 8.10250e-02
5.55904e+01 -1.56338e+00 8.27306e-02
5.57653e+01 -1.54875e+00 8.45784e-02
5.59424e+01 -1.53359e+00 8.65898e-02
5.61217e+01 -1.51787e+00 8.87911e-02
5.63036e+01 -1.50150e+00 9.12147e-02
5.64881e+01 -1.48443e+00 9.39016e-02
5.66754e+01 -1.46656e+00 9.69041e-02
5.68660e+01 -1.44778e+00 1.00290e-01
5.70599e+01 -1.42796e+00 1.04150e-01
5.72577e+01 -1.40693e+00 1.08607e-01
5.74598e+01 -1.38446e+00 1.13835e-01
5.76668e+01 -1.36028e+00 1.20084e-01
5.78793e+01 -1.33397e+00 1.27738e-01
5.80984e+01 -1.30496e+00 1.37410e-01
5.83254e+01 -1.27239e+00 1.50164e-01
5.85623e+01 -1.23480e+00 1.68017e-01
5.88125e+01 -1.18958e+00 1.95389e-01
5.90818e+01 -1.13104e+00 2.44298e-01
5.93816e+01 -1.04289e+00 3.62302e-01
5.95776e+01 -9.55475e-01 5.59904e-01
5.97006e+01 -8.70867e-01 8.54688e-01
5.97956e+01 -7.68598e-01 1.36791e+00
5.98697e+01 -6.38215e-01 2.27436e+00
5.99473e+01 -3.82641e-01 4.75392e+00
5.99813e+01 -1.84041e-01 7.12983e+00
6.00120e+01 8.44085e-02 1.05919e+01
6.00428e+01 4.80714e-01 1.52567e+01
6.00647e+01 8.47984e-01 1.78558e+01
6.00872e+01 1.25078e+00 1.72315e+01
6.01051e+01 1.53072e+00 1.37831e+01
6.01229e+01 1.73662e+00 9.27729e+00
6.01430e+01 1.87799e+00 5.07254e+00
6.01631e+01 1.95134e+00 2.49147e+00
6.01857e+01 1.98909e+00 1.03276e+00
6.02084e+01 2.00427e+00 3.97835e-01
6.02318e+01 2.00995e+00 1.27428e-01
6.02581e+01 2.01152e+00 1.20837e-02
6.02878e+01 2.01111e+00 -3.14172e-02
6.03216e+01 2.00976e+00 -4.57306e-02
6.03603e+01 2.00789e+00 -4.97925e-02
6.04055e+01 2.00561e+00 -5.08029e-02
6.04592e+01 2.00288e+00 -5.10817e-02
6.05246e+01 1.99953e+00 -5.12446e-02
6.06073e+01 1.99528e+00 -5.14275e-02
6.07182e+01 1.98956e+00 -5.16741e-02
6.08534e+01 1.98256e+00 -5.19796e-02
6.09886e+01 1.97551e+00 -5.22915e-02
6.11162e+01 1.96882e+00 -5.25911e-02
6.12495e+01 1.96179e+00 -5.29100e-02
6.13887e+01 1.95440e+00 -5.32501e-02
6.15280e+01 1.94696e+00 -5.35975e-02
6.16731e+01 1.93915e+00 -5.39672e-02
6.18182e+01 1.93129e+00 -5.43457e-02
6.19720e+01 1.92291e+00 -5.47555e-02
6.21258e+01 1.91446e+00 -5.51765e-02
6.22550e+01 1.90730e+00 -5.55378e-02
6.23887e+01 1.89985e+00 -5.59202e-02
6.25302e+01 1.89191e+00 -5.63341e-02
6.26717e+01 1.88391e+00 -5.67581e-02
6.28162e+01 1.87568e+00 -5.72017e-02
6.29606e+01 1.86738e+00 -5.76568e-02
6.31057e+01 1.85898e+00 -5.81260e-02
6.32509e+01 1.85051e+00 -5.86079e-02
6.33964e+01 1.84194e+00 -5.91042e-02
6.35422e+01 1.83329e+00 -5.96152e-02
6.36885e+01 1.82453e+00 -6.01428e-02
6.38353e+01 1.81566e+00 -6.06876e-02
6.39827e+01 1.80667e+00 -6.12511e-02
6.41308e+01 1.79756e+00 -6.18343e-02
6.42796e+01 1.78832e+00 -6.24388e-02
6.44290e+01 1.77894e+00 -6.30658e-02
6.45793e+01 1.76941e+00 -6.37170e-02
6.47303e+01 1.75973e+00 -6.43942e-02
6.48823e+01 1.74990e+00 -6.50992e-02
6.50351e+01 1.73989e+00 -6.58341e-02
6.51888e+01 1.72971e+00 -6.66012e-02
6.53436e+01 1.71934e+00 -6.74032e-02
6.54994e+01 1.70878e+00 -6.82429e-02
6.56563e+01 1.69800e+00 -6.91235e-02
6.58143e+01 1.68701e+00 -7.00486e-02
6.59735e+01 1.67578e+00 -7.10222e-02
6.61340e+01 1.66430e+00 -7.20491e-02
6.62958e+01 1.65255e+00 -7.31343e-02
6.64590e+01 1.64053e+00 -7.42838e-02
6.66236e+01 1.62820e+00 -7.55046e-02
6.67898e+01 1.61554e+00 -7.68044e-02
6.69575e+01 1.60254e+00 -7.81926e-02
6.71270e+01 1.58917e+00 -7.96800e-02
6.72983e+01 1.57538e+00 -8.12792e-02
6.74715e+01 1.56115e+00 -8.30055e-02
6.76468e+01 1.54645e+00 -8.48770e-02
6.78242e+01 1.53121e+00 -8.69158e-02
6.80039e+01 1.51539e+00 -8.91490e-02
6.81862e+01 1.49892e+00 -9.16103e-02
6.83711e+01 1.48173e+00 -9.43420e-02
6.85590e+01 1.46373e+00 -9.73987e-02
6.87500e+01 1.44480e+00 -1.00851e-01
6.89445e+01 1.42480e+00 -1.04794e-01
6.91430e+01 1.40357e+00 -1.09357e-01
6.93457e+01 1.38086e+00 -1.14723e-01
6.95535e+01 1.35638e+00 -1.21159e-01
6.97669e+01 1.32970e+00 -1.29076e-01
6.99871e+01 1.30021e+00 -1.39138e-01
7.02155e+01 1.26697e+00 -1.52510e-01
7.04543e+01 1.22842e+00 -1.71445e-01
7.07069e+01 1.18165e+00 -2.01013e-01
7.09800e+01 1.12009e+00 -2.55629e-01
7.12854e+01 1.02412e+00 -3.96855e-01
7.14539e+01 9.42782e-01 -5.97104e-01
7.15723e+01 8.55489e-01 -9.20618e-01
7.16633e+01 7.49641e-01 -1.48244e+00
7.17349e+01 6.12461e-01 -2.48500e+00
7.18093e+01 3.44323e-01 -5.18900e+00
7.18420e+01 1.36697e-01 -7.73038e+00
7.18721e+01 -1.47247e-01 -1.13969e+01
7.19021e+01 -5.58889e-01 -1.59953e+01
7.19230e+01 -9.17578e-01 -1.80517e+01
7.19446e+01 -1.30185e+00 -1.68099e+01
7.19626e+01 -1.57293e+00 -1.30053e+01
7.19806e+01 -1.76594e+00 -8.48351e+00
7.19992e+01 -1.88701e+00 -4.77079e+00
7.20178e+01 -1.95224e+00 -2.45792e+00
7.20397e+01 -1.98870e+00 -1.04827e+00
7.20617e+01 -2.00382e+00 -4.17674e-01
7.20850e+01 -2.00979e+00 -1.36257e-01
7.21111e+01 -2.01151e+00 -1.56132e-02
7.21407e+01 -2.01116e+00 3.01819e-02
7.21742e+01 -2.00984e+00 4.53567e-02
7.22127e+01 -2.00799e+00 4.96952e-02
7.22574e+01 -2.00574e+00 5.07793e-02
7.23106e+01 -2.00303e+00 5.10727e-02
7.23754e+01 -1.99971e+00 5.12365e-02
7.24570e+01 -1.99552e+00 5.14173e-02
7.25661e+01 -1.98990e+00 5.16594e-02
7.27024e+01 -1.98284e+00 5.19672e-02
7.28387e+01 -1.97573e+00 5.22816e-02
7.29556e+01 -1.96961e+00 5.25557e-02
7.30882e+01 -1.96262e+00 5.28722e-02
7.32227e+01 -1.95548e+00 5.32000e-02
7.33653e+01 -1.94787e+00 5.35546e-02
7.35080e+01 -1.94021e+00 5.39172e-02
7.36611e+01 -1.93192e+00 5.43149e-02
7.38142e+01 -1.92357e+00 5.47233e-02
7.39413e+01 -1.91660e+00 5.50692e-02
7.40719e+01 -1.90938e+00 5.54322e-02
7.42134e+01 -1.90151e+00 5.58345e-02
7.43550e+01 -1.89357e+00 5.62466e-02
7.45002e+01 -1.88538e+00 5.66796e-02
7.46454e+01 -1.87711e+00 5.71236e-02
7.47910e+01 -1.86876e+00 5.75805e-02
7.49367e+01 -1.86034e+00 5.80493e-02
7.50823e+01 -1.85185e+00 5.85308e-02
7.52279e+01 -1.84329e+00 5.90254e-02
7.53738e+01 -1.83465e+00 5.95345e-02
7.55200e+01 -1.82590e+00 6.00594e-02
7.56668e+01 -1.81705e+00 6.06016e-02
7.58141e+01 -1.80808e+00 6.11621e-02
7.59621e+01 -1.79898e+00 6.17422e-02
7.61107e+01 -1.78976e+00 6.23432e-02
7.62601e+01 -1.78040e+00 6.29667e-02
7.64102e+01 -1.77090e+00 6.36140e-02
7.65612e+01 -1.76125e+00 6.42870e-02
7.67129e+01 -1.75144e+00 6.49875e-02
7.68656e+01 -1.74146e+00 6.57176e-02
7.70192e+01 -1.73131e+00 6.64796e-02
7.71738e+01 -1.72097e+00 6.72760e-02
7.73294e+01 -1.71044e+00 6.81096e-02
7.74862e+01 -1.69970e+00 6.89836e-02
7.76440e+01 -1.68874e+00 6.99015e-02
7.78030e+01 -1.67754e+00 7.08673e-02
7.79633e+01 -1.66610e+00 7.18856e-02
7.81249e+01 -1.65440e+00 7.29613e-02
7.82878e+01 -1.64242e+00 7.41004e-02
7.84523e+01 -1.63014e+00 7.53096e-02
7.86182e+01 -1.61754e+00 7.65966e-02
7.87857e+01 -1.60459e+00 7.79704e-02
7.89549e+01 -1.59127e+00 7.94415e-02
7.91259e+01 -1.57755e+00 8.10224e-02
7.92988e+01 -1.56340e+00 8.27278e-02
7.94738e+01 -1.54877e+00 8.45753e-02
7.96508e+01 -1.53362e+00 8.65864e-02
7.98302e+01 -1.51789e+00 8.87874e-02
8.00120e+01 -1.50153e+00 9.12106e-02
8.01965e+01 -1.48446e+00 9.38971e-02
8.03839e+01 -1.46659e+00 9.68990e-02
8.05744e+01 -1.44781e+00 1.00284e-01
8.07684e+01 -1.42799e+00 1.04143e-01
8.09662e+01 -1.40696e+00 1.08600e-01
8.11682e+01 -1.38450e+00 1.13825e-01
8.13752e+01 -1.36032e+00 1.20073e-01
8.15877e+01 -1.33401e+00 1.27724e-01
8.18068e+01 -1.30501e+00 1.37393e-01
8.20338e+01 -1.27244e+00 1.50140e-01
8.22707e+01 -1.23487e+00 1.67982e-01
8.25209e+01 -1.18966e+00 1.95333e-01
8.27901e+01 -1.13115e+00 2.44187e-01
8.30898e+01 -1.04308e+00 3.61979e-01
8.32861e+01 -9.55596e-01 5.59560e-01
8.34092e+01 -8.71015e-01 8.54074e-01
8.35042e+01 -7.68779e-01 1.36684e+00
8.35783e+01 -6.38458e-01 2.27242e+00
8.36559e+01 -3.82997e-01 4.74995e+00
8.36900e+01 -1.84477e-01 7.12435e+00
8.37207e+01 8.38379e-02 1.05845e+01
8.37515e+01 4.80027e-01 1.52499e+01
8.37735e+01 8.47417e-01 1.78538e+01
8.37960e+01 1.25038e+00 1.72344e+01
8.38138e+01 1.53040e+00 1.37887e+01
8.38317e+01 1.73640e+00 9.28305e+00
8.38518e+01 1.87796e+00 5.07351e+00
8.38718e+01 1.95137e+00 2.49035e+00
8.38945e+01 1.98910e+00 1.03218e+00
8.39172e+01 2.00428e+00 3.97565e-01
8.39406e+01 2.00995e+00 1.27307e-01
8.39669e+01 2.01152e+00 1.20358e-02
8.39966e+01 2.01111e+00 -3.14339e-02
8.40304e+01 2.00976e+00 -4.57357e-02
8.40691e+01 2.00789e+00 -4.97938e-02
8.41143e+01 2.00561e+00 -5.08033e-02
8.41680e+01 2.00288e+00 -5.10818e-02
8.42335e+01 1.99952e+00 -5.12447e-02
8.43161e+01 1.99528e+00 -5.14276e-02
8.44271e+01 1.98956e+00 -5.16743e-02
8.45623e+01 1.98255e+00 -5.19798e-02
8.46975e+01 1.97551e+00 -5.22916e-02
8.48251e+01 1.96881e+00 -5.25914e-02
8.49584e+01 1.96178e+00 -5.29104e-02
8.50977e+01 1.95439e+00 -5.32506e-02
8.52370e+01 1.94695e+00 -5.35981e-02
8.53822e+01 1.93914e+00 -5.39680e-02
8.55274e+01 1.93127e+00 -5.43467e-02
8.56815e+01 1.92287e+00 -5.47575e-02
8.58356e+01 1.91440e+00 -5.51795e-02
8.59647e+01 1.90725e+00 -5.55405e-02
8.60978e+01 1.89983e+00 -5.59213e-02
8.62395e+01 1.89188e+00 -5.63357e-02
8.63812e+01 1.88386e+00 -5.67604e-02
8.65259e+01 1.87562e+00 -5.72047e-02
8.66705e+01 1.86731e+00 -5.76605e-02
8.68157e+01 1.85891e+00 -5.81301e-02
8.69610e+01 1.85043e+00 -5.86124e-02
8.71065e+01 1.84186e+00 -5.91089e-02
8.72523e+01 1.83321e+00 -5.96201e-02
8.73986e+01 1.82444e+00 -6.01478e-02
8.75454e+01 1.81557e+00 -6.06928e-02
8.76929e+01 1.80658e+00 -6.12565e-02
8.78410e+01 1.79747e+00 -6.18399e-02
8.79897e+01 1.78823e+00 -6.24446e-02
8.81392e+01 1.77885e+00 -6.30718e-02
8.82895e+01 1.76932e+00 -6.37233e-02
8.84405e+01 1.75964e+00 -6.44007e-02
8.85925e+01 1.74981e+00 -6.51060e-02
8.87453e+01 1.73980e+00 -6.58412e-02
8.88990e+01 1.72962e+00 -6.66086e-02
8.90538e+01 1.71925e+00 -6.74110e-02
8.92096e+01 1.70868e+00 -6.82510e-02
8.93665e+01 1.69790e+00 -6.91320e-02
8.95245e+01 1.68690e+00 -7.00575e-02
8.96838e+01 1.67567e+00 -7.10317e-02
8.98443e+01 1.66419e+00 -7.20590e-02
9.00061e+01 1.65244e+00 -7.31448e-02
9.01693e+01 1.64041e+00 -7.42950e-02
9.03339e+01 1.62808e+00 -7.55164e-02
9.05001e+01 1.61542e+00 -7.68171e-02
9.06679e+01 1.60242e+00 -7.82062e-02
9.08374e+01 1.58904e+00 -7.96945e-02
9.10087e+01 1.57525e+00 -8.12949e-02
9.11819e+01 1.56102e+00 -8.30224e-02
9.13572e+01 1.54631e+00 -8.48954e-02
9.15346e+01 1.53106e+00 -8.69359e-02
9.17144e+01 1.51524e+00 -8.91711e-02
9.18967e+01 1.49876e+00 -9.16347e-02
9.20816e+01 1.48157e+00 -9.43692e-02
9.22695e+01 1.46355e+00 -9.74292e-02
9.24606e+01 1.44461e+00 -1.00886e-01
9.26551e+01 1.42461e+00 -1.04834e-01
9.28536e+01 1.40336e+00 -1.09404e-01
9.30564e+01 1.38064e+00 -1.14778e-01
9.32642e+01 1.35614e+00 -1.21226e-01
9.34777e+01 1.32943e+00 -1.29160e-01
9.36980e+01 1.29991e+00 -1.39247e-01
9.39265e+01 1.26663e+00 -1.52658e-01
9.41654e+01 1.22803e+00 -1.71662e-01
9.44181e+01 1.18116e+00 -2.01374e-01
9.46914e+01 1.11940e+00 -2.56374e-01
9.49973e+01 1.02291e+00 -3.99227e-01
9.51640e+01 9.41980e-01 -5.99535e-01
9.52821e+01 8.54508e-01 -9.24956e-01
9.53729e+01 7.48428e-01 -1.48997e+00
9.54443e+01 6.10787e-01 -2.49903e+00
9.55186e+01 3.41784e-01 -5.21828e+00
9.55512e+01 1.33536e-01 -7.77079e+00
9.55812e+01 -1.51508e-01 -1.14510e+01
9.56112e+01 -5.64306e-01 -1.60433e+01
9.56320e+01 -9.22954e-01 -1.80621e+01
9.56536e+01 -1.30599e+00 -1.67719e+01
9.56716e+01 -1.57657e+00 -1.29350e+01
9.56897e+01 -1.76859e+00 -8.40974e+00
9.57082e+01 -1.88814e+00 -4.73281e+00
9.57267e+01 -1.95263e+00 -2.44326e+00
9.57486e+01 -1.98879e+00 -1.04491e+00
9.57704e+01 -2.00382e+00 -4.17684e-01
9.57937e+01 -2.00979e+00 -1.36258e-01
9.58199e+01 -2.01151e+00 -1.56135e-02
9.58494e+01 -2.01116e+00 3.01818e-02
9.58830e+01 -2.00984e+00 4.53566e-02
9.59214e+01 -2.00799e+00 4.96952e-02
9.59662e+01 -2.00574e+00 5.07793e-02
9.60194e+01 -2.00303e+00 5.10727e-02
9.60842e+01 -1.99971e+00 5.12365e-02
9.61658e+01 -1.99552e+00 5.14173e-02
9.62748e+01 -1.98990e+00 5.16594e-02
9.64112e+01 -1.98284e+00 5.19672e-02
9.65475e+01 -1.97573e+00 5.22815e-02
9.66644e+01 -1.96960e+00 5.25557e-02
9.67969e+01 -1.96262e+00 5.28722e-02
9.69315e+01 -1.95548e+00 5.32000e-02
9.70741e+01 -1.94787e+00 5.35546e-02
9.72167e+01 -1.94021e+00 5.39172e-02
9.73698e+01 -1.93192e+00 5.43148e-02
9.75229e+01 -1.92358e+00 5.47232e-02
9.76501e+01 -1.91659e+00 5.50692e-02
9.77806e+01 -1.90938e+00 5.54323e-02
9.79222e+01 -1.90150e+00 5.58346e-02
9.80638e+01 -1.89357e+00 5.62468e-02
9.82090e+01 -1.88537e+00 5.66797e-02
9.83542e+01 -1.87711e+00 5.71238e-02
9.84998e+01 -1.86876e+00 5.75806e-02
9.86455e+01 -1.86034e+00 5.80495e-02
9.87911e+01 -1.85185e+00 5.85309e-02
9.89367e+01 -1.84329e+00 5.90255e-02
9.90826e+01 -1.83464e+00 5.95346e-02
9.92288e+01 -1.82590e+00 6.00596e-02
9.93756e+01 -1.81704e+00 6.06017e-02
9.95229e+01 -1.80807e+00 6.11622e-02
9.96709e+01 -1.79898e+00 6.17424e-02
9.98195e+01 -1.78976e+00 6.23434e-02
9.99689e+01 -1.78040e+00 6.29668e-02
1.00000e+02 -1.77844e+00 6.30993e-02
