1.00000e-06 1.00000e+00 -1.00000e-06
6.00000e-06 1.00000e+00 -6.00000e-06
3.10000e-05 1.00000e+00 -3.10000e-05
1.56000e-04 1.00000e+00 -1.56000e-04
7.81000e-04 1.00000e+00 -7.81000e-04
3.90600e-03 9.99992e-01 -3.90599e-03
1.95310e-02 9.99809e-01 -1.95300e-02
9.76560e-02 9.95232e-01 -9.76824e-02
3.85944e-01 9.22955e-01 -4.22479e-01
5.55850e-01 8.26144e-01 -7.53383e-01
6.88060e-01 6.95535e-01 -1.29328e+00
8.00635e-01 4.98186e-01 -2.37283e+00
8.71415e-01 2.83765e-01 -3.84770e+00
9.26321e-01 2.09033e-02 -5.89856e+00
9.82439e-01 -3.94654e-01 -9.04942e+00
1.02164e+00 -7.92145e-01 -1.10448e+01
1.05718e+00 -1.19169e+00 -1.10185e+01
1.08799e+00 -1.50320e+00 -8.92399e+00
1.11882e+00 -1.73212e+00 -5.90492e+00
1.14999e+00 -1.87333e+00 -3.30505e+00
1.18116e+00 -1.94826e+00 -1.65588e+00
1.22175e+00 -1.99083e+00 -5.95231e-01
1.26235e+00 -2.00508e+00 -1.73007e-01
1.30295e+00 -2.00833e+00 -1.28328e-02
1.34880e+00 -2.00718e+00 5.13436e-02
1.40101e+00 -2.00379e+00 7.40211e-02
1.46088e+00 -1.99910e+00 8.10772e-02
1.53046e+00 -1.99337e+00 8.31601e-02
1.61282e+00 -1.98648e+00 8.39782e-02
1.71270e+00 -1.97806e+00 8.46245e-02
1.83827e+00 -1.96738e+00 8.53986e-02
2.02353e+00 -1.95146e+00 8.65754e-02
2.20880e+00 -1.93530e+00 8.78060e-02
2.39406e+00 -1.91892e+00 8.90947e-02
2.57932e+00 -1.90229e+00 9.04461e-02
2.76458e+00 -1.88540e+00 9.18656e-02
2.94985e+00 -1.86824e+00 9.33592e-02
3.13511e+00 -1.85080e+00 9.49335e-02
3.32037e+00 -1.83306e+00 9.65963e-02
3.50563e+00 -1.81501e+00 9.83560e-02
3.69089e+00 -1.79661e+00 1.00223e-01
3.87616e+00 -1.77786e+00 1.02208e-01
4.06368e+00 -1.75850e+00 1.04351e-01
4.25363e+00 -1.73846e+00 1.06675e-01
4.44621e+00 -1.71767e+00 1.09209e-01
4.64160e+00 -1.69607e+00 1.11986e-01
4.84000e+00 -1.67355e+00 1.15050e-01
5.04168e+00 -1.65001e+00 1.18454e-01
5.24690e+00 -1.62532e+00 1.22268e-01
5.45602e+00 -1.59930e+00 1.26583e-01
5.66943e+00 -1.57177e+00 1.31522e-01
5.88761e+00 -1.54247e+00 1.37252e-01
6.11116e+00 -1.51105e+00 1.44013e-01
6.34085e+00 -1.47706e+00 1.52159e-01
6.57767e+00 -1.43987e+00 1.62236e-01
6.82296e+00 -1.39855e+00 1.75148e-01
7.07862e+00 -1.35166e+00 1.92504e-01
7.34757e+00 -1.29672e+00 2.17513e-01
7.63467e+00 -1.22895e+00 2.57698e-01
7.94921e+00 -1.13697e+00 3.36021e-01
8.30486e+00 -9.85193e-01 5.60486e-01
8.46409e+00 -8.77725e-01 8.22342e-01
8.59772e+00 -7.39661e-01 1.31154e+00
8.70879e+00 -5.48286e-01 2.27546e+00
8.78451e+00 -3.27367e-01 3.73068e+00
8.83996e+00 -7.05698e-02 5.70398e+00
8.88967e+00 2.77079e-01 8.42293e+00
8.93360e+00 7.05406e-01 1.09491e+01
8.96813e+00 1.09872e+00 1.14636e+01
9.00274e+00 1.46806e+00 9.47335e+00
9.03735e+00 1.73725e+00 6.02669e+00
9.06832e+00 1.88036e+00 3.36778e+00
9.09928e+00 1.95614e+00 1.68338e+00
9.13943e+00 1.99897e+00 6.06518e-01
9.17958e+00 2.01336e+00 1.77693e-01
9.21973e+00 2.01670e+00 1.49581e-02
9.26499e+00 2.01563e+00 -5.02030e-02
9.31653e+00 2.01233e+00 -7.32623e-02
9.37561e+00 2.00774e+00 -8.04397e-02
9.44424e+00 2.00213e+00 -8.25464e-02
9.52545e+00 1.99539e+00 -8.33557e-02
9.62386e+00 1.98716e+00 -8.39807e-02
9.74742e+00 1.97674e+00 -8.47240e-02
9.92554e+00 1.96155e+00 -8.58257e-02
1.01037e+01 1.94616e+00 -8.69748e-02
1.02818e+01 1.93056e+00 -8.81749e-02
1.04599e+01 1.91474e+00 -8.94298e-02
1.06380e+01 1.89870e+00 -9.07438e-02
1.08161e+01 1.88241e+00 -9.21220e-02
1.09943e+01 1.86588e+00 -9.35696e-02
1.11724e+01 1.84908e+00 -9.50928e-02
1.13515e+01 1.83190e+00 -9.67074e-02
1.15325e+01 1.81424e+00 -9.84325e-02
1.17156e+01 1.79605e+00 -1.00281e-01
1.19009e+01 1.77729e+00 -1.02270e-01
1.20884e+01 1.75791e+00 -1.04418e-01
1.22785e+01 1.73784e+00 -1.06748e-01
1.24711e+01 1.71704e+00 -1.09289e-01
1.26666e+01 1.69541e+00 -1.12074e-01
1.28651e+01 1.67286e+00 -1.15147e-01
1.30669e+01 1.64928e+00 -1.18563e-01
1.32722e+01 1.62455e+00 -1.22390e-01
1.34815e+01 1.59850e+00 -1.26722e-01
1.36950e+01 1.57092e+00 -1.31682e-01
1.39133e+01 1.54155e+00 -1.37439e-01
1.41371e+01 1.51006e+00 -1.44236e-01
1.43670e+01 1.47599e+00 -1.52430e-01
1.46040e+01 1.43869e+00 -1.62578e-01
1.48496e+01 1.39723e+00 -1.75595e-01
1.51056e+01 1.35014e+00 -1.93123e-01
1.53750e+01 1.29490e+00 -2.18444e-01
1.56628e+01 1.22662e+00 -2.59304e-01
1.59784e+01 1.13358e+00 -3.39589e-01
1.63350e+01 9.78932e-01 -5.73117e-01
1.64898e+01 8.72246e-01 -8.38390e-01
1.66223e+01 7.32353e-01 -1.34239e+00
1.67332e+01 5.36096e-01 -2.34717e+00
1.68067e+01 3.15778e-01 -3.81480e+00
1.68617e+01 5.53941e-02 -5.82506e+00
1.69114e+01 -2.99856e-01 -8.58921e+00
1.69543e+01 -7.22832e-01 -1.10163e+01
1.69889e+01 -1.11744e+00 -1.14276e+01
1.70234e+01 -1.48313e+00 -9.32913e+00
1.70580e+01 -1.74659e+00 -5.87209e+00
1.70892e+01 -1.88618e+00 -3.24570e+00
1.71203e+01 -1.95936e+00 -1.60660e+00
1.71588e+01 -1.99915e+00 -6.01525e-01
1.71973e+01 -2.01311e+00 -1.86421e-01
1.72371e+01 -2.01667e+00 -1.92277e-02
1.72821e+01 -2.01573e+00 4.86103e-02
1.73334e+01 -2.01250e+00 7.27400e-02
1.73921e+01 -2.00795e+00 8.02864e-02
1.74603e+01 -2.00239e+00 8.24985e-02
1.75409e+01 -1.99570e+00 8.33295e-02
1.76385e+01 -1.98753e+00 8.39537e-02
1.77608e+01 -1.97722e+00 8.46891e-02
1.79337e+01 -1.96249e+00 8.57569e-02
1.81067e+01 -1.94756e+00 8.68690e-02
1.82796e+01 -1.93243e+00 8.80289e-02
1.84526e+01 -1.91711e+00 8.92399e-02
1.86255e+01 -1.90156e+00 9.05062e-02
1.87990e+01 -1.88575e+00 9.18360e-02
1.89741e+01 -1.86954e+00 9.32443e-02
1.91509e+01 -1.85292e+00 9.47391e-02
1.93296e+01 -1.83586e+00 9.63303e-02
1.95102e+01 -1.81831e+00 9.80289e-02
1.96928e+01 -1.80024e+00 9.98482e-02
1.98775e+01 -1.78162e+00 1.01804e-01
2.00646e+01 -1.76238e+00 1.03913e-01
2.02540e+01 -1.74248e+00 1.06200e-01
2.04461e+01 -1.72185e+00 1.08690e-01
2.06409e+01 -1.70041e+00 1.11416e-01
2.08387e+01 -1.67808e+00 1.14419e-01
2.10397e+01 -1.65475e+00 1.17751e-01
2.12442e+01 -1.63030e+00 1.21477e-01
2.14525e+01 -1.60456e+00 1.25685e-01
2.16650e+01 -1.57735e+00 1.30488e-01
2.18822e+01 -1.54842e+00 1.36046e-01
2.21047e+01 -1.51745e+00 1.42579e-01
2.23331e+01 -1.48401e+00 1.50415e-01
2.25684e+01 -1.44752e+00 1.60053e-01
2.28119e+01 -1.40711e+00 1.72307e-01
2.30653e+01 -1.36147e+00 1.88601e-01
2.33313e+01 -1.30840e+00 2.11703e-01
2.36143e+01 -1.24375e+00 2.47867e-01
2.39223e+01 -1.15815e+00 3.14985e-01
2.42700e+01 -1.02341e+00 4.89806e-01
2.44626e+01 -9.08596e-01 7.36963e-01
2.46042e+01 -7.78720e-01 1.15510e+00
2.47187e+01 -6.07793e-01 1.94223e+00
2.48092e+01 -3.75310e-01 3.38981e+00
2.48661e+01 -1.36065e-01 5.18455e+00
2.49162e+01 1.83322e-01 7.71584e+00
2.49664e+01 6.46787e-01 1.06983e+01
2.50007e+01 1.03458e+00 1.15404e+01
2.50358e+01 1.41822e+00 9.91254e+00
2.50708e+01 1.70778e+00 6.49871e+00
2.51010e+01 1.86080e+00 3.76902e+00
2.51312e+01 1.94478e+00 1.95042e+00
2.51669e+01 1.99141e+00 8.08159e-01
2.52025e+01 2.00981e+00 2.94682e-01
2.52406e+01 2.01603e+00 6.61527e-02
2.52836e+01 2.01644e+00 -3.04762e-02
2.53324e+01 2.01390e+00 -6.66177e-02
2.53881e+01 2.00978e+00 -7.84549e-02
2.54525e+01 2.00460e+00 -8.19500e-02
2.55280e+01 1.99836e+00 -8.30741e-02
2.56185e+01 1.99081e+00 -8.37158e-02
2.57303e+01 1.98141e+00 -8.43901e-02
2.58765e+01 1.96901e+00 -8.52806e-02
2.60509e+01 1.95404e+00 -8.63823e-02
2.62254e+01 1.93887e+00 -8.75313e-02
2.63999e+01 1.92349e+00 -8.87309e-02
2.65743e+01 1.90790e+00 -8.99849e-02
2.67488e+01 1.89209e+00 -9.12977e-02
2.69233e+01 1.87604e+00 -9.26739e-02
2.70995e+01 1.85959e+00 -9.41335e-02
2.72774e+01 1.84270e+00 -9.56850e-02
2.74572e+01 1.82535e+00 -9.73395e-02
2.76390e+01 1.80750e+00 -9.91090e-02
2.78229e+01 1.78910e+00 -1.01008e-01
2.80090e+01 1.77011e+00 -1.03054e-01
2.81974e+01 1.75048e+00 -1.05267e-01
2.83884e+01 1.73015e+00 -1.07673e-01
2.85821e+01 1.70904e+00 -1.10300e-01
2.87787e+01 1.68708e+00 -1.13188e-01
2.89784e+01 1.66416e+00 -1.16382e-01
2.91815e+01 1.64017e+00 -1.19942e-01
2.93882e+01 1.61497e+00 -1.23947e-01
2.95990e+01 1.58837e+00 -1.28497e-01
2.98143e+01 1.56016e+00 -1.33732e-01
3.00346e+01 1.53004e+00 -1.39845e-01
3.02605e+01 1.49764e+00 -1.47115e-01
3.04929e+01 1.46245e+00 -1.55960e-01
3.07330e+01 1.42373e+00 -1.67047e-01
3.09822e+01 1.38037e+00 -1.81501e-01
3.12428e+01 1.33061e+00 -2.01419e-01
3.15184e+01 1.27127e+00 -2.31222e-01
3.18150e+01 1.19578e+00 -2.82258e-01
3.21452e+01 1.08655e+00 -3.94999e-01
3.24184e+01 9.51714e-01 -6.31640e-01
3.25725e+01 8.32181e-01 -9.64103e-01
3.26958e+01 6.81056e-01 -1.57271e+00
3.28281e+01 3.75855e-01 -3.38601e+00
3.28824e+01 1.50262e-01 -5.07290e+00
3.29328e+01 -1.64009e-01 -7.56644e+00
3.29832e+01 -6.22453e-01 -1.05835e+01
3.30176e+01 -1.00851e+00 -1.15518e+01
3.30529e+01 -1.39825e+00 -1.00724e+01
3.30889e+01 -1.70127e+00 -6.59956e+00
3.31190e+01 -1.85678e+00 -3.84994e+00
3.31492e+01 -1.94257e+00 -2.00167e+00
3.31882e+01 -1.99319e+00 -7.61185e-01
3.32273e+01 -2.01134e+00 -2.46029e-01
3.32663e+01 -2.01639e+00 -4.39640e-02
3.33102e+01 -2.01618e+00 3.91486e-02
3.33600e+01 -2.01332e+00 6.95842e-02
3.34170e+01 -2.00901e+00 7.93503e-02
3.34830e+01 -2.00366e+00 8.22141e-02
3.35606e+01 -1.99723e+00 8.31887e-02
3.36541e+01 -1.98943e+00 8.38168e-02
3.37701e+01 -1.97966e+00 8.45150e-02
3.39254e+01 -1.96647e+00 8.54656e-02
3.40964e+01 -1.95176e+00 8.65530e-02
3.42674e+01 -1.93686e+00 8.76861e-02
3.44385e+01 -1.92176e+00 8.88683e-02
3.46099e+01 -1.90642e+00 9.01062e-02
3.47829e+01 -1.89072e+00 9.14133e-02
3.49575e+01 -1.87464e+00 9.27961e-02
3.51337e+01 -1.85816e+00 9.42629e-02
3.53118e+01 -1.84123e+00 9.58229e-02
3.54918e+01 -1.82384e+00 9.74867e-02
3.56738e+01 -1.80594e+00 9.92668e-02
3.58578e+01 -1.78749e+00 1.01178e-01
3.60441e+01 -1.76845e+00 1.03237e-01
3.62328e+01 -1.74876e+00 1.05466e-01
3.64240e+01 -1.72837e+00 1.07889e-01
3.66180e+01 -1.70719e+00 1.10537e-01
3.68148e+01 -1.68515e+00 1.13449e-01
3.70148e+01 -1.66215e+00 1.16672e-01
3.72182e+01 -1.63806e+00 1.20267e-01
3.74253e+01 -1.61274e+00 1.24314e-01
3.76364e+01 -1.58601e+00 1.28917e-01
3.78521e+01 -1.55765e+00 1.34219e-01
3.80728e+01 -1.52735e+00 1.40419e-01
3.82993e+01 -1.49474e+00 1.47805e-01
3.85323e+01 -1.45928e+00 1.56812e-01
3.87731e+01 -1.42021e+00 1.68134e-01
3.90232e+01 -1.37638e+00 1.82956e-01
3.92849e+01 -1.32595e+00 2.03498e-01
3.95620e+01 -1.26556e+00 2.34512e-01
3.98609e+01 -1.18814e+00 2.88459e-01
4.01947e+01 -1.07427e+00 4.11485e-01
4.04487e+01 -9.44543e-01 6.48065e-01
4.06009e+01 -8.23091e-01 9.94695e-01
4.07224e+01 -6.69022e-01 1.63018e+00
4.08522e+01 -3.58735e-01 3.50632e+00
4.09057e+01 -1.28624e-01 5.24322e+00
4.09558e+01 1.93927e-01 7.79741e+00
4.10058e+01 6.60815e-01 1.07617e+01
4.10402e+01 1.04908e+00 1.15291e+01
4.10751e+01 1.42932e+00 9.81976e+00
4.11100e+01 1.71418e+00 6.39833e+00
4.11403e+01 1.86479e+00 3.68807e+00
4.11705e+01 1.94699e+00 1.89882e+00
4.12062e+01 1.99232e+00 7.84239e-01
4.12418e+01 2.01014e+00 2.84372e-01
4.12801e+01 2.01611e+00 6.16075e-02
4.13232e+01 2.01639e+00 -3.22700e-02
4.13722e+01 2.01379e+00 -6.72365e-02
4.14282e+01 2.00964e+00 -7.86429e-02
4.14929e+01 2.00442e+00 -8.20051e-02
4.15688e+01 1.99814e+00 -8.30970e-02
4.16599e+01 1.99054e+00 -8.37352e-02
4.17724e+01 1.98108e+00 -8.44139e-02
4.19202e+01 1.96854e+00 -8.53149e-02
4.20938e+01 1.95363e+00 -8.64128e-02
4.22675e+01 1.93853e+00 -8.75576e-02
4.24411e+01 1.92322e+00 -8.87526e-02
4.26148e+01 1.90770e+00 -9.00015e-02
4.27884e+01 1.89196e+00 -9.13087e-02
4.29629e+01 1.87591e+00 -9.26855e-02
4.31391e+01 1.85945e+00 -9.41456e-02
4.33170e+01 1.84256e+00 -9.56979e-02
4.34968e+01 1.82521e+00 -9.73532e-02
4.36786e+01 1.80735e+00 -9.91238e-02
4.38625e+01 1.78895e+00 -1.01024e-01
4.40487e+01 1.76996e+00 -1.03071e-01
4.42371e+01 1.75032e+00 -1.05286e-01
4.44282e+01 1.72998e+00 -1.07693e-01
4.46219e+01 1.70887e+00 -1.10322e-01
4.48185e+01 1.68690e+00 -1.13212e-01
4.50182e+01 1.66397e+00 -1.16409e-01
4.52213e+01 1.63997e+00 -1.19973e-01
4.54281e+01 1.61476e+00 -1.23981e-01
4.56389e+01 1.58815e+00 -1.28536e-01
4.58542e+01 1.55992e+00 -1.33777e-01
4.60745e+01 1.52979e+00 -1.39898e-01
4.63005e+01 1.49737e+00 -1.47179e-01
4.65330e+01 1.46216e+00 -1.56039e-01
4.67731e+01 1.42340e+00 -1.67148e-01
4.70224e+01 1.38000e+00 -1.81636e-01
4.72832e+01 1.33017e+00 -2.01611e-01
4.75588e+01 1.27074e+00 -2.31524e-01
4.78557e+01 1.19507e+00 -2.82823e-01
4.81862e+01 1.08542e+00 -3.96472e-01
4.84583e+01 9.50629e-01 -6.34099e-01
4.86120e+01 8.30931e-01 -9.68262e-01
4.87350e+01 6.79397e-01 -1.58055e+00
4.88670e+01 3.73504e-01 -3.40243e+00
4.89212e+01 1.47299e-01 -5.09617e+00
4.89715e+01 -1.68077e-01 -7.59799e+00
4.90218e+01 -6.27647e-01 -1.06085e+01
4.90562e+01 -1.01383e+00 -1.15503e+01
4.90914e+01 -1.40228e+00 -1.00409e+01
4.91271e+01 -1.70144e+00 -6.59691e+00
4.91572e+01 -1.85687e+00 -3.84802e+00
4.91874e+01 -1.94262e+00 -2.00057e+00
4.92265e+01 -1.99324e+00 -7.60052e-01
4.92655e+01 -2.01137e+00 -2.45316e-01
4.93046e+01 -2.01640e+00 -4.35872e-02
4.93485e+01 -2.01617e+00 3.92934e-02
4.93983e+01 -2.01331e+00 6.96332e-02
4.94554e+01 -2.00900e+00 7.93650e-02
4.95214e+01 -2.00364e+00 8.22185e-02
4.95990e+01 -1.99721e+00 8.31907e-02
4.96925e+01 -1.98940e+00 8.38187e-02
4.98087e+01 -1.97963e+00 8.45173e-02
4.99641e+01 -1.96642e+00 8.54692e-02
5.01351e+01 -1.95171e+00 8.65564e-02
5.03061e+01 -1.93682e+00 8.76894e-02
5.04771e+01 -1.92172e+00 8.88714e-02
5.06485e+01 -1.90638e+00 9.01094e-02
5.08215e+01 -1.89068e+00 9.14167e-02
5.09961e+01 -1.87460e+00 9.27997e-02
5.11724e+01 -1.85811e+00 9.42667e-02
5.13505e+01 -1.84119e+00 9.58269e-02
5.15304e+01 -1.82379e+00 9.74910e-02
5.17124e+01 -1.80589e+00 9.92714e-02
5.18965e+01 -1.78744e+00 1.01183e-01
5.20828e+01 -1.76840e+00 1.03243e-01
5.22715e+01 -1.74871e+00 1.05472e-01
5.24627e+01 -1.72832e+00 1.07895e-01
5.26566e+01 -1.70714e+00 1.10544e-01
5.28535e+01 -1.68510e+00 1.13457e-01
5.30535e+01 -1.66209e+00 1.16681e-01
5.32569e+01 -1.63800e+00 1.20277e-01
5.34640e+01 -1.61268e+00 1.24325e-01
5.36751e+01 -1.58594e+00 1.28929e-01
5.38908e+01 -1.55758e+00 1.34233e-01
5.41116e+01 -1.52728e+00 1.40436e-01
5.43380e+01 -1.49466e+00 1.47825e-01
5.45711e+01 -1.45919e+00 1.56837e-01
5.48119e+01 -1.42010e+00 1.68166e-01
5.50620e+01 -1.37627e+00 1.82999e-01
5.53238e+01 -1.32581e+00 2.03560e-01
5.56009e+01 -1.26539e+00 2.34610e-01
5.58999e+01 -1.18791e+00 2.88647e-01
5.62338e+01 -1.07390e+00 4.11995e-01
5.64872e+01 -9.44354e-01 6.48504e-01
5.66393e+01 -8.22843e-01 9.95539e-01
5.67608e+01 -6.68693e-01 1.63177e+00
5.68905e+01 -3.58263e-01 3.50965e+00
5.69440e+01 -1.28026e-01 5.24794e+00
5.69941e+01 1.94761e-01 7.80380e+00
5.70441e+01 6.61889e-01 1.07665e+01
5.70784e+01 1.05020e+00 1.15281e+01
5.71133e+01 1.43017e+00 9.81249e+00
5.71482e+01 1.71467e+00 6.39049e+00
5.71785e+01 1.86510e+00 3.68176e+00
5.72088e+01 1.94717e+00 1.89479e+00
5.72444e+01 1.99239e+00 7.82398e-01
5.72801e+01 2.01017e+00 2.83589e-01
5.73184e+01 2.01612e+00 6.12626e-02
5.73615e+01 2.01639e+00 -3.24058e-02
5.74105e+01 2.01378e+00 -6.72832e-02
5.74665e+01 2.00962e+00 -7.86570e-02
5.75312e+01 2.00440e+00 -8.20092e-02
5.76071e+01 1.99813e+00 -8.30987e-02
5.76983e+01 1.99052e+00 -8.37367e-02
5.78109e+01 1.98105e+00 -8.44158e-02
5.79588e+01 1.96850e+00 -8.53176e-02
5.81324e+01 1.95360e+00 -8.64152e-02
5.83060e+01 1.93850e+00 -8.75597e-02
5.84796e+01 1.92320e+00 -8.87544e-02
5.86531e+01 1.90768e+00 -9.00029e-02
5.88267e+01 1.89195e+00 -9.13097e-02
5.90012e+01 1.87590e+00 -9.26866e-02
5.91774e+01 1.85944e+00 -9.41467e-02
5.93553e+01 1.84255e+00 -9.56992e-02
5.95351e+01 1.82519e+00 -9.73546e-02
5.97169e+01 1.80734e+00 -9.91252e-02
5.99008e+01 1.78893e+00 -1.01026e-01
6.00870e+01 1.76994e+00 -1.03073e-01
6.02755e+01 1.75031e+00 -1.05288e-01
6.04665e+01 1.72997e+00 -1.07695e-01
6.06602e+01 1.70885e+00 -1.10325e-01
6.08568e+01 1.68688e+00 -1.13215e-01
6.10565e+01 1.66396e+00 -1.16412e-01
6.12596e+01 1.63996e+00 -1.19976e-01
6.14664e+01 1.61474e+00 -1.23984e-01
6.16773e+01 1.58813e+00 -1.28540e-01
6.18926e+01 1.55990e+00 -1.33782e-01
6.21129e+01 1.52976e+00 -1.39903e-01
6.23389e+01 1.49735e+00 -1.47185e-01
6.25714e+01 1.46213e+00 -1.56047e-01
6.28115e+01 1.42337e+00 -1.67157e-01
6.30608e+01 1.37996e+00 -1.81649e-01
6.33215e+01 1.33013e+00 -2.01630e-01
6.35972e+01 1.27069e+00 -2.31553e-01
6.38941e+01 1.19500e+00 -2.82877e-01
6.42246e+01 1.08532e+00 -3.96615e-01
6.44967e+01 9.50524e-01 -6.34337e-01
6.46503e+01 8.30811e-01 -9.68664e-01
6.47733e+01 6.79237e-01 -1.58131e+00
6.49052e+01 3.73277e-01 -3.40402e+00
6.49594e+01 1.47013e-01 -5.09842e+00
6.50097e+01 -1.68470e-01 -7.60105e+00
6.50601e+01 -6.28150e-01 -1.06109e+01
6.50944e+01 -1.01435e+00 -1.15502e+01
6.51297e+01 -1.40267e+00 -1.00378e+01
6.51653e+01 -1.70147e+00 -6.59647e+00
6.51954e+01 -1.85689e+00 -3.84768e+00
6.52256e+01 -1.94263e+00 -2.00037e+00
6.52646e+01 -1.99325e+00 -7.59844e-01
6.53037e+01 -2.01137e+00 -2.45186e-01
6.53428e+01 -2.01640e+00 -4.35186e-02
6.53867e+01 -2.01617e+00 3.93198e-02
6.54365e+01 -2.01330e+00 6.96421e-02
6.54936e+01 -2.00899e+00 7.93676e-02
6.55596e+01 -2.00364e+00 8.22193e-02
6.56373e+01 -1.99721e+00 8.31910e-02
6.57308e+01 -1.98940e+00 8.38190e-02
6.58469e+01 -1.97962e+00 8.45178e-02
6.60024e+01 -1.96641e+00 8.54699e-02
6.61734e+01 -1.95170e+00 8.65570e-02
6.63444e+01 -1.93681e+00 8.76899e-02
6.65153e+01 -1.92171e+00 8.88719e-02
6.66868e+01 -1.90637e+00 9.01100e-02
6.68598e+01 -1.89067e+00 9.14173e-02
6.70343e+01 -1.87459e+00 9.28003e-02
6.72106e+01 -1.85811e+00 9.42674e-02
6.73887e+01 -1.84118e+00 9.58276e-02
6.75687e+01 -1.82379e+00 9.74918e-02
6.77507e+01 -1.80588e+00 9.92722e-02
6.79347e+01 -1.78744e+00 1.01184e-01
6.81211e+01 -1.76839e+00 1.03244e-01
6.83097e+01 -1.74870e+00 1.05473e-01
6.85010e+01 -1.72831e+00 1.07897e-01
6.86949e+01 -1.70713e+00 1.10546e-01
6.88918e+01 -1.68508e+00 1.13458e-01
6.90917e+01 -1.66208e+00 1.16682e-01
6.92951e+01 -1.63799e+00 1.20279e-01
6.95022e+01 -1.61266e+00 1.24327e-01
6.97134e+01 -1.58593e+00 1.28932e-01
6.99291e+01 -1.55756e+00 1.34236e-01
7.01498e+01 -1.52726e+00 1.40439e-01
7.03763e+01 -1.49464e+00 1.47829e-01
7.06094e+01 -1.45917e+00 1.56842e-01
7.08502e+01 -1.42009e+00 1.68172e-01
7.11003e+01 -1.37624e+00 1.83007e-01
7.13621e+01 -1.32579e+00 2.03571e-01
7.16392e+01 -1.26536e+00 2.34628e-01
7.19382e+01 -1.18787e+00 2.88681e-01
7.22721e+01 -1.07383e+00 4.12089e-01
7.25254e+01 -9.44319e-01 6.48584e-01
7.26776e+01 -8.22797e-01 9.95694e-01
7.27990e+01 -6.68633e-01 1.63206e+00
7.29287e+01 -3.58176e-01 3.51027e+00
7.29822e+01 -1.27916e-01 5.24881e+00
7.30322e+01 1.94914e-01 7.80498e+00
7.30823e+01 6.62087e-01 1.07673e+01
7.31166e+01 1.05040e+00 1.15279e+01
7.31515e+01 1.43033e+00 9.81115e+00
7.31864e+01 1.71476e+00 6.38905e+00
7.32167e+01 1.86516e+00 3.68059e+00
7.32470e+01 1.94720e+00 1.89405e+00
7.32826e+01 1.99240e+00 7.82059e-01
7.33183e+01 2.01017e+00 2.83445e-01
7.33566e+01 2.01612e+00 6.11992e-02
7.33997e+01 2.01639e+00 -3.24308e-02
7.34487e+01 2.01378e+00 -6.72918e-02
7.35047e+01 2.00962e+00 -7.86596e-02
7.35694e+01 2.00440e+00 -8.20100e-02
7.36454e+01 1.99812e+00 -8.30990e-02
7.37365e+01 1.99052e+00 -8.37370e-02
7.38491e+01 1.98105e+00 -8.44161e-02
7.39971e+01 1.96849e+00 -8.53181e-02
7.41706e+01 1.95359e+00 -8.64157e-02
7.43442e+01 1.93849e+00 -8.75601e-02
7.45178e+01 1.92319e+00 -8.87547e-02
7.46914e+01 1.90768e+00 -9.00032e-02
7.48649e+01 1.89194e+00 -9.13099e-02
7.50394e+01 1.87589e+00 -9.26868e-02
7.52156e+01 1.85944e+00 -9.41470e-02
7.53935e+01 1.84255e+00 -9.56994e-02
7.55733e+01 1.82519e+00 -9.73548e-02
7.57551e+01 1.80733e+00 -9.91255e-02
7.59390e+01 1.78893e+00 -1.01026e-01
7.61252e+01 1.76994e+00 -1.03073e-01
7.63137e+01 1.75030e+00 -1.05288e-01
7.65047e+01 1.72996e+00 -1.07695e-01
7.66984e+01 1.70885e+00 -1.10325e-01
7.68950e+01 1.68688e+00 -1.13215e-01
7.70947e+01 1.66395e+00 -1.16412e-01
7.72978e+01 1.63995e+00 -1.19976e-01
7.75046e+01 1.61473e+00 -1.23985e-01
7.77155e+01 1.58812e+00 -1.28541e-01
7.79308e+01 1.55989e+00 -1.33782e-01
7.81511e+01 1.52976e+00 -1.39904e-01
7.83771e+01 1.49734e+00 -1.47186e-01
7.86096e+01 1.46212e+00 -1.56048e-01
7.88497e+01 1.42336e+00 -1.67159e-01
7.90990e+01 1.37996e+00 -1.81652e-01
7.93597e+01 1.33012e+00 -2.01633e-01
7.96354e+01 1.27068e+00 -2.31559e-01
7.99323e+01 1.19499e+00 -2.82887e-01
8.02628e+01 1.08530e+00 -3.96641e-01
8.05349e+01 9.50504e-01 -6.34381e-01
8.06885e+01 8.30788e-01 -9.68739e-01
8.08115e+01 6.79207e-01 -1.58145e+00
8.09434e+01 3.73235e-01 -3.40432e+00
8.09976e+01 1.46959e-01 -5.09884e+00
8.10479e+01 -1.68544e-01 -7.60162e+00
8.10982e+01 -6.28244e-01 -1.06113e+01
8.11326e+01 -1.01444e+00 -1.15502e+01
8.11678e+01 -1.40275e+00 -1.00372e+01
8.12035e+01 -1.70148e+00 -6.59638e+00
8.12336e+01 -1.85689e+00 -3.84762e+00
8.12637e+01 -1.94263e+00 -2.00033e+00
8.13028e+01 -1.99325e+00 -7.59804e-01
8.13419e+01 -2.01137e+00 -2.45160e-01
8.13810e+01 -2.01640e+00 -4.35052e-02
8.14249e+01 -2.01617e+00 3.93249e-02
8.14747e+01 -2.01330e+00 6.96438e-02
8.15318e+01 -2.00899e+00 7.93682e-02
8.15978e+01 -2.00364e+00 8.22194e-02
8.16754e+01 -1.99721e+00 8.31911e-02
8.17690e+01 -1.98940e+00 8.38191e-02
8.18851e+01 -1.97962e+00 8.45178e-02
8.20406e+01 -1.96641e+00 8.54700e-02
8.22116e+01 -1.95170e+00 8.65571e-02
8.23825e+01 -1.93681e+00 8.76901e-02
8.25535e+01 -1.92171e+00 8.88720e-02
8.27250e+01 -1.90637e+00 9.01101e-02
8.28979e+01 -1.89067e+00 9.14174e-02
8.30725e+01 -1.87459e+00 9.28004e-02
8.32488e+01 -1.85810e+00 9.42675e-02
8.34269e+01 -1.84118e+00 9.58278e-02
8.36069e+01 -1.82378e+00 9.74919e-02
8.37888e+01 -1.80588e+00 9.92724e-02
8.39729e+01 -1.78743e+00 1.01184e-01
8.41592e+01 -1.76839e+00 1.03244e-01
8.43479e+01 -1.74870e+00 1.05473e-01
8.45392e+01 -1.72830e+00 1.07897e-01
8.47331e+01 -1.70713e+00 1.10546e-01
8.49299e+01 -1.68508e+00 1.13459e-01
8.51299e+01 -1.66208e+00 1.16683e-01
8.53333e+01 -1.63798e+00 1.20279e-01
8.55404e+01 -1.61266e+00 1.24327e-01
8.57516e+01 -1.58593e+00 1.28932e-01
8.59673e+01 -1.55756e+00 1.34236e-01
8.61880e+01 -1.52726e+00 1.40439e-01
8.64145e+01 -1.49464e+00 1.47830e-01
8.66476e+01 -1.45917e+00 1.56843e-01
8.68884e+01 -1.42008e+00 1.68173e-01
8.71385e+01 -1.37624e+00 1.83009e-01
8.74003e+01 -1.32578e+00 2.03573e-01
8.76774e+01 -1.26536e+00 2.34632e-01
8.79764e+01 -1.18786e+00 2.88688e-01
8.83103e+01 -1.07381e+00 4.12107e-01
8.85636e+01 -9.44312e-01 6.48600e-01
8.87157e+01 -8.22788e-01 9.95724e-01
8.88372e+01 -6.68621e-01 1.63212e+00
8.89669e+01 -3.58159e-01 3.51039e+00
8.90204e+01 -1.27895e-01 5.24898e+00
8.90704e+01 1.94944e-01 7.80521e+00
8.91205e+01 6.62126e-01 1.07675e+01
8.91548e+01 1.05044e+00 1.15279e+01
8.91897e+01 1.43036e+00 9.81088e+00
8.92246e+01 1.71478e+00 6.38876e+00
8.92549e+01 1.86517e+00 3.68037e+00
8.92852e+01 1.94720e+00 1.89390e+00
8.93208e+01 1.99241e+00 7.81992e-01
8.93565e+01 2.01017e+00 2.83417e-01
8.93947e+01 2.01612e+00 6.11868e-02
8.94379e+01 2.01639e+00 -3.24357e-02
8.94869e+01 2.01378e+00 -6.72935e-02
8.95429e+01 2.00962e+00 -7.86602e-02
8.96076e+01 2.00440e+00 -8.20102e-02
8.96835e+01 1.99812e+00 -8.30991e-02
8.97747e+01 1.99052e+00 -8.37371e-02
8.98873e+01 1.98105e+00 -8.44162e-02
9.00353e+01 1.96849e+00 -8.53182e-02
9.02088e+01 1.95359e+00 -8.64158e-02
9.03824e+01 1.93849e+00 -8.75602e-02
9.05560e+01 1.92319e+00 -8.87547e-02
9.07295e+01 1.90768e+00 -9.00033e-02
9.09031e+01 1.89194e+00 -9.13100e-02
9.10776e+01 1.87589e+00 -9.26868e-02
9.12538e+01 1.85944e+00 -9.41470e-02
9.14317e+01 1.84255e+00 -9.56994e-02
9.16115e+01 1.82519e+00 -9.73549e-02
9.17933e+01 1.80733e+00 -9.91255e-02
9.19772e+01 1.78893e+00 -1.01026e-01
9.21634e+01 1.76994e+00 -1.03073e-01
9.23519e+01 1.75030e+00 -1.05288e-01
9.25429e+01 1.72996e+00 -1.07695e-01
9.27366e+01 1.70885e+00 -1.10325e-01
9.29332e+01 1.68688e+00 -1.13215e-01
9.31329e+01 1.66395e+00 -1.16412e-01
9.33360e+01 1.63995e+00 -1.19976e-01
9.35428e+01 1.61473e+00 -1.23985e-01
9.37537e+01 1.58812e+00 -1.28541e-01
9.39690e+01 1.55989e+00 -1.33783e-01
9.41893e+01 1.52976e+00 -1.39905e-01
9.44153e+01 1.49734e+00 -1.47186e-01
9.46478e+01 1.46212e+00 -1.56049e-01
9.48879e+01 1.42336e+00 -1.67159e-01
9.51372e+01 1.37996e+00 -1.81652e-01
9.53979e+01 1.33012e+00 -2.01634e-01
9.56736e+01 1.27068e+00 -2.31560e-01
9.59705e+01 1.19499e+00 -2.82889e-01
9.63010e+01 1.08529e+00 -3.96646e-01
9.65731e+01 9.50500e-01 -6.34390e-01
9.67267e+01 8.30784e-01 -9.68754e-01
9.68497e+01 6.79201e-01 -1.58148e+00
9.69816e+01 3.73227e-01 -3.40438e+00
9.70358e+01 1.46949e-01 -5.09892e+00
9.70861e+01 -1.68558e-01 -7.60173e+00
9.71364e+01 -6.28262e-01 -1.06114e+01
9.71708e+01 -1.01446e+00 -1.15501e+01
9.72060e+01 -1.40276e+00 -1.00371e+01
9.72417e+01 -1.70148e+00 -6.59637e+00
9.72718e+01 -1.85689e+00 -3.84761e+00
9.73019e+01 -1.94263e+00 -2.00032e+00
9.73410e+01 -1.99325e+00 -7.59796e-01
9.73801e+01 -2.01137e+00 -2.45155e-01
9.74192e+01 -2.01640e+00 -4.35026e-02
9.74630e+01 -2.01617e+00 3.93259e-02
9.75129e+01 -2.01330e+00 6.96442e-02
9.75699e+01 -2.00899e+00 7.93683e-02
9.76359e+01 -2.00364e+00 8.22195e-02
9.77136e+01 -1.99721e+00 8.31911e-02
9.78071e+01 -1.98940e+00 8.38191e-02
9.79233e+01 -1.97962e+00 8.45179e-02
9.80788e+01 -1.96641e+00 8.54700e-02
9.82498e+01 -1.95170e+00 8.65571e-02
9.84207e+01 -1.93681e+00 8.76901e-02
9.85917e+01 -1.92171e+00 8.88721e-02
9.87631e+01 -1.90637e+00 9.01102e-02
9.89361e+01 -1.89067e+00 9.14174e-02
9.91107e+01 -1.87459e+00 9.28005e-02
9.92870e+01 -1.85810e+00 9.42676e-02
9.94651e+01 -1.84118e+00 9.58278e-02
9.96451e+01 -1.82378e+00 9.74920e-02
9.98270e+01 -1.80588e+00 9.92724e-02
1.00000e+02 -1.78856e+00 1.01065e-01
