1.00000e-06 1.00000e+00 -1.00000e-06
6.00000e-06 1.00000e+00 -6.00000e-06
3.10000e-05 1.00000e+00 -3.10000e-05
1.56000e-04 1.00000e+00 -1.56000e-04
7.81000e-04 1.00000e+00 -7.81000e-04
3.90600e-03 9.99992e-01 -3.90599e-03
1.95310e-02 9.99809e-01 -1.95302e-02
9.76560e-02 9.95230e-01 -9.77734e-02
3.60808e-01 9.31806e-01 -4.07342e-01
4.94697e-01 8.59976e-01 -6.97482e-01
6.01098e-01 7.63524e-01 -1.17816e+00
6.83191e-01 6.37407e-01 -2.00496e+00
7.58660e-01 4.27553e-01 -3.84100e+00
7.99995e-01 2.28981e-01 -5.97313e+00
8.34667e-01 -2.64980e-02 -8.99459e+00
8.69678e-01 -4.15187e-01 -1.33654e+01
8.94960e-01 -7.91724e-01 -1.61699e+01
9.17800e-01 -1.16856e+00 -1.62718e+01
9.37910e-01 -1.47205e+00 -1.35105e+01
9.58050e-01 -1.70220e+00 -9.27123e+00
9.77782e-01 -1.84638e+00 -5.51638e+00
9.97514e-01 -1.92805e+00 -2.96826e+00
1.02317e+00 -1.97864e+00 -1.20845e+00
1.04882e+00 -1.99853e+00 -4.52220e-01
1.07448e+00 -2.00561e+00 -1.45493e-01
1.10265e+00 -2.00759e+00 -1.68990e-02
1.13449e+00 -2.00719e+00 3.25574e-02
1.17064e+00 -2.00565e+00 4.91533e-02
1.21207e+00 -2.00349e+00 5.39732e-02
1.26029e+00 -2.00085e+00 5.52090e-02
1.31748e+00 -1.99768e+00 5.55614e-02
1.38703e+00 -1.99381e+00 5.57686e-02
1.47446e+00 -1.98892e+00 5.59994e-02
1.59137e+00 -1.98236e+00 5.63097e-02
1.73264e+00 -1.97438e+00 5.66919e-02
1.87391e+00 -1.96634e+00 5.70830e-02
2.02310e+00 -1.95779e+00 5.75052e-02
2.17229e+00 -1.94918e+00 5.79381e-02
2.32614e+00 -1.94023e+00 5.83953e-02
2.48000e+00 -1.93121e+00 5.88648e-02
2.63635e+00 -1.92197e+00 5.93542e-02
2.79270e+00 -1.91265e+00 5.98574e-02
2.94905e+00 -1.90325e+00 6.03744e-02
3.10540e+00 -1.89377e+00 6.09062e-02
3.26175e+00 -1.88421e+00 6.14534e-02
3.41809e+00 -1.87456e+00 6.20168e-02
3.57444e+00 -1.86481e+00 6.25972e-02
3.73079e+00 -1.85498e+00 6.31955e-02
3.88714e+00 -1.84505e+00 6.38127e-02
4.04349e+00 -1.83503e+00 6.44498e-02
4.19984e+00 -1.82490e+00 6.51079e-02
4.35619e+00 -1.81466e+00 6.57882e-02
4.51253e+00 -1.80432e+00 6.64920e-02
4.66888e+00 -1.79387e+00 6.72206e-02
4.82523e+00 -1.78330e+00 6.79757e-02
4.98158e+00 -1.77261e+00 6.87587e-02
5.13793e+00 -1.76180e+00 6.95717e-02
5.29511e+00 -1.75080e+00 7.04211e-02
5.45334e+00 -1.73959e+00 7.13107e-02
5.61270e+00 -1.72815e+00 7.22445e-02
5.77328e+00 -1.71647e+00 7.32264e-02
5.93512e+00 -1.70453e+00 7.42608e-02
6.09829e+00 -1.69233e+00 7.53529e-02
6.26286e+00 -1.67983e+00 7.65084e-02
6.42889e+00 -1.66703e+00 7.77339e-02
6.59646e+00 -1.65390e+00 7.90370e-02
6.76565e+00 -1.64041e+00 8.04267e-02
6.93656e+00 -1.62654e+00 8.19132e-02
7.10927e+00 -1.61225e+00 8.35086e-02
7.28391e+00 -1.59752e+00 8.52275e-02
7.46058e+00 -1.58230e+00 8.70868e-02
7.63942e+00 -1.56655e+00 8.91075e-02
7.82057e+00 -1.55021e+00 9.13149e-02
8.00421e+00 -1.53322e+00 9.37401e-02
8.19052e+00 -1.51551e+00 9.64225e-02
8.37973e+00 -1.49699e+00 9.94118e-02
8.57208e+00 -1.47755e+00 1.02772e-01
8.76789e+00 -1.45706e+00 1.06589e-01
8.96751e+00 -1.43535e+00 1.10977e-01
9.17139e+00 -1.41222e+00 1.16096e-01
9.38006e+00 -1.38737e+00 1.22175e-01
9.59423e+00 -1.36044e+00 1.29557e-01
9.81482e+00 -1.33088e+00 1.38786e-01
1.00431e+01 -1.29788e+00 1.50773e-01
1.02809e+01 -1.26018e+00 1.67195e-01
1.05310e+01 -1.21551e+00 1.91543e-01
1.07985e+01 -1.15927e+00 2.32573e-01
1.10930e+01 -1.07955e+00 3.20326e-01
1.13519e+01 -9.75650e-01 5.16535e-01
1.14874e+01 -8.90455e-01 7.75035e-01
1.15932e+01 -7.87735e-01 1.22791e+00
1.16756e+01 -6.58003e-01 2.02905e+00
1.17492e+01 -4.55416e-01 3.74003e+00
1.17920e+01 -2.54632e-01 5.85317e+00
1.18269e+01 -2.83811e-03 8.81345e+00
1.18622e+01 3.83617e-01 1.32188e+01
1.18879e+01 7.64309e-01 1.62124e+01
1.19104e+01 1.13965e+00 1.65603e+01
1.19330e+01 1.48434e+00 1.35061e+01
1.19555e+01 1.73483e+00 8.67216e+00
1.19755e+01 1.86956e+00 4.99932e+00
1.19955e+01 1.94365e+00 2.61770e+00
1.20187e+01 1.98517e+00 1.14774e+00
1.20418e+01 2.00286e+00 4.69857e-01
1.20667e+01 2.01008e+00 1.57885e-01
1.20945e+01 2.01226e+00 2.20012e-02
1.21259e+01 2.01197e+00 -3.06001e-02
1.21615e+01 2.01050e+00 -4.83992e-02
1.22024e+01 2.00839e+00 -5.36126e-02
1.22498e+01 2.00581e+00 -5.49540e-02
1.23060e+01 2.00271e+00 -5.53259e-02
1.23743e+01 1.99892e+00 -5.55313e-02
1.24598e+01 1.99416e+00 -5.57546e-02
1.25734e+01 1.98781e+00 -5.60518e-02
1.27161e+01 1.97979e+00 -5.64319e-02
1.28587e+01 1.97172e+00 -5.68209e-02
1.30127e+01 1.96293e+00 -5.72504e-02
1.31667e+01 1.95408e+00 -5.76914e-02
1.32942e+01 1.94670e+00 -5.80642e-02
1.34332e+01 1.93860e+00 -5.84799e-02
1.35745e+01 1.93031e+00 -5.89125e-02
1.37188e+01 1.92177e+00 -5.93651e-02
1.38632e+01 1.91317e+00 -5.98294e-02
1.40091e+01 1.90441e+00 -6.03106e-02
1.41549e+01 1.89557e+00 -6.08045e-02
1.43017e+01 1.88661e+00 -6.13149e-02
1.44486e+01 1.87756e+00 -6.18401e-02
1.45963e+01 1.86839e+00 -6.23828e-02
1.47445e+01 1.85911e+00 -6.29430e-02
1.48933e+01 1.84969e+00 -6.35226e-02
1.50428e+01 1.84015e+00 -6.41223e-02
1.51930e+01 1.83047e+00 -6.47437e-02
1.53440e+01 1.82065e+00 -6.53883e-02
1.54958e+01 1.81068e+00 -6.60576e-02
1.56484e+01 1.80054e+00 -6.67534e-02
1.58019e+01 1.79024e+00 -6.74777e-02
1.59563e+01 1.77977e+00 -6.82326e-02
1.61117e+01 1.76910e+00 -6.90204e-02
1.62681e+01 1.75824e+00 -6.98437e-02
1.64255e+01 1.74718e+00 -7.07056e-02
1.65841e+01 1.73590e+00 -7.16091e-02
1.67439e+01 1.72438e+00 -7.25581e-02
1.69048e+01 1.71262e+00 -7.35565e-02
1.70671e+01 1.70060e+00 -7.46091e-02
1.72307e+01 1.68830e+00 -7.57211e-02
1.73957e+01 1.67571e+00 -7.68985e-02
1.75623e+01 1.66280e+00 -7.81484e-02
1.77304e+01 1.64955e+00 -7.94786e-02
1.79001e+01 1.63594e+00 -8.08985e-02
1.80716e+01 1.62194e+00 -8.24190e-02
1.82449e+01 1.60752e+00 -8.40528e-02
1.84202e+01 1.59263e+00 -8.58153e-02
1.85976e+01 1.57724e+00 -8.77246e-02
1.87771e+01 1.56131e+00 -8.98029e-02
1.89591e+01 1.54476e+00 -9.20772e-02
1.91436e+01 1.52755e+00 -9.45813e-02
1.93308e+01 1.50958e+00 -9.73574e-02
1.95210e+01 1.49078e+00 -1.00459e-01
1.97144e+01 1.47101e+00 -1.03958e-01
1.99114e+01 1.45015e+00 -1.07946e-01
2.01124e+01 1.42800e+00 -1.12551e-01
2.03177e+01 1.40435e+00 -1.17952e-01
2.05281e+01 1.37887e+00 -1.24409e-01
2.07443e+01 1.35115e+00 -1.32319e-01
2.09672e+01 1.32058e+00 -1.42318e-01
2.11983e+01 1.28623e+00 -1.55506e-01
2.14397e+01 1.24658e+00 -1.73977e-01
2.16948e+01 1.19884e+00 -2.02323e-01
2.19696e+01 1.13695e+00 -2.53056e-01
2.22761e+01 1.04354e+00 -3.75862e-01
2.24750e+01 9.51588e-01 -5.79562e-01
2.26016e+01 8.61421e-01 -8.86796e-01
2.26995e+01 7.51895e-01 -1.42396e+00
2.27767e+01 6.09601e-01 -2.39039e+00
2.28571e+01 3.30388e-01 -5.01822e+00
2.28921e+01 1.15524e-01 -7.46655e+00
2.29246e+01 -1.81165e-01 -1.09961e+01
2.29571e+01 -6.08569e-01 -1.52347e+01
2.29796e+01 -9.73595e-01 -1.68074e+01
2.30027e+01 -1.34977e+00 -1.51496e+01
2.30231e+01 -1.62039e+00 -1.11847e+01
2.30435e+01 -1.80347e+00 -6.90195e+00
2.30638e+01 -1.90957e+00 -3.74759e+00
2.30851e+01 -1.96667e+00 -1.81750e+00
2.31081e+01 -1.99494e+00 -7.80250e-01
2.31316e+01 -2.00691e+00 -3.01728e-01
2.31577e+01 -2.01148e+00 -8.29068e-02
2.31870e+01 -2.01234e+00 7.85243e-03
2.32202e+01 -2.01142e+00 4.10031e-02
2.32580e+01 -2.00963e+00 5.15374e-02
2.33015e+01 -2.00731e+00 5.44333e-02
2.33525e+01 -2.00451e+00 5.51656e-02
2.34136e+01 -2.00113e+00 5.54202e-02
2.34886e+01 -1.99696e+00 5.56239e-02
2.35846e+01 -1.99161e+00 5.58734e-02
2.37232e+01 -1.98385e+00 5.62389e-02
2.38617e+01 -1.97603e+00 5.66125e-02
2.40092e+01 -1.96765e+00 5.70187e-02
2.41566e+01 -1.95921e+00 5.74348e-02
2.43103e+01 -1.95035e+00 5.78786e-02
2.44639e+01 -1.94143e+00 5.83341e-02
2.46052e+01 -1.93315e+00 5.87632e-02
2.47484e+01 -1.92471e+00 5.92086e-02
2.48931e+01 -1.91611e+00 5.96698e-02
2.50383e+01 -1.90741e+00 6.01447e-02
2.51842e+01 -1.89860e+00 6.06344e-02
2.53306e+01 -1.88969e+00 6.11387e-02
2.54775e+01 -1.88067e+00 6.16588e-02
2.56249e+01 -1.87154e+00 6.21953e-02
2.57729e+01 -1.86229e+00 6.27495e-02
2.59215e+01 -1.85292e+00 6.33223e-02
2.60708e+01 -1.84343e+00 6.39150e-02
2.62207e+01 -1.83380e+00 6.45288e-02
2.63714e+01 -1.82403e+00 6.51653e-02
2.65229e+01 -1.81410e+00 6.58260e-02
2.66752e+01 -1.80403e+00 6.65126e-02
2.68284e+01 -1.79378e+00 6.72269e-02
2.69825e+01 -1.78337e+00 6.79710e-02
2.71376e+01 -1.77277e+00 6.87473e-02
2.72936e+01 -1.76198e+00 6.95582e-02
2.74507e+01 -1.75098e+00 7.04065e-02
2.76089e+01 -1.73978e+00 7.12954e-02
2.77682e+01 -1.72834e+00 7.22284e-02
2.79288e+01 -1.71667e+00 7.32095e-02
2.80906e+01 -1.70474e+00 7.42430e-02
2.82538e+01 -1.69254e+00 7.53340e-02
2.84183e+01 -1.68005e+00 7.64884e-02
2.85843e+01 -1.66725e+00 7.77126e-02
2.87518e+01 -1.65412e+00 7.90144e-02
2.89210e+01 -1.64064e+00 8.04026e-02
2.90919e+01 -1.62677e+00 8.18873e-02
2.92646e+01 -1.61250e+00 8.34808e-02
2.94392e+01 -1.59777e+00 8.51974e-02
2.96158e+01 -1.58256e+00 8.70543e-02
2.97946e+01 -1.56682e+00 8.90720e-02
2.99757e+01 -1.55049e+00 9.12760e-02
3.01593e+01 -1.53351e+00 9.36973e-02
3.03456e+01 -1.51581e+00 9.63750e-02
3.05347e+01 -1.49731e+00 9.93586e-02
3.07270e+01 -1.47788e+00 1.02712e-01
3.09228e+01 -1.45741e+00 1.06521e-01
3.11223e+01 -1.43573e+00 1.10898e-01
3.13261e+01 -1.41262e+00 1.16002e-01
3.15347e+01 -1.38781e+00 1.22063e-01
3.17488e+01 -1.36091e+00 1.29420e-01
3.19693e+01 -1.33140e+00 1.38611e-01
3.21974e+01 -1.29847e+00 1.50541e-01
3.24350e+01 -1.26086e+00 1.66867e-01
3.26849e+01 -1.21633e+00 1.91033e-01
3.29520e+01 -1.16035e+00 2.31642e-01
3.32460e+01 -1.08123e+00 3.18011e-01
3.35072e+01 -9.77159e-01 5.12828e-01
3.36434e+01 -8.92149e-01 7.68899e-01
3.37497e+01 -7.89841e-01 1.21701e+00
3.38325e+01 -6.60773e-01 2.00936e+00
3.39057e+01 -4.61617e-01 3.68050e+00
3.39491e+01 -2.60913e-01 5.78253e+00
3.39842e+01 -1.09410e-02 8.71622e+00
3.40197e+01 3.74157e-01 1.31219e+01
3.40456e+01 7.55838e-01 1.61699e+01
3.40681e+01 1.13054e+00 1.65925e+01
3.40906e+01 1.47653e+00 1.36186e+01
3.41131e+01 1.72957e+00 8.79952e+00
3.41333e+01 1.86709e+00 5.07391e+00
3.41534e+01 1.94266e+00 2.65148e+00
3.41765e+01 1.98470e+00 1.16519e+00
3.41996e+01 2.00265e+00 4.78252e-01
3.42244e+01 2.01000e+00 1.61703e-01
3.42522e+01 2.01225e+00 2.35630e-02
3.42835e+01 2.01199e+00 -3.00396e-02
3.43190e+01 2.01053e+00 -4.82247e-02
3.43598e+01 2.00844e+00 -5.35658e-02
3.44071e+01 2.00586e+00 -5.49422e-02
3.44631e+01 2.00277e+00 -5.53215e-02
3.45311e+01 1.99900e+00 -5.55275e-02
3.46163e+01 1.99426e+00 -5.57499e-02
3.47291e+01 1.98795e+00 -5.60452e-02
3.48723e+01 1.97990e+00 -5.64266e-02
3.50155e+01 1.97180e+00 -5.68171e-02
3.51714e+01 1.96290e+00 -5.72516e-02
3.53273e+01 1.95394e+00 -5.76982e-02
3.54588e+01 1.94633e+00 -5.80831e-02
3.55948e+01 1.93841e+00 -5.84900e-02
3.57380e+01 1.93000e+00 -5.89286e-02
3.58812e+01 1.92153e+00 -5.93782e-02
3.60269e+01 1.91284e+00 -5.98473e-02
3.61727e+01 1.90408e+00 -6.03287e-02
3.63192e+01 1.89520e+00 -6.08255e-02
3.64658e+01 1.88625e+00 -6.13357e-02
3.66130e+01 1.87718e+00 -6.18625e-02
3.67606e+01 1.86801e+00 -6.24055e-02
3.69089e+01 1.85872e+00 -6.29668e-02
3.70577e+01 1.84930e+00 -6.35470e-02
3.72073e+01 1.83975e+00 -6.41477e-02
3.73575e+01 1.83007e+00 -6.47701e-02
3.75085e+01 1.82024e+00 -6.54156e-02
3.76603e+01 1.81026e+00 -6.60860e-02
3.78130e+01 1.80012e+00 -6.67830e-02
3.79665e+01 1.78981e+00 -6.75085e-02
3.81209e+01 1.77933e+00 -6.82647e-02
3.82764e+01 1.76866e+00 -6.90539e-02
3.84328e+01 1.75779e+00 -6.98788e-02
3.85903e+01 1.74671e+00 -7.07423e-02
3.87489e+01 1.73542e+00 -7.16477e-02
3.89087e+01 1.72390e+00 -7.25986e-02
3.90698e+01 1.71213e+00 -7.35992e-02
3.92321e+01 1.70009e+00 -7.46541e-02
3.93958e+01 1.68778e+00 -7.57687e-02
3.95609e+01 1.67518e+00 -7.69490e-02
3.97274e+01 1.66226e+00 -7.82020e-02
3.98956e+01 1.64900e+00 -7.95358e-02
4.00654e+01 1.63537e+00 -8.09597e-02
4.02370e+01 1.62135e+00 -8.24846e-02
4.04104e+01 1.60691e+00 -8.41234e-02
4.05857e+01 1.59200e+00 -8.58916e-02
4.07632e+01 1.57659e+00 -8.78074e-02
4.09429e+01 1.56063e+00 -8.98933e-02
4.11249e+01 1.54406e+00 -9.21765e-02
4.13095e+01 1.52682e+00 -9.46910e-02
4.14968e+01 1.50882e+00 -9.74794e-02
4.16872e+01 1.48997e+00 -1.00596e-01
4.18808e+01 1.47017e+00 -1.04113e-01
4.20779e+01 1.44925e+00 -1.08124e-01
4.22790e+01 1.42705e+00 -1.12758e-01
4.24846e+01 1.40333e+00 -1.18197e-01
4.26952e+01 1.37777e+00 -1.24706e-01
4.29116e+01 1.34994e+00 -1.32688e-01
4.31348e+01 1.31924e+00 -1.42793e-01
4.33663e+01 1.28470e+00 -1.56148e-01
4.36082e+01 1.24478e+00 -1.74912e-01
4.38640e+01 1.19661e+00 -2.03846e-01
4.41399e+01 1.13389e+00 -2.56082e-01
4.44479e+01 1.03837e+00 -3.84831e-01
4.46394e+01 9.48000e-01 -5.89607e-01
4.47646e+01 8.57097e-01 -9.04525e-01
4.48614e+01 7.46527e-01 -1.45501e+00
4.49381e+01 6.02112e-01 -2.44914e+00
4.50078e+01 3.66941e-01 -4.63031e+00
4.50446e+01 1.56716e-01 -6.98069e+00
4.50776e+01 -1.25314e-01 -1.03426e+01
4.51106e+01 -5.37292e-01 -1.46633e+01
4.51335e+01 -9.00401e-01 -1.67047e+01
4.51573e+01 -1.29323e+00 -1.56610e+01
4.51769e+01 -1.56836e+00 -1.21547e+01
4.51964e+01 -1.76459e+00 -7.92970e+00
4.52168e+01 -1.88831e+00 -4.42247e+00
4.52372e+01 -1.95430e+00 -2.25147e+00
4.52611e+01 -1.99052e+00 -9.47934e-01
4.52850e+01 -2.00531e+00 -3.69392e-01
4.53105e+01 -2.01095e+00 -1.12730e-01
4.53392e+01 -2.01236e+00 -3.81955e-03
4.53716e+01 -2.01169e+00 3.70125e-02
4.54084e+01 -2.01003e+00 5.03582e-02
4.54507e+01 -2.00780e+00 5.41301e-02
4.55000e+01 -2.00510e+00 5.50853e-02
4.55588e+01 -2.00185e+00 5.53800e-02
4.56307e+01 -1.99786e+00 5.55818e-02
4.57218e+01 -1.99279e+00 5.58187e-02
4.58467e+01 -1.98580e+00 5.61467e-02
4.59847e+01 -1.97802e+00 5.65166e-02
4.61230e+01 -1.97018e+00 5.68956e-02
4.62675e+01 -1.96193e+00 5.73000e-02
4.64119e+01 -1.95362e+00 5.77140e-02
4.65590e+01 -1.94511e+00 5.81454e-02
4.67060e+01 -1.93652e+00 5.85875e-02
4.68532e+01 -1.92787e+00 5.90410e-02
4.70004e+01 -1.91914e+00 5.95060e-02
4.71475e+01 -1.91035e+00 5.99831e-02
4.72947e+01 -1.90149e+00 6.04727e-02
4.74419e+01 -1.89255e+00 6.09755e-02
4.75890e+01 -1.88354e+00 6.14920e-02
4.77364e+01 -1.87444e+00 6.20239e-02
4.78843e+01 -1.86522e+00 6.25726e-02
4.80328e+01 -1.85589e+00 6.31394e-02
4.81818e+01 -1.84644e+00 6.37257e-02
4.83316e+01 -1.83685e+00 6.43328e-02
4.84820e+01 -1.82712e+00 6.49620e-02
4.86333e+01 -1.81725e+00 6.56148e-02
4.87853e+01 -1.80722e+00 6.62930e-02
4.89382e+01 -1.79703e+00 6.69984e-02
4.90920e+01 -1.78667e+00 6.77329e-02
4.92467e+01 -1.77613e+00 6.84987e-02
4.94025e+01 -1.76540e+00 6.92984e-02
4.95592e+01 -1.75448e+00 7.01346e-02
4.97171e+01 -1.74334e+00 7.10104e-02
4.98760e+01 -1.73198e+00 7.19290e-02
5.00362e+01 -1.72038e+00 7.28945e-02
5.01976e+01 -1.70853e+00 7.39109e-02
5.03604e+01 -1.69642e+00 7.49832e-02
5.05244e+01 -1.68402e+00 7.61169e-02
5.06900e+01 -1.67132e+00 7.73183e-02
5.08570e+01 -1.65830e+00 7.85948e-02
5.10257e+01 -1.64493e+00 7.99546e-02
5.11960e+01 -1.63119e+00 8.14077e-02
5.13681e+01 -1.61705e+00 8.29654e-02
5.15421e+01 -1.60247e+00 8.46415e-02
5.17181e+01 -1.58742e+00 8.64520e-02
5.18962e+01 -1.57185e+00 8.84165e-02
5.20765e+01 -1.55571e+00 9.05587e-02
5.22593e+01 -1.53894e+00 9.29076e-02
5.24447e+01 -1.52148e+00 9.54996e-02
5.26329e+01 -1.50324e+00 9.83806e-02
5.28242e+01 -1.48412e+00 1.01609e-01
5.30188e+01 -1.46399e+00 1.05264e-01
5.32172e+01 -1.44271e+00 1.09447e-01
5.34196e+01 -1.42008e+00 1.14301e-01
5.36266e+01 -1.39584e+00 1.20029e-01
5.38388e+01 -1.36965e+00 1.26931e-01
5.40572e+01 -1.34104e+00 1.35468e-01
5.42827e+01 -1.30930e+00 1.46402e-01
5.45171e+01 -1.27334e+00 1.61086e-01
5.47627e+01 -1.23134e+00 1.82212e-01
5.50236e+01 -1.17972e+00 2.16059e-01
5.53076e+01 -1.11010e+00 2.81653e-01
5.56266e+01 -9.96203e-01 4.68430e-01
5.57666e+01 -9.17502e-01 6.82058e-01
5.58812e+01 -8.20291e-01 1.06693e+00
5.59696e+01 -7.00227e-01 1.74085e+00
5.60424e+01 -5.33376e-01 3.02215e+00
5.60944e+01 -3.30576e-01 5.01620e+00
5.61314e+01 -1.00966e-01 7.63940e+00
5.61637e+01 2.01067e-01 1.12259e+01
5.61961e+01 6.33934e-01 1.54206e+01
5.62186e+01 1.00031e+00 1.68141e+01
5.62414e+01 1.37066e+00 1.49345e+01
5.62620e+01 1.63722e+00 1.08483e+01
5.62825e+01 1.81472e+00 6.59209e+00
5.63030e+01 1.91615e+00 3.53425e+00
5.63248e+01 1.97083e+00 1.66923e+00
5.63477e+01 1.99665e+00 7.14355e-01
5.63714e+01 2.00762e+00 2.70882e-01
5.63978e+01 2.01169e+00 6.95346e-02
5.64275e+01 2.01231e+00 -1.29845e-02
5.64611e+01 2.01127e+00 -4.27207e-02
5.64994e+01 2.00942e+00 -5.20336e-02
5.65436e+01 2.00705e+00 -5.45589e-02
5.65955e+01 2.00420e+00 -5.52005e-02
5.66577e+01 2.00075e+00 -5.54403e-02
5.67345e+01 1.99649e+00 -5.56461e-02
5.68332e+01 1.99099e+00 -5.59029e-02
5.69841e+01 1.98252e+00 -5.63017e-02
5.71351e+01 1.97399e+00 -5.67111e-02
5.72647e+01 1.96661e+00 -5.70697e-02
5.73971e+01 1.95903e+00 -5.74438e-02
5.75401e+01 1.95079e+00 -5.78568e-02
5.76832e+01 1.94248e+00 -5.82799e-02
5.78296e+01 1.93392e+00 -5.87233e-02
5.79760e+01 1.92528e+00 -5.91779e-02
5.81227e+01 1.91657e+00 -5.96450e-02
5.82695e+01 1.90778e+00 -6.01242e-02
5.84162e+01 1.89892e+00 -6.06161e-02
5.85629e+01 1.88999e+00 -6.11213e-02
5.87100e+01 1.88097e+00 -6.16414e-02
5.88574e+01 1.87184e+00 -6.21776e-02
5.90054e+01 1.86259e+00 -6.27312e-02
5.91540e+01 1.85323e+00 -6.33034e-02
5.93033e+01 1.84374e+00 -6.38954e-02
5.94532e+01 1.83411e+00 -6.45086e-02
5.96039e+01 1.82434e+00 -6.51443e-02
5.97553e+01 1.81443e+00 -6.58042e-02
5.99076e+01 1.80435e+00 -6.64899e-02
6.00608e+01 1.79412e+00 -6.72033e-02
6.02148e+01 1.78371e+00 -6.79464e-02
6.03698e+01 1.77312e+00 -6.87216e-02
6.05259e+01 1.76233e+00 -6.95313e-02
6.06829e+01 1.75134e+00 -7.03784e-02
6.08411e+01 1.74014e+00 -7.12660e-02
6.10004e+01 1.72872e+00 -7.21975e-02
6.11609e+01 1.71705e+00 -7.31769e-02
6.13227e+01 1.70513e+00 -7.42086e-02
6.14858e+01 1.69294e+00 -7.52977e-02
6.16503e+01 1.68046e+00 -7.64499e-02
6.18162e+01 1.66767e+00 -7.76718e-02
6.19837e+01 1.65455e+00 -7.89709e-02
6.21528e+01 1.64108e+00 -8.03561e-02
6.23237e+01 1.62723e+00 -8.18376e-02
6.24963e+01 1.61297e+00 -8.34273e-02
6.26708e+01 1.59826e+00 -8.51397e-02
6.28474e+01 1.58306e+00 -8.69917e-02
6.30261e+01 1.56734e+00 -8.90039e-02
6.32071e+01 1.55103e+00 -9.12014e-02
6.33907e+01 1.53407e+00 -9.36151e-02
6.35768e+01 1.51640e+00 -9.62837e-02
6.37659e+01 1.49792e+00 -9.92565e-02
6.39581e+01 1.47853e+00 -1.02597e-01
6.41537e+01 1.45809e+00 -1.06389e-01
6.43531e+01 1.43645e+00 -1.10745e-01
6.45568e+01 1.41339e+00 -1.15823e-01
6.47652e+01 1.38864e+00 -1.21848e-01
6.49791e+01 1.36182e+00 -1.29156e-01
6.51993e+01 1.33240e+00 -1.38277e-01
6.54272e+01 1.29961e+00 -1.50097e-01
6.56645e+01 1.26217e+00 -1.66241e-01
6.59139e+01 1.21792e+00 -1.90064e-01
6.61803e+01 1.16243e+00 -2.29882e-01
6.64732e+01 1.08442e+00 -3.13676e-01
6.67390e+01 9.80000e-01 -5.05925e-01
6.68766e+01 8.95337e-01 -7.57468e-01
6.69838e+01 7.93807e-01 -1.19665e+00
6.70672e+01 6.65971e-01 -1.97270e+00
6.71400e+01 4.72603e-01 -3.57602e+00
6.71845e+01 2.71941e-01 -5.65908e+00
6.72198e+01 2.51539e-02 -8.54569e+00
6.72558e+01 -3.57624e-01 -1.29505e+01
6.72820e+01 -7.41162e-01 -1.60932e+01
6.73045e+01 -1.11490e+00 -1.66424e+01
6.73270e+01 -1.46318e+00 -1.38059e+01
6.73495e+01 -1.72062e+00 -9.01344e+00
6.73692e+01 -1.86013e+00 -5.28313e+00
6.73890e+01 -1.93806e+00 -2.80736e+00
6.74120e+01 -1.98252e+00 -1.24542e+00
6.74350e+01 -2.00169e+00 -5.16712e-01
6.74596e+01 -2.00964e+00 -1.79263e-01
6.74871e+01 -2.01219e+00 -3.07915e-02
6.75181e+01 -2.01207e+00 2.74271e-02
6.75533e+01 -2.01068e+00 4.74053e-02
6.75935e+01 -2.00863e+00 5.33441e-02
6.76402e+01 -2.00609e+00 5.48869e-02
6.76954e+01 -2.00305e+00 5.53018e-02
6.77623e+01 -1.99934e+00 5.55110e-02
6.78458e+01 -1.99470e+00 5.57296e-02
6.79556e+01 -1.98856e+00 5.60166e-02
6.81020e+01 -1.98034e+00 5.64058e-02
6.82483e+01 -1.97205e+00 5.68047e-02
6.83796e+01 -1.96457e+00 5.71701e-02
6.85181e+01 -1.95663e+00 5.75637e-02
6.86594e+01 -1.94846e+00 5.79746e-02
6.88027e+01 -1.94012e+00 5.84012e-02
6.89467e+01 -1.93168e+00 5.88402e-02
6.90916e+01 -1.92312e+00 5.92929e-02
6.92367e+01 -1.91449e+00 5.97577e-02
6.93824e+01 -1.90574e+00 6.02366e-02
6.95284e+01 -1.89691e+00 6.07289e-02
6.96750e+01 -1.88798e+00 6.12366e-02
6.98219e+01 -1.87894e+00 6.17596e-02
6.99695e+01 -1.86979e+00 6.22996e-02
7.01176e+01 -1.86052e+00 6.28571e-02
7.02663e+01 -1.85113e+00 6.34336e-02
7.04157e+01 -1.84161e+00 6.40302e-02
7.05658e+01 -1.83195e+00 6.46483e-02
7.07167e+01 -1.82215e+00 6.52893e-02
7.08683e+01 -1.81220e+00 6.59547e-02
7.10208e+01 -1.80209e+00 6.66464e-02
7.11741e+01 -1.79181e+00 6.73663e-02
7.13284e+01 -1.78136e+00 6.81163e-02
7.14836e+01 -1.77073e+00 6.88990e-02
7.16399e+01 -1.75990e+00 6.97168e-02
7.17972e+01 -1.74887e+00 7.05726e-02
7.19556e+01 -1.73762e+00 7.14696e-02
7.21152e+01 -1.72614e+00 7.24115e-02
7.22760e+01 -1.71442e+00 7.34021e-02
7.24380e+01 -1.70244e+00 7.44462e-02
7.26014e+01 -1.69018e+00 7.55488e-02
7.27662e+01 -1.67763e+00 7.67160e-02
7.29325e+01 -1.66477e+00 7.79544e-02
7.31004e+01 -1.65158e+00 7.92719e-02
7.32699e+01 -1.63803e+00 8.06776e-02
7.34411e+01 -1.62409e+00 8.21820e-02
7.36141e+01 -1.60973e+00 8.37978e-02
7.37891e+01 -1.59491e+00 8.55397e-02
7.39661e+01 -1.57961e+00 8.74255e-02
7.41454e+01 -1.56375e+00 8.94766e-02
7.43269e+01 -1.54731e+00 9.17194e-02
7.45110e+01 -1.53020e+00 9.41862e-02
7.46978e+01 -1.51235e+00 9.69180e-02
7.48876e+01 -1.49368e+00 9.99666e-02
7.50805e+01 -1.47407e+00 1.03400e-01
7.52769e+01 -1.45338e+00 1.07306e-01
7.54773e+01 -1.43144e+00 1.11808e-01
7.56819e+01 -1.40803e+00 1.17075e-01
7.58915e+01 -1.38286e+00 1.23351e-01
7.61067e+01 -1.35551e+00 1.31008e-01
7.63285e+01 -1.32542e+00 1.40636e-01
7.65583e+01 -1.29172e+00 1.53240e-01
7.67980e+01 -1.25301e+00 1.70709e-01
7.70507e+01 -1.20676e+00 1.97071e-01
7.73220e+01 -1.14767e+00 2.42877e-01
7.76227e+01 -1.06121e+00 3.47152e-01
7.78533e+01 -9.61352e-01 5.53087e-01
7.79827e+01 -8.73828e-01 8.37499e-01
7.80839e+01 -7.67161e-01 1.33805e+00
7.81632e+01 -6.30534e-01 2.23016e+00
7.82462e+01 -3.61909e-01 4.68306e+00
7.82822e+01 -1.55140e-01 6.99918e+00
7.83151e+01 1.27534e-01 1.03688e+01
7.83481e+01 5.40273e-01 1.46885e+01
7.83710e+01 9.03335e-01 1.67111e+01
7.83948e+01 1.29546e+00 1.56427e+01
7.84143e+01 1.57024e+00 1.21215e+01
7.84339e+01 1.76591e+00 7.89574e+00
7.84543e+01 1.88884e+00 4.40601e+00
7.84747e+01 1.95446e+00 2.24591e+00
7.84985e+01 1.99055e+00 9.46839e-01
7.85224e+01 2.00530e+00 3.69543e-01
7.85478e+01 2.01095e+00 1.12795e-01
7.85765e+01 2.01236e+00 3.84544e-03
7.86089e+01 2.01169e+00 -3.70035e-02
7.86457e+01 2.01003e+00 -5.03555e-02
7.86880e+01 2.00780e+00 -5.41294e-02
7.87373e+01 2.00510e+00 -5.50851e-02
7.87961e+01 2.00185e+00 -5.53799e-02
7.88680e+01 1.99786e+00 -5.55817e-02
7.89591e+01 1.99279e+00 -5.58185e-02
7.90839e+01 1.98580e+00 -5.61465e-02
7.92219e+01 1.97803e+00 -5.65164e-02
7.93603e+01 1.97018e+00 -5.68954e-02
7.95048e+01 1.96193e+00 -5.72998e-02
7.96492e+01 1.95363e+00 -5.77138e-02
7.97963e+01 1.94511e+00 -5.81453e-02
7.99433e+01 1.93652e+00 -5.85875e-02
8.00905e+01 1.92787e+00 -5.90410e-02
8.02377e+01 1.91914e+00 -5.95061e-02
8.03849e+01 1.91035e+00 -5.99831e-02
8.05321e+01 1.90149e+00 -6.04728e-02
8.06792e+01 1.89255e+00 -6.09756e-02
8.08264e+01 1.88354e+00 -6.14922e-02
8.09738e+01 1.87443e+00 -6.20241e-02
8.11217e+01 1.86522e+00 -6.25728e-02
8.12701e+01 1.85589e+00 -6.31397e-02
8.14192e+01 1.84644e+00 -6.37260e-02
8.15690e+01 1.83685e+00 -6.43330e-02
8.17194e+01 1.82712e+00 -6.49622e-02
8.18707e+01 1.81725e+00 -6.56151e-02
8.20227e+01 1.80722e+00 -6.62933e-02
8.21756e+01 1.79703e+00 -6.69987e-02
8.23294e+01 1.78667e+00 -6.77332e-02
8.24841e+01 1.77613e+00 -6.84991e-02
8.26399e+01 1.76540e+00 -6.92987e-02
8.27966e+01 1.75447e+00 -7.01350e-02
8.29545e+01 1.74333e+00 -7.10107e-02
8.31134e+01 1.73197e+00 -7.19294e-02
8.32736e+01 1.72037e+00 -7.28949e-02
8.34350e+01 1.70853e+00 -7.39113e-02
8.35978e+01 1.69641e+00 -7.49837e-02
8.37618e+01 1.68402e+00 -7.61174e-02
8.39274e+01 1.67132e+00 -7.73189e-02
8.40944e+01 1.65829e+00 -7.85953e-02
8.42631e+01 1.64493e+00 -7.99552e-02
8.44334e+01 1.63119e+00 -8.14083e-02
8.46055e+01 1.61704e+00 -8.29661e-02
8.47795e+01 1.60246e+00 -8.46422e-02
8.49555e+01 1.58741e+00 -8.64528e-02
8.51336e+01 1.57184e+00 -8.84174e-02
8.53139e+01 1.55570e+00 -9.05596e-02
8.54967e+01 1.53894e+00 -9.29086e-02
8.56821e+01 1.52147e+00 -9.55008e-02
8.58704e+01 1.50323e+00 -9.83818e-02
8.60616e+01 1.48411e+00 -1.01611e-01
8.62563e+01 1.46398e+00 -1.05265e-01
8.64546e+01 1.44270e+00 -1.09448e-01
8.66570e+01 1.42007e+00 -1.14303e-01
8.68640e+01 1.39583e+00 -1.20032e-01
8.70762e+01 1.36964e+00 -1.26934e-01
8.72946e+01 1.34102e+00 -1.35472e-01
8.75201e+01 1.30928e+00 -1.46407e-01
8.77545e+01 1.27333e+00 -1.61093e-01
8.80001e+01 1.23132e+00 -1.82223e-01
8.82611e+01 1.17969e+00 -2.16078e-01
8.85451e+01 1.11006e+00 -2.81693e-01
8.88640e+01 9.96138e-01 -4.68573e-01
8.90040e+01 9.17451e-01 -6.82224e-01
8.91186e+01 8.20229e-01 -1.06722e+00
8.92070e+01 7.00149e-01 -1.74136e+00
8.92798e+01 5.33251e-01 -3.02325e+00
8.93318e+01 3.30464e-01 -5.01740e+00
8.93687e+01 1.00819e-01 -7.64115e+00
8.94011e+01 -2.01271e-01 -1.12282e+01
8.94335e+01 -6.34200e-01 -1.54225e+01
8.94559e+01 -1.00057e+00 -1.68141e+01
8.94788e+01 -1.37087e+00 -1.49324e+01
8.94993e+01 -1.63740e+00 -1.08447e+01
8.95198e+01 -1.81484e+00 -6.58864e+00
8.95403e+01 -1.91623e+00 -3.53178e+00
8.95622e+01 -1.97088e+00 -1.66750e+00
8.95850e+01 -1.99667e+00 -7.13572e-01
8.96088e+01 -2.00763e+00 -2.70516e-01
8.96351e+01 -2.01169e+00 -6.93770e-02
8.96648e+01 -2.01231e+00 1.30446e-02
8.96985e+01 -2.01127e+00 4.27407e-02
8.97368e+01 -2.00942e+00 5.20393e-02
8.97810e+01 -2.00705e+00 5.45604e-02
8.98329e+01 -2.00419e+00 5.52009e-02
8.98951e+01 -2.00075e+00 5.54405e-02
8.99719e+01 -1.99648e+00 5.56464e-02
9.00706e+01 -1.99098e+00 5.59032e-02
9.02218e+01 -1.98250e+00 5.63026e-02
9.03729e+01 -1.97396e+00 5.67127e-02
9.05024e+01 -1.96659e+00 5.70706e-02
9.06344e+01 -1.95903e+00 5.74438e-02
9.07775e+01 -1.95079e+00 5.78569e-02
9.09205e+01 -1.94248e+00 5.82800e-02
9.10670e+01 -1.93391e+00 5.87236e-02
9.12135e+01 -1.92527e+00 5.91784e-02
9.13603e+01 -1.91655e+00 5.96457e-02
9.15071e+01 -1.90776e+00 6.01251e-02
9.16538e+01 -1.89890e+00 6.06172e-02
9.18006e+01 -1.88997e+00 6.11225e-02
9.19476e+01 -1.88094e+00 6.16427e-02
9.20951e+01 -1.87181e+00 6.21789e-02
9.22431e+01 -1.86257e+00 6.27326e-02
9.23917e+01 -1.85321e+00 6.33049e-02
9.25410e+01 -1.84371e+00 6.38969e-02
9.26909e+01 -1.83409e+00 6.45102e-02
9.28416e+01 -1.82432e+00 6.51459e-02
9.29931e+01 -1.81440e+00 6.58059e-02
9.31453e+01 -1.80433e+00 6.64916e-02
9.32985e+01 -1.79409e+00 6.72051e-02
9.34526e+01 -1.78368e+00 6.79483e-02
9.36076e+01 -1.77309e+00 6.87236e-02
9.37636e+01 -1.76230e+00 6.95334e-02
9.39206e+01 -1.75132e+00 7.03806e-02
9.40788e+01 -1.74012e+00 7.12682e-02
9.42381e+01 -1.72869e+00 7.21998e-02
9.43986e+01 -1.71702e+00 7.31794e-02
9.45604e+01 -1.70510e+00 7.42112e-02
9.47235e+01 -1.69291e+00 7.53005e-02
9.48880e+01 -1.68043e+00 7.64529e-02
9.50540e+01 -1.66764e+00 7.76749e-02
9.52215e+01 -1.65452e+00 7.89743e-02
9.53906e+01 -1.64105e+00 8.03597e-02
9.55614e+01 -1.62719e+00 8.18414e-02
9.57340e+01 -1.61293e+00 8.34314e-02
9.59086e+01 -1.59822e+00 8.51441e-02
9.60852e+01 -1.58302e+00 8.69965e-02
9.62639e+01 -1.56730e+00 8.90091e-02
9.64449e+01 -1.55099e+00 9.12071e-02
9.66285e+01 -1.53403e+00 9.36214e-02
9.68146e+01 -1.51635e+00 9.62908e-02
9.70037e+01 -1.49787e+00 9.92644e-02
9.71959e+01 -1.47848e+00 1.02606e-01
9.73915e+01 -1.45804e+00 1.06399e-01
9.75910e+01 -1.43639e+00 1.10757e-01
9.77946e+01 -1.41333e+00 1.15837e-01
9.80031e+01 -1.38858e+00 1.21865e-01
9.82170e+01 -1.36175e+00 1.29177e-01
9.84372e+01 -1.33233e+00 1.38302e-01
9.86651e+01 -1.29952e+00 1.50131e-01
9.89024e+01 -1.26207e+00 1.66289e-01
9.91519e+01 -1.21780e+00 1.90138e-01
9.94184e+01 -1.16227e+00 2.30016e-01
9.97113e+01 -1.08418e+00 3.14004e-01
1.00000e+02 -9.67654e-01 5.36655e-01
