1.00000e-06 1.00000e+00 -1.00000e-06
6.00000e-06 1.00000e+00 -6.00000e-06
3.10000e-05 1.00000e+00 -3.10000e-05
1.56000e-04 1.00000e+00 -1.56000e-04
7.81000e-04 1.00000e+00 -7.81000e-04
3.90600e-03 9.99992e-01 -3.90599e-03
1.95310e-02 9.99809e-01 -1.95299e-02
9.76560e-02 9.95234e-01 -9.75689e-02
4.55788e-01 8.95022e-01 -4.71853e-01
7.71674e-01 6.75427e-01 -9.73948e-01
9.87205e-01 3.98712e-01 -1.67779e+00
1.13935e+00 7.85600e-02 -2.61346e+00
1.29870e+00 -4.51332e-01 -4.08417e+00
1.39888e+00 -8.98831e-01 -4.72536e+00
1.50412e+00 -1.37946e+00 -4.14801e+00
1.60078e+00 -1.70961e+00 -2.61613e+00
1.69744e+00 -1.89071e+00 -1.22224e+00
1.79410e+00 -1.96575e+00 -4.23244e-01
1.90126e+00 -1.98674e+00 -2.81475e-02
2.00841e+00 -1.98017e+00 1.26712e-01
2.12987e+00 -1.96011e+00 1.92666e-01
2.27343e+00 -1.93008e+00 2.21173e-01
2.44474e+00 -1.89078e+00 2.36094e-01
2.65350e+00 -1.84014e+00 2.48798e-01
2.92588e+00 -1.77010e+00 2.65927e-01
3.23858e+00 -1.68333e+00 2.90074e-01
3.55464e+00 -1.58681e+00 3.22333e-01
3.89317e+00 -1.46993e+00 3.71391e-01
4.26559e+00 -1.31694e+00 4.58229e-01
4.69394e+00 -1.08309e+00 6.63437e-01
5.00698e+00 -8.26673e-01 1.02891e+00
5.24575e+00 -5.11800e-01 1.70562e+00
5.39716e+00 -1.93086e-01 2.58994e+00
5.53091e+00 2.32629e-01 3.84653e+00
5.64623e+00 7.43583e-01 4.92578e+00
5.74103e+00 1.21819e+00 4.85994e+00
5.82267e+00 1.57401e+00 3.72095e+00
5.90431e+00 1.81589e+00 2.21917e+00
5.99067e+00 1.95150e+00 1.01836e+00
6.07730e+00 2.00766e+00 3.54674e-01
6.17362e+00 2.02323e+00 1.72421e-02
6.27549e+00 2.01653e+00 -1.26663e-01
6.39293e+00 1.99739e+00 -1.88658e-01
6.53120e+00 1.96920e+00 -2.14832e-01
6.69549e+00 1.93270e+00 -2.28093e-01
6.89465e+00 1.88617e+00 -2.38983e-01
7.15027e+00 1.82332e+00 -2.53035e-01
7.45779e+00 1.74252e+00 -2.73207e-01
7.76531e+00 1.65471e+00 -2.98984e-01
8.08708e+00 1.55299e+00 -3.35274e-01
8.43465e+00 1.42720e+00 -3.92723e-01
8.82143e+00 1.25643e+00 -5.01719e-01
9.27233e+00 9.75028e-01 -7.97414e-01
9.55643e+00 6.88389e-01 -1.29619e+00
9.74306e+00 3.85437e-01 -2.03844e+00
9.88403e+00 3.11433e-02 -3.07516e+00
1.00296e+01 -5.23748e-01 -4.56296e+00
1.01227e+01 -9.79328e-01 -5.06447e+00
1.02196e+01 -1.44337e+00 -4.27092e+00
1.03168e+01 -1.77538e+00 -2.52019e+00
1.04013e+01 -1.93022e+00 -1.23181e+00
1.04858e+01 -1.99894e+00 -4.75730e-01
1.05855e+01 -2.02257e+00 -5.91348e-02
1.06854e+01 -2.01884e+00 1.08365e-01
1.07996e+01 -2.00163e+00 1.80948e-01
1.09337e+01 -1.97498e+00 2.11468e-01
1.10927e+01 -1.94005e+00 2.26047e-01
1.12845e+01 -1.89562e+00 2.36899e-01
1.15264e+01 -1.83676e+00 2.49944e-01
1.18477e+01 -1.75329e+00 2.70342e-01
1.21691e+01 -1.66239e+00 2.96544e-01
1.24904e+01 -1.56173e+00 3.31839e-01
1.28356e+01 -1.43836e+00 3.86954e-01
1.32185e+01 -1.27253e+00 4.89565e-01
1.36637e+01 -1.00467e+00 7.57867e-01
1.39508e+01 -7.32376e-01 1.20584e+00
1.41523e+01 -4.25755e-01 1.92914e+00
1.42961e+01 -8.35796e-02 2.91740e+00
1.44464e+01 4.66250e-01 4.43910e+00
1.45410e+01 9.22279e-01 5.05880e+00
1.46403e+01 1.40491e+00 4.40219e+00
1.47346e+01 1.74470e+00 2.73387e+00
1.48172e+01 1.91229e+00 1.40280e+00
1.48997e+01 1.99074e+00 5.80134e-01
1.50085e+01 2.02213e+00 7.64788e-02
1.51173e+01 2.01858e+00 -1.10697e-01
1.52313e+01 2.00123e+00 -1.81767e-01
1.53659e+01 1.97441e+00 -2.11827e-01
1.55254e+01 1.93933e+00 -2.26256e-01
1.57180e+01 1.89469e+00 -2.37105e-01
1.59611e+01 1.83546e+00 -2.50240e-01
1.62803e+01 1.75246e+00 -2.70559e-01
1.65995e+01 1.66213e+00 -2.96627e-01
1.69193e+01 1.56194e+00 -3.31758e-01
1.72645e+01 1.43862e+00 -3.86824e-01
1.76473e+01 1.27289e+00 -4.89294e-01
1.80924e+01 1.00534e+00 -7.57004e-01
1.83796e+01 7.33298e-01 -1.20399e+00
1.85814e+01 4.26564e-01 -1.92698e+00
1.87253e+01 8.46194e-02 -2.91427e+00
1.88756e+01 -4.65127e-01 -4.43658e+00
1.89704e+01 -9.21178e-01 -5.05850e+00
1.90696e+01 -1.40418e+00 -4.40456e+00
1.91638e+01 -1.74358e+00 -2.74146e+00
1.92463e+01 -1.91163e+00 -1.40889e+00
1.93288e+01 -1.99044e+00 -5.83851e-01
1.94382e+01 -2.02214e+00 -7.61745e-02
1.95476e+01 -2.01850e+00 1.11434e-01
1.96617e+01 -2.00108e+00 1.82067e-01
1.97964e+01 -1.97420e+00 2.11957e-01
1.99562e+01 -1.93906e+00 2.26333e-01
2.01489e+01 -1.89435e+00 2.37180e-01
2.03925e+01 -1.83499e+00 2.50348e-01
2.07110e+01 -1.75214e+00 2.70643e-01
2.10295e+01 -1.66199e+00 2.96670e-01
2.13494e+01 -1.56177e+00 3.31823e-01
2.16946e+01 -1.43840e+00 3.86933e-01
2.20775e+01 -1.27259e+00 4.89521e-01
2.25227e+01 -1.00478e+00 7.57726e-01
2.28098e+01 -7.32526e-01 1.20554e+00
2.30113e+01 -4.25888e-01 1.92879e+00
2.31551e+01 -8.37495e-02 2.91689e+00
2.33054e+01 4.66067e-01 4.43869e+00
2.34001e+01 9.22099e-01 5.05875e+00
2.34993e+01 1.40479e+00 4.40258e+00
2.35937e+01 1.74451e+00 2.73512e+00
2.36762e+01 1.91218e+00 1.40381e+00
2.37587e+01 1.99069e+00 5.80747e-01
2.38676e+01 2.02213e+00 7.64371e-02
2.39765e+01 2.01857e+00 -1.10812e-01
2.40906e+01 2.00120e+00 -1.81814e-01
2.42251e+01 1.97438e+00 -2.11847e-01
2.43847e+01 1.93929e+00 -2.26268e-01
2.45773e+01 1.89463e+00 -2.37117e-01
2.48205e+01 1.83539e+00 -2.50257e-01
2.51396e+01 1.75241e+00 -2.70572e-01
2.54587e+01 1.66211e+00 -2.96634e-01
2.57785e+01 1.56192e+00 -3.31768e-01
2.61236e+01 1.43858e+00 -3.86840e-01
2.65065e+01 1.27285e+00 -4.89328e-01
2.69516e+01 1.00526e+00 -7.57110e-01
2.72388e+01 7.33184e-01 -1.20422e+00
2.74406e+01 4.26464e-01 -1.92725e+00
2.75844e+01 8.44915e-02 -2.91465e+00
2.77348e+01 -4.65265e-01 -4.43689e+00
2.78295e+01 -9.21313e-01 -5.05854e+00
2.79288e+01 -1.40427e+00 -4.40427e+00
2.80229e+01 -1.74371e+00 -2.74053e+00
2.81054e+01 -1.91171e+00 -1.40815e+00
2.81879e+01 -1.99047e+00 -5.83398e-01
2.82972e+01 -2.02213e+00 -7.62184e-02
2.84066e+01 -2.01851e+00 1.11340e-01
2.85207e+01 -2.00110e+00 1.82029e-01
2.86554e+01 -1.97423e+00 2.11940e-01
2.88151e+01 -1.93910e+00 2.26323e-01
2.90078e+01 -1.89439e+00 2.37170e-01
2.92514e+01 -1.83505e+00 2.50334e-01
2.95700e+01 -1.75219e+00 2.70632e-01
2.98886e+01 -1.66201e+00 2.96665e-01
3.02084e+01 -1.56180e+00 3.31814e-01
3.05536e+01 -1.43843e+00 3.86918e-01
3.09365e+01 -1.27263e+00 4.89490e-01
3.13817e+01 -1.00486e+00 7.57628e-01
3.16688e+01 -7.32631e-01 1.20533e+00
3.18704e+01 -4.25980e-01 1.92854e+00
3.20142e+01 -8.38683e-02 2.91653e+00
3.21645e+01 4.65938e-01 4.43840e+00
3.22592e+01 9.21973e-01 5.05872e+00
3.23584e+01 1.40471e+00 4.40285e+00
3.24527e+01 1.74438e+00 2.73599e+00
3.25352e+01 1.91210e+00 1.40451e+00
3.26178e+01 1.99065e+00 5.81174e-01
3.27267e+01 2.02213e+00 7.64062e-02
3.28357e+01 2.01856e+00 -1.10894e-01
3.29498e+01 2.00119e+00 -1.81848e-01
3.30844e+01 1.97435e+00 -2.11862e-01
3.32439e+01 1.93926e+00 -2.26277e-01
3.34365e+01 1.89460e+00 -2.37125e-01
3.36798e+01 1.83534e+00 -2.50269e-01
3.39988e+01 1.75238e+00 -2.70581e-01
3.43178e+01 1.66209e+00 -2.96638e-01
3.46377e+01 1.56190e+00 -3.31775e-01
3.49828e+01 1.43856e+00 -3.86851e-01
3.53656e+01 1.27282e+00 -4.89352e-01
3.58108e+01 1.00520e+00 -7.57187e-01
3.60979e+01 7.33102e-01 -1.20439e+00
3.62997e+01 4.26393e-01 -1.92744e+00
3.64435e+01 8.43989e-02 -2.91493e+00
3.65939e+01 -4.65365e-01 -4.43711e+00
3.66886e+01 -9.21411e-01 -5.05857e+00
3.67879e+01 -1.40433e+00 -4.40406e+00
3.68820e+01 -1.74381e+00 -2.73986e+00
3.69646e+01 -1.91177e+00 -1.40761e+00
3.70471e+01 -1.99050e+00 -5.83069e-01
3.71563e+01 -2.02213e+00 -7.62490e-02
3.72656e+01 -2.01852e+00 1.11272e-01
3.73797e+01 -2.00111e+00 1.82001e-01
3.75144e+01 -1.97425e+00 2.11928e-01
3.76741e+01 -1.93912e+00 2.26316e-01
3.78668e+01 -1.89442e+00 2.37163e-01
3.81103e+01 -1.83509e+00 2.50324e-01
3.84290e+01 -1.75222e+00 2.70624e-01
3.87476e+01 -1.66202e+00 2.96660e-01
3.90675e+01 -1.56181e+00 3.31808e-01
3.94126e+01 -1.43845e+00 3.86907e-01
3.97955e+01 -1.27266e+00 4.89468e-01
4.02407e+01 -1.00491e+00 7.57558e-01
4.05278e+01 -7.32706e-01 1.20518e+00
4.07294e+01 -4.26045e-01 1.92837e+00
4.08732e+01 -8.39520e-02 2.91628e+00
4.10235e+01 4.65848e-01 4.43820e+00
4.11182e+01 9.21884e-01 5.05869e+00
4.12175e+01 1.40465e+00 4.40304e+00
4.13118e+01 1.74429e+00 2.73660e+00
4.13943e+01 1.91205e+00 1.40500e+00
4.14768e+01 1.99063e+00 5.81475e-01
4.15858e+01 2.02213e+00 7.63834e-02
4.16948e+01 2.01855e+00 -1.10953e-01
4.18089e+01 2.00118e+00 -1.81871e-01
4.19435e+01 1.97434e+00 -2.11872e-01
4.21031e+01 1.93924e+00 -2.26283e-01
4.22957e+01 1.89457e+00 -2.37131e-01
4.25390e+01 1.83530e+00 -2.50277e-01
4.28580e+01 1.75235e+00 -2.70588e-01
4.31770e+01 1.66208e+00 -2.96642e-01
4.34968e+01 1.56188e+00 -3.31780e-01
4.38419e+01 1.43854e+00 -3.86860e-01
4.42248e+01 1.27279e+00 -4.89369e-01
4.46699e+01 1.00515e+00 -7.57243e-01
4.49571e+01 7.33043e-01 -1.20450e+00
4.51588e+01 4.26341e-01 -1.92758e+00
4.53027e+01 8.43320e-02 -2.91513e+00
4.54530e+01 -4.65438e-01 -4.43727e+00
4.55477e+01 -9.21482e-01 -5.05859e+00
4.56470e+01 -1.40438e+00 -4.40391e+00
4.57412e+01 -1.74388e+00 -2.73938e+00
4.58237e+01 -1.91181e+00 -1.40722e+00
4.59062e+01 -1.99052e+00 -5.82832e-01
4.60154e+01 -2.02213e+00 -7.62705e-02
4.61246e+01 -2.01852e+00 1.11223e-01
4.62388e+01 -2.00112e+00 1.81981e-01
4.63734e+01 -1.97426e+00 2.11920e-01
4.65331e+01 -1.93914e+00 2.26311e-01
4.67258e+01 -1.89445e+00 2.37158e-01
4.69693e+01 -1.83512e+00 2.50317e-01
4.72880e+01 -1.75224e+00 2.70619e-01
4.76067e+01 -1.66203e+00 2.96657e-01
4.79265e+01 -1.56182e+00 3.31804e-01
4.82717e+01 -1.43847e+00 3.86900e-01
4.86546e+01 -1.27268e+00 4.89453e-01
4.90998e+01 -1.00495e+00 7.57509e-01
4.93869e+01 -7.32758e-01 1.20507e+00
4.95885e+01 -4.26091e-01 1.92824e+00
4.97323e+01 -8.40115e-02 2.91610e+00
4.98826e+01 4.65784e-01 4.43805e+00
4.99773e+01 9.21821e-01 5.05868e+00
5.00766e+01 1.40461e+00 4.40318e+00
5.01708e+01 1.74423e+00 2.73704e+00
5.02534e+01 1.91201e+00 1.40535e+00
5.03359e+01 1.99061e+00 5.81688e-01
5.04449e+01 2.02213e+00 7.63668e-02
5.05540e+01 2.01855e+00 -1.10995e-01
5.06681e+01 2.00117e+00 -1.81888e-01
5.08027e+01 1.97433e+00 -2.11879e-01
5.09623e+01 1.93922e+00 -2.26287e-01
5.11549e+01 1.89455e+00 -2.37135e-01
5.13982e+01 1.83527e+00 -2.50283e-01
5.17172e+01 1.75234e+00 -2.70592e-01
5.20361e+01 1.66207e+00 -2.96644e-01
5.23559e+01 1.56188e+00 -3.31783e-01
5.27010e+01 1.43853e+00 -3.86866e-01
5.30839e+01 1.27278e+00 -4.89382e-01
5.35291e+01 1.00512e+00 -7.57283e-01
5.38162e+01 7.33000e-01 -1.20459e+00
5.40179e+01 4.26303e-01 -1.92768e+00
5.41618e+01 8.42837e-02 -2.91528e+00
5.43121e+01 -4.65490e-01 -4.43739e+00
5.44068e+01 -9.21533e-01 -5.05860e+00
5.45061e+01 -1.40441e+00 -4.40380e+00
5.46003e+01 -1.74394e+00 -2.73902e+00
5.46828e+01 -1.91184e+00 -1.40694e+00
5.47653e+01 -1.99053e+00 -5.82660e-01
5.48745e+01 -2.02213e+00 -7.62858e-02
5.49837e+01 -2.01853e+00 1.11188e-01
5.50978e+01 -2.00113e+00 1.81967e-01
5.52325e+01 -1.97427e+00 2.11914e-01
5.53921e+01 -1.93915e+00 2.26307e-01
5.55848e+01 -1.89446e+00 2.37155e-01
5.58283e+01 -1.83515e+00 2.50312e-01
5.61470e+01 -1.75225e+00 2.70615e-01
5.64657e+01 -1.66204e+00 2.96655e-01
5.67856e+01 -1.56183e+00 3.31800e-01
5.71307e+01 -1.43848e+00 3.86895e-01
5.75136e+01 -1.27270e+00 4.89442e-01
5.79588e+01 -1.00498e+00 7.57474e-01
5.82459e+01 -7.32796e-01 1.20500e+00
5.84476e+01 -4.26124e-01 1.92816e+00
5.85914e+01 -8.40538e-02 2.91597e+00
5.87417e+01 4.65738e-01 4.43795e+00
5.88364e+01 9.21776e-01 5.05866e+00
5.89357e+01 1.40458e+00 4.40327e+00
5.90299e+01 1.74418e+00 2.73735e+00
5.91124e+01 1.91199e+00 1.40560e+00
5.91950e+01 1.99060e+00 5.81839e-01
5.93040e+01 2.02213e+00 7.63548e-02
5.94131e+01 2.01855e+00 -1.11024e-01
5.95272e+01 2.00116e+00 -1.81900e-01
5.96618e+01 1.97432e+00 -2.11885e-01
5.98214e+01 1.93921e+00 -2.26290e-01
6.00141e+01 1.89454e+00 -2.37138e-01
6.02574e+01 1.83525e+00 -2.50288e-01
6.05763e+01 1.75232e+00 -2.70596e-01
6.08952e+01 1.66207e+00 -2.96646e-01
6.12150e+01 1.56187e+00 -3.31786e-01
6.15602e+01 1.43852e+00 -3.86870e-01
6.19430e+01 1.27276e+00 -4.89391e-01
6.23882e+01 1.00510e+00 -7.57312e-01
6.26753e+01 7.32969e-01 -1.20465e+00
6.28770e+01 4.26276e-01 -1.92775e+00
6.30209e+01 8.42490e-02 -2.91538e+00
6.31712e+01 -4.65527e-01 -4.43748e+00
6.32659e+01 -9.21570e-01 -5.05861e+00
6.33652e+01 -1.40444e+00 -4.40372e+00
6.34594e+01 -1.74397e+00 -2.73877e+00
6.35419e+01 -1.91187e+00 -1.40674e+00
6.36244e+01 -1.99054e+00 -5.82536e-01
6.37336e+01 -2.02213e+00 -7.62966e-02
6.38428e+01 -2.01853e+00 1.11163e-01
6.39569e+01 -2.00113e+00 1.81957e-01
6.40915e+01 -1.97428e+00 2.11909e-01
6.42512e+01 -1.93916e+00 2.26305e-01
6.44439e+01 -1.89447e+00 2.37152e-01
6.46873e+01 -1.83516e+00 2.50308e-01
6.50061e+01 -1.75226e+00 2.70612e-01
6.53248e+01 -1.66204e+00 2.96654e-01
6.56447e+01 -1.56184e+00 3.31798e-01
6.59898e+01 -1.43848e+00 3.86891e-01
6.63727e+01 -1.27271e+00 4.89434e-01
6.68179e+01 -1.00500e+00 7.57449e-01
6.71050e+01 -7.32823e-01 1.20494e+00
6.73066e+01 -4.26148e-01 1.92809e+00
6.74505e+01 -8.40840e-02 2.91588e+00
6.76008e+01 4.65705e-01 4.43788e+00
6.76955e+01 9.21744e-01 5.05866e+00
6.77948e+01 1.40455e+00 4.40334e+00
6.78890e+01 1.74415e+00 2.73757e+00
6.79715e+01 1.91197e+00 1.40577e+00
6.80541e+01 1.99059e+00 5.81947e-01
6.81631e+01 2.02213e+00 7.63460e-02
6.82722e+01 2.01854e+00 -1.11046e-01
6.83863e+01 2.00116e+00 -1.81909e-01
6.85209e+01 1.97431e+00 -2.11888e-01
6.86806e+01 1.93920e+00 -2.26293e-01
6.88732e+01 1.89453e+00 -2.37140e-01
6.91166e+01 1.83524e+00 -2.50291e-01
6.94354e+01 1.75231e+00 -2.70598e-01
6.97543e+01 1.66206e+00 -2.96647e-01
7.00741e+01 1.56186e+00 -3.31788e-01
7.04193e+01 1.43852e+00 -3.86873e-01
7.08021e+01 1.27276e+00 -4.89397e-01
7.12473e+01 1.00509e+00 -7.57333e-01
7.15344e+01 7.32947e-01 -1.20470e+00
7.17361e+01 4.26256e-01 -1.92780e+00
7.18800e+01 8.42239e-02 -2.91546e+00
7.20303e+01 -4.65554e-01 -4.43754e+00
7.21250e+01 -9.21596e-01 -5.05862e+00
7.22243e+01 -1.40446e+00 -4.40366e+00
7.23185e+01 -1.74400e+00 -2.73859e+00
7.24010e+01 -1.91188e+00 -1.40659e+00
7.24835e+01 -1.99055e+00 -5.82447e-01
7.25927e+01 -2.02213e+00 -7.63043e-02
7.27018e+01 -2.01853e+00 1.11145e-01
7.28160e+01 -2.00114e+00 1.81950e-01
7.29506e+01 -1.97428e+00 2.11906e-01
7.31103e+01 -1.93917e+00 2.26303e-01
7.33029e+01 -1.89448e+00 2.37151e-01
7.35464e+01 -1.83517e+00 2.50306e-01
7.38651e+01 -1.75227e+00 2.70610e-01
7.41839e+01 -1.66205e+00 2.96653e-01
7.45038e+01 -1.56184e+00 3.31797e-01
7.48489e+01 -1.43849e+00 3.86888e-01
7.52318e+01 -1.27271e+00 4.89428e-01
7.56770e+01 -1.00501e+00 7.57431e-01
7.59641e+01 -7.32842e-01 1.20491e+00
7.61657e+01 -4.26164e-01 1.92805e+00
7.63096e+01 -8.41056e-02 2.91581e+00
7.64599e+01 4.65682e-01 4.43782e+00
7.65546e+01 9.21722e-01 5.05865e+00
7.66539e+01 1.40454e+00 4.40339e+00
7.67481e+01 1.74413e+00 2.73773e+00
7.68306e+01 1.91196e+00 1.40590e+00
7.69131e+01 1.99059e+00 5.82024e-01
7.70222e+01 2.02213e+00 7.63397e-02
7.71313e+01 2.01854e+00 -1.11061e-01
7.72454e+01 2.00115e+00 -1.81915e-01
7.73801e+01 1.97431e+00 -2.11891e-01
7.75397e+01 1.93920e+00 -2.26294e-01
7.77323e+01 1.89452e+00 -2.37142e-01
7.79757e+01 1.83523e+00 -2.50293e-01
7.82946e+01 1.75231e+00 -2.70600e-01
7.86134e+01 1.66206e+00 -2.96648e-01
7.89332e+01 1.56186e+00 -3.31789e-01
7.92784e+01 1.43851e+00 -3.86876e-01
7.96613e+01 1.27275e+00 -4.89402e-01
8.01064e+01 1.00507e+00 -7.57348e-01
8.03935e+01 7.32931e-01 -1.20473e+00
8.05952e+01 4.26242e-01 -1.92784e+00
8.07391e+01 8.42059e-02 -2.91551e+00
8.08894e+01 -4.65574e-01 -4.43758e+00
8.09841e+01 -9.21615e-01 -5.05862e+00
8.10834e+01 -1.40447e+00 -4.40362e+00
8.11776e+01 -1.74402e+00 -2.73846e+00
8.12601e+01 -1.91189e+00 -1.40649e+00
8.13426e+01 -1.99056e+00 -5.82382e-01
8.14518e+01 -2.02213e+00 -7.63098e-02
8.15609e+01 -2.01853e+00 1.11133e-01
8.16750e+01 -2.00114e+00 1.81944e-01
8.18097e+01 -1.97429e+00 2.11904e-01
8.19693e+01 -1.93917e+00 2.26302e-01
8.21620e+01 -1.89449e+00 2.37149e-01
8.24054e+01 -1.83518e+00 2.50304e-01
8.27242e+01 -1.75228e+00 2.70608e-01
8.30430e+01 -1.66205e+00 2.96652e-01
8.33628e+01 -1.56184e+00 3.31795e-01
8.37080e+01 -1.43849e+00 3.86886e-01
8.40909e+01 -1.27272e+00 4.89424e-01
8.45360e+01 -1.00502e+00 7.57418e-01
8.48232e+01 -7.32856e-01 1.20488e+00
8.50248e+01 -4.26176e-01 1.92802e+00
8.51687e+01 -8.41210e-02 2.91577e+00
8.53190e+01 4.65665e-01 4.43779e+00
8.54137e+01 9.21705e-01 5.05865e+00
8.55129e+01 1.40453e+00 4.40343e+00
8.56072e+01 1.74411e+00 2.73784e+00
8.56897e+01 1.91195e+00 1.40599e+00
8.57722e+01 1.99058e+00 5.82079e-01
8.58813e+01 2.02213e+00 7.63352e-02
8.59904e+01 2.01854e+00 -1.11072e-01
8.61045e+01 2.00115e+00 -1.81920e-01
8.62392e+01 1.97430e+00 -2.11893e-01
8.63988e+01 1.93919e+00 -2.26295e-01
8.65914e+01 1.89452e+00 -2.37143e-01
8.68348e+01 1.83522e+00 -2.50295e-01
8.71537e+01 1.75230e+00 -2.70601e-01
8.74725e+01 1.66206e+00 -2.96648e-01
8.77924e+01 1.56186e+00 -3.31790e-01
8.81375e+01 1.43851e+00 -3.86877e-01
8.85204e+01 1.27274e+00 -4.89405e-01
8.89655e+01 1.00507e+00 -7.57358e-01
8.92526e+01 7.32919e-01 -1.20475e+00
8.94543e+01 4.26232e-01 -1.92787e+00
8.95982e+01 8.41930e-02 -2.91555e+00
8.97485e+01 -4.65588e-01 -4.43761e+00
8.98432e+01 -9.21629e-01 -5.05863e+00
8.99425e+01 -1.40448e+00 -4.40359e+00
9.00367e+01 -1.74403e+00 -2.73836e+00
9.01192e+01 -1.91190e+00 -1.40641e+00
9.02017e+01 -1.99056e+00 -5.82336e-01
9.03109e+01 -2.02213e+00 -7.63137e-02
9.04200e+01 -2.01854e+00 1.11123e-01
9.05341e+01 -2.00114e+00 1.81941e-01
9.06688e+01 -1.97429e+00 2.11902e-01
9.08284e+01 -1.93917e+00 2.26301e-01
9.10211e+01 -1.89449e+00 2.37148e-01
9.12645e+01 -1.83519e+00 2.50302e-01
9.15833e+01 -1.75228e+00 2.70607e-01
9.19021e+01 -1.66205e+00 2.96651e-01
9.22219e+01 -1.56185e+00 3.31795e-01
9.25671e+01 -1.43850e+00 3.86885e-01
9.29499e+01 -1.27272e+00 4.89421e-01
9.33951e+01 -1.00503e+00 7.57409e-01
9.36822e+01 -7.32865e-01 1.20486e+00
9.38839e+01 -4.26185e-01 1.92799e+00
9.40277e+01 -8.41321e-02 2.91574e+00
9.41781e+01 4.65654e-01 4.43776e+00
9.42728e+01 9.21693e-01 5.05864e+00
9.43720e+01 1.40452e+00 4.40345e+00
9.44663e+01 1.74410e+00 2.73792e+00
9.45488e+01 1.91194e+00 1.40605e+00
9.46313e+01 1.99058e+00 5.82119e-01
9.47404e+01 2.02213e+00 7.63319e-02
9.48495e+01 2.01854e+00 -1.11080e-01
9.49636e+01 2.00115e+00 -1.81923e-01
9.50983e+01 1.97430e+00 -2.11894e-01
9.52579e+01 1.93919e+00 -2.26296e-01
9.54506e+01 1.89451e+00 -2.37144e-01
9.56939e+01 1.83522e+00 -2.50296e-01
9.60128e+01 1.75230e+00 -2.70602e-01
9.63316e+01 1.66206e+00 -2.96649e-01
9.66515e+01 1.56186e+00 -3.31791e-01
9.69966e+01 1.43851e+00 -3.86878e-01
9.73795e+01 1.27274e+00 -4.89408e-01
9.78246e+01 1.00506e+00 -7.57366e-01
9.81117e+01 7.32911e-01 -1.20477e+00
9.83134e+01 4.26225e-01 -1.92789e+00
9.84573e+01 8.41837e-02 -2.91558e+00
9.86076e+01 -4.65598e-01 -4.43763e+00
9.87023e+01 -9.21639e-01 -5.05863e+00
9.88016e+01 -1.40448e+00 -4.40357e+00
9.88958e+01 -1.74404e+00 -2.73830e+00
9.89783e+01 -1.91191e+00 -1.40636e+00
9.90608e+01 -1.99056e+00 -5.82303e-01
9.91700e+01 -2.02213e+00 -7.63165e-02
9.92791e+01 -2.01854e+00 1.11117e-01
9.93932e+01 -2.00114e+00 1.81938e-01
9.95279e+01 -1.97429e+00 2.11901e-01
9.96875e+01 -1.93918e+00 2.26300e-01
9.98802e+01 -1.89449e+00 2.37148e-01
1.00000e+02 -1.86570e+00 2.43475e-01
