1.00000e-06 1.00000e+00 -1.00000e-06
6.00000e-06 1.00000e+00 -6.00000e-06
3.10000e-05 1.00000e+00 -3.10000e-05
1.56000e-04 1.00000e+00 -1.56000e-04
7.81000e-04 1.00000e+00 -7.81000e-04
3.90600e-03 9.99992e-01 -3.90599e-03
1.95310e-02 9.99809e-01 -1.95299e-02
9.76560e-02 9.95234e-01 -9.75916e-02
4.33896e-01 9.04287e-01 -4.55664e-01
6.93110e-01 7.36112e-01 -8.89232e-01
9.15711e-01 4.58690e-01 -1.73217e+00
1.03613e+00 1.97471e-01 -2.69931e+00
1.14209e+00 -1.58185e-01 -4.10978e+00
1.24817e+00 -6.84721e-01 -5.75004e+00
1.32064e+00 -1.11811e+00 -5.98264e+00
1.39348e+00 -1.51562e+00 -4.69791e+00
1.46632e+00 -1.78520e+00 -2.71141e+00
1.53917e+00 -1.92380e+00 -1.22253e+00
1.61201e+00 -1.98077e+00 -4.39184e-01
1.68702e+00 -1.99837e+00 -8.14885e-02
1.76657e+00 -1.99784e+00 7.11148e-02
1.85750e+00 -1.98796e+00 1.34959e-01
1.96298e+00 -1.97219e+00 1.59562e-01
2.08619e+00 -1.95183e+00 1.69299e-01
2.23216e+00 -1.92669e+00 1.74748e-01
2.40964e+00 -1.89521e+00 1.79979e-01
2.64156e+00 -1.85266e+00 1.87092e-01
2.89892e+00 -1.80338e+00 1.96036e-01
3.15629e+00 -1.75163e+00 2.06441e-01
3.41991e+00 -1.69559e+00 2.19077e-01
3.69393e+00 -1.63344e+00 2.35070e-01
3.98061e+00 -1.56315e+00 2.56212e-01
4.28336e+00 -1.48132e+00 2.85956e-01
4.60774e+00 -1.38162e+00 3.31968e-01
4.96404e+00 -1.24989e+00 4.15623e-01
5.37236e+00 -1.04432e+00 6.24232e-01
5.63284e+00 -8.44746e-01 9.55554e-01
5.85582e+00 -5.64581e-01 1.67246e+00
5.98549e+00 -2.93705e-01 2.60674e+00
6.09077e+00 4.56555e-02 3.94457e+00
6.19760e+00 5.63336e-01 5.74626e+00
6.26801e+00 9.95497e-01 6.34325e+00
6.34071e+00 1.43283e+00 5.39718e+00
6.41347e+00 1.75178e+00 3.31068e+00
6.47633e+00 1.90731e+00 1.73363e+00
6.53920e+00 1.98292e+00 7.69000e-01
6.61781e+00 2.01750e+00 1.96350e-01
6.69642e+00 2.02276e+00 -2.72874e-02
6.78024e+00 2.01615e+00 -1.15338e-01
6.87724e+00 2.00297e+00 -1.50066e-01
6.99001e+00 1.98518e+00 -1.63131e-01
7.12255e+00 1.96312e+00 -1.69096e-01
7.28153e+00 1.93586e+00 -1.73679e-01
7.47989e+00 1.90087e+00 -1.79131e-01
7.72657e+00 1.85578e+00 -1.86558e-01
7.97506e+00 1.80839e+00 -1.95086e-01
8.22913e+00 1.75758e+00 -2.05186e-01
8.49173e+00 1.70212e+00 -2.17522e-01
8.76449e+00 1.64074e+00 -2.33069e-01
9.04962e+00 1.57150e+00 -2.53508e-01
9.35034e+00 1.49120e+00 -2.82026e-01
9.67191e+00 1.39397e+00 -3.25573e-01
1.00239e+01 1.26705e+00 -4.02918e-01
1.04253e+01 1.07388e+00 -5.86888e-01
1.07063e+01 8.71031e-01 -9.03526e-01
1.09255e+01 6.15715e-01 -1.52026e+00
1.10668e+01 3.45001e-01 -2.41599e+00
1.11747e+01 2.24259e-02 -3.67258e+00
1.12855e+01 -4.85204e-01 -5.52706e+00
1.13577e+01 -9.18719e-01 -6.32921e+00
1.14328e+01 -1.37968e+00 -5.61861e+00
1.15003e+01 -1.69916e+00 -3.75260e+00
1.15678e+01 -1.88843e+00 -1.94962e+00
1.16353e+01 -1.97843e+00 -8.32707e-01
1.17095e+01 -2.01530e+00 -2.43558e-01
1.17837e+01 -2.02296e+00 6.48207e-04
1.18656e+01 -2.01796e+00 1.04409e-01
1.19600e+01 -2.00579e+00 1.45937e-01
1.20696e+01 -1.98878e+00 1.61524e-01
1.21981e+01 -1.96754e+00 1.68198e-01
1.23515e+01 -1.94137e+00 1.72814e-01
1.25409e+01 -1.90815e+00 1.77984e-01
1.27885e+01 -1.86319e+00 1.85295e-01
1.30373e+01 -1.81608e+00 1.93648e-01
1.32901e+01 -1.76591e+00 2.03457e-01
1.35513e+01 -1.71126e+00 2.15385e-01
1.38223e+01 -1.65093e+00 2.30336e-01
1.41053e+01 -1.58310e+00 2.49842e-01
1.44033e+01 -1.50484e+00 2.76760e-01
1.47211e+01 -1.41088e+00 3.17162e-01
1.50673e+01 -1.29009e+00 3.86778e-01
1.54592e+01 -1.11217e+00 5.42513e-01
1.57744e+01 -9.00476e-01 8.48360e-01
1.59942e+01 -6.63702e-01 1.38574e+00
1.61496e+01 -3.89359e-01 2.25553e+00
1.62598e+01 -8.15683e-02 3.43585e+00
1.63617e+01 3.49189e-01 5.08920e+00
1.64420e+01 8.08903e-01 6.23324e+00
1.65234e+01 1.31540e+00 5.84356e+00
1.65861e+01 1.63511e+00 4.23525e+00
1.66487e+01 1.84274e+00 2.44184e+00
1.67114e+01 1.95281e+00 1.17662e+00
1.67807e+01 2.00521e+00 4.27840e-01
1.68530e+01 2.02176e+00 8.00798e-02
1.69305e+01 2.02123e+00 -7.01254e-02
1.70191e+01 2.01176e+00 -1.32663e-01
1.71217e+01 1.99668e+00 -1.56532e-01
1.72414e+01 1.97730e+00 -1.65808e-01
1.73831e+01 1.95343e+00 -1.70847e-01
1.75549e+01 1.92367e+00 -1.75570e-01
1.77769e+01 1.88399e+00 -1.81841e-01
1.80317e+01 1.83666e+00 -1.89904e-01
1.82865e+01 1.78712e+00 -1.99185e-01
1.85439e+01 1.73448e+00 -2.10146e-01
1.88106e+01 1.67667e+00 -2.23707e-01
1.90884e+01 1.61222e+00 -2.41082e-01
1.93797e+01 1.53874e+00 -2.64449e-01
1.96885e+01 1.45216e+00 -2.98170e-01
2.00215e+01 1.34450e+00 -3.52536e-01
2.03916e+01 1.19651e+00 -4.59250e-01
2.08182e+01 9.47269e-01 -7.67355e-01
2.10370e+01 7.39379e-01 -1.19075e+00
2.12286e+01 4.38732e-01 -2.08249e+00
2.13412e+01 1.48557e-01 -3.16920e+00
2.14425e+01 -2.46668e-01 -4.72208e+00
2.15311e+01 -7.31254e-01 -6.11667e+00
2.16020e+01 -1.17598e+00 -6.18101e+00
2.16644e+01 -1.52778e+00 -4.91715e+00
2.17268e+01 -1.77752e+00 -3.07871e+00
2.17977e+01 -1.93272e+00 -1.42956e+00
2.18686e+01 -1.99855e+00 -5.35659e-01
2.19420e+01 -2.02048e+00 -1.21463e-01
2.20180e+01 -2.02210e+00 5.22185e-02
2.21045e+01 -2.01387e+00 1.25540e-01
2.22045e+01 -1.99963e+00 1.53879e-01
2.23210e+01 -1.98097e+00 1.64675e-01
2.24583e+01 -1.95795e+00 1.70058e-01
2.26240e+01 -1.92938e+00 1.74686e-01
2.28341e+01 -1.89207e+00 1.80534e-01
2.30966e+01 -1.84364e+00 1.88668e-01
2.33591e+01 -1.79292e+00 1.98051e-01
2.36216e+01 -1.73953e+00 2.09040e-01
2.38872e+01 -1.68228e+00 2.22312e-01
2.41639e+01 -1.61853e+00 2.39262e-01
2.44538e+01 -1.54602e+00 2.61939e-01
2.47608e+01 -1.46090e+00 2.94408e-01
2.50911e+01 -1.35574e+00 3.46086e-01
2.54569e+01 -1.21299e+00 4.45093e-01
2.58787e+01 -9.77913e-01 7.18628e-01
2.61080e+01 -7.74728e-01 1.10709e+00
2.63127e+01 -4.74331e-01 1.96175e+00
2.64281e+01 -1.94401e-01 2.98869e+00
2.65300e+01 1.81062e-01 4.47480e+00
2.66319e+01 7.25254e-01 6.10611e+00
2.67031e+01 1.17165e+00 6.18837e+00
2.67655e+01 1.52469e+00 4.93457e+00
2.68281e+01 1.77594e+00 3.09326e+00
2.68997e+01 1.93300e+00 1.42616e+00
2.69713e+01 1.99903e+00 5.28128e-01
2.70447e+01 2.02059e+00 1.18270e-01
2.71208e+01 2.02205e+00 -5.36048e-02
2.72074e+01 2.01372e+00 -1.26095e-01
2.73076e+01 1.99942e+00 -1.54086e-01
2.74243e+01 1.98071e+00 -1.64761e-01
2.75620e+01 1.95763e+00 -1.70116e-01
2.77281e+01 1.92897e+00 -1.74748e-01
2.79389e+01 1.89152e+00 -1.80624e-01
2.82007e+01 1.84321e+00 -1.88745e-01
2.84624e+01 1.79262e+00 -1.98109e-01
2.87241e+01 1.73938e+00 -2.09073e-01
2.89898e+01 1.68211e+00 -2.22355e-01
2.92664e+01 1.61833e+00 -2.39318e-01
2.95564e+01 1.54580e+00 -2.62016e-01
2.98635e+01 1.46063e+00 -2.94522e-01
3.01939e+01 1.35540e+00 -3.46281e-01
3.05598e+01 1.21248e+00 -4.45514e-01
3.09817e+01 9.76988e-01 -7.20050e-01
3.12107e+01 7.73723e-01 -1.10940e+00
3.14150e+01 4.73341e-01 -1.96506e+00
3.15303e+01 1.93119e-01 -2.99371e+00
3.16322e+01 -1.82860e-01 -4.48168e+00
3.17341e+01 -7.27540e-01 -6.11016e+00
3.18053e+01 -1.17449e+00 -6.18357e+00
3.18677e+01 -1.52659e+00 -4.92388e+00
3.19301e+01 -1.77690e+00 -3.08448e+00
3.20013e+01 -1.93281e+00 -1.42846e+00
3.20725e+01 -1.99873e+00 -5.32900e-01
3.21459e+01 -2.02052e+00 -1.20288e-01
3.22219e+01 -2.02208e+00 5.27286e-02
3.23084e+01 -2.01382e+00 1.25744e-01
3.24085e+01 -1.99956e+00 1.53955e-01
3.25251e+01 -1.98088e+00 1.64707e-01
3.26625e+01 -1.95783e+00 1.70079e-01
3.28284e+01 -1.92923e+00 1.74709e-01
3.30387e+01 -1.89187e+00 1.80567e-01
3.33009e+01 -1.84348e+00 1.88696e-01
3.35631e+01 -1.79281e+00 1.98072e-01
3.38253e+01 -1.73948e+00 2.09051e-01
3.40910e+01 -1.68222e+00 2.22327e-01
3.43677e+01 -1.61846e+00 2.39281e-01
3.46576e+01 -1.54594e+00 2.61965e-01
3.49646e+01 -1.46081e+00 2.94447e-01
3.52950e+01 -1.35562e+00 3.46152e-01
3.56608e+01 -1.21281e+00 4.45237e-01
3.60826e+01 -9.77598e-01 7.19113e-01
3.63118e+01 -7.74386e-01 1.10788e+00
3.65164e+01 -4.73994e-01 1.96288e+00
3.66318e+01 -1.93965e-01 2.99040e+00
3.67337e+01 1.81674e-01 4.47714e+00
3.68356e+01 7.26032e-01 6.10749e+00
3.69067e+01 1.17261e+00 6.18675e+00
3.69692e+01 1.52533e+00 4.93095e+00
3.70317e+01 1.77627e+00 3.09029e+00
3.71032e+01 1.93293e+00 1.42699e+00
3.71746e+01 1.99892e+00 5.29794e-01
3.72480e+01 2.02057e+00 1.18973e-01
3.73241e+01 2.02206e+00 -5.32994e-02
3.74107e+01 2.01375e+00 -1.25973e-01
3.75108e+01 1.99947e+00 -1.54040e-01
3.76275e+01 1.98077e+00 -1.64742e-01
3.77651e+01 1.95770e+00 -1.70103e-01
3.79311e+01 1.92906e+00 -1.74734e-01
3.81418e+01 1.89164e+00 -1.80604e-01
3.84037e+01 1.84330e+00 -1.88728e-01
3.86655e+01 1.79269e+00 -1.98096e-01
3.89274e+01 1.73941e+00 -2.09065e-01
3.91931e+01 1.68215e+00 -2.22345e-01
3.94698e+01 1.61838e+00 -2.39305e-01
3.97597e+01 1.54585e+00 -2.61997e-01
4.00668e+01 1.46070e+00 -2.94495e-01
4.03972e+01 1.35548e+00 -3.46234e-01
4.07631e+01 1.21260e+00 -4.45413e-01
4.11849e+01 9.77211e-01 -7.19708e-01
4.14140e+01 7.73964e-01 -1.10885e+00
4.16184e+01 4.73579e-01 -1.96426e+00
4.17337e+01 1.93428e-01 -2.99250e+00
4.18356e+01 -1.82427e-01 -4.48003e+00
4.19375e+01 -7.26990e-01 -6.10919e+00
4.20087e+01 -1.17380e+00 -6.18473e+00
4.20711e+01 -1.52613e+00 -4.92647e+00
4.21336e+01 -1.77667e+00 -3.08661e+00
4.22049e+01 -1.93286e+00 -1.42795e+00
4.22761e+01 -1.99880e+00 -5.31785e-01
4.23495e+01 -2.02054e+00 -1.19816e-01
4.24256e+01 -2.02207e+00 5.29337e-02
4.25121e+01 -2.01379e+00 1.25826e-01
4.26122e+01 -1.99952e+00 1.53985e-01
4.27288e+01 -1.98084e+00 1.64719e-01
4.28663e+01 -1.95778e+00 1.70088e-01
4.30323e+01 -1.92917e+00 1.74718e-01
4.32427e+01 -1.89179e+00 1.80580e-01
4.35048e+01 -1.84342e+00 1.88707e-01
4.37669e+01 -1.79277e+00 1.98080e-01
4.40290e+01 -1.73945e+00 2.09056e-01
4.42947e+01 -1.68220e+00 2.22333e-01
4.45713e+01 -1.61843e+00 2.39289e-01
4.48613e+01 -1.54591e+00 2.61976e-01
4.51683e+01 -1.46077e+00 2.94463e-01
4.54987e+01 -1.35557e+00 3.46181e-01
4.58645e+01 -1.21274e+00 4.45298e-01
4.62863e+01 -9.77463e-01 7.19320e-01
4.65155e+01 -7.74239e-01 1.10822e+00
4.67200e+01 -4.73849e-01 1.96336e+00
4.68354e+01 -1.93778e-01 2.99113e+00
4.69373e+01 1.81936e-01 4.47815e+00
4.70392e+01 7.26366e-01 6.10808e+00
4.71103e+01 1.17303e+00 6.18605e+00
4.71728e+01 1.52561e+00 4.92939e+00
4.72353e+01 1.77641e+00 3.08901e+00
4.73067e+01 1.93291e+00 1.42734e+00
4.73781e+01 1.99888e+00 5.30495e-01
4.74515e+01 2.02056e+00 1.19270e-01
4.75276e+01 2.02206e+00 -5.31708e-02
4.76141e+01 2.01377e+00 -1.25921e-01
4.77142e+01 1.99949e+00 -1.54021e-01
4.78309e+01 1.98079e+00 -1.64734e-01
4.79684e+01 1.95773e+00 -1.70098e-01
4.81344e+01 1.92910e+00 -1.74729e-01
4.83450e+01 1.89169e+00 -1.80595e-01
4.86070e+01 1.84334e+00 -1.88720e-01
4.88689e+01 1.79271e+00 -1.98090e-01
4.91309e+01 1.73943e+00 -2.09062e-01
4.93966e+01 1.68217e+00 -2.22341e-01
4.96732e+01 1.61840e+00 -2.39299e-01
4.99632e+01 1.54587e+00 -2.61990e-01
5.02702e+01 1.46073e+00 -2.94484e-01
5.06006e+01 1.35551e+00 -3.46215e-01
5.09665e+01 1.21265e+00 -4.45372e-01
5.13883e+01 9.77301e-01 -7.19569e-01
5.16174e+01 7.74063e-01 -1.10862e+00
5.18218e+01 4.73676e-01 -1.96394e+00
5.19372e+01 1.93553e-01 -2.99201e+00
5.20391e+01 -1.82251e-01 -4.47935e+00
5.21410e+01 -7.26766e-01 -6.10879e+00
5.22122e+01 -1.17352e+00 -6.18521e+00
5.22746e+01 -1.52595e+00 -4.92752e+00
5.23371e+01 -1.77657e+00 -3.08747e+00
5.24084e+01 -1.93287e+00 -1.42773e+00
5.24797e+01 -1.99883e+00 -5.31326e-01
5.25531e+01 -2.02055e+00 -1.19621e-01
5.26292e+01 -2.02207e+00 5.30182e-02
5.27157e+01 -2.01378e+00 1.25860e-01
5.28158e+01 -1.99951e+00 1.53998e-01
5.29324e+01 -1.98082e+00 1.64725e-01
5.30700e+01 -1.95776e+00 1.70091e-01
5.32359e+01 -1.92915e+00 1.74722e-01
5.34464e+01 -1.89175e+00 1.80585e-01
5.37085e+01 -1.84339e+00 1.88712e-01
5.39705e+01 -1.79275e+00 1.98084e-01
5.42325e+01 -1.73945e+00 2.09058e-01
5.44982e+01 -1.68219e+00 2.22336e-01
5.47749e+01 -1.61842e+00 2.39293e-01
5.50648e+01 -1.54590e+00 2.61981e-01
5.53718e+01 -1.46076e+00 2.94471e-01
5.57023e+01 -1.35555e+00 3.46193e-01
5.60681e+01 -1.21271e+00 4.45324e-01
5.64899e+01 -9.77406e-01 7.19408e-01
5.67191e+01 -7.74177e-01 1.10836e+00
5.69235e+01 -4.73788e-01 1.96356e+00
5.70389e+01 -1.93699e-01 2.99144e+00
5.71408e+01 1.82047e-01 4.47857e+00
5.72427e+01 7.26506e-01 6.10833e+00
5.73139e+01 1.17320e+00 6.18575e+00
5.73763e+01 1.52573e+00 4.92874e+00
5.74388e+01 1.77646e+00 3.08847e+00
5.75102e+01 1.93289e+00 1.42748e+00
5.75815e+01 1.99886e+00 5.30789e-01
5.76549e+01 2.02056e+00 1.19394e-01
5.77310e+01 2.02206e+00 -5.31169e-02
5.78176e+01 2.01377e+00 -1.25900e-01
5.79177e+01 1.99950e+00 -1.54013e-01
5.80343e+01 1.98080e+00 -1.64731e-01
5.81719e+01 1.95774e+00 -1.70096e-01
5.83378e+01 1.92912e+00 -1.74726e-01
5.85484e+01 1.89171e+00 -1.80592e-01
5.88104e+01 1.84336e+00 -1.88717e-01
5.90724e+01 1.79273e+00 -1.98088e-01
5.93344e+01 1.73943e+00 -2.09061e-01
5.96001e+01 1.68218e+00 -2.22339e-01
5.98767e+01 1.61841e+00 -2.39297e-01
6.01667e+01 1.54588e+00 -2.61987e-01
6.04737e+01 1.46074e+00 -2.94479e-01
6.08041e+01 1.35553e+00 -3.46207e-01
6.11700e+01 1.21267e+00 -4.45355e-01
6.15918e+01 9.77338e-01 -7.19512e-01
6.18209e+01 7.74103e-01 -1.10853e+00
6.20253e+01 4.73716e-01 -1.96381e+00
6.21407e+01 1.93605e-01 -2.99181e+00
6.22426e+01 -1.82178e-01 -4.47907e+00
6.23445e+01 -7.26674e-01 -6.10863e+00
6.24157e+01 -1.17341e+00 -6.18540e+00
6.24781e+01 -1.52587e+00 -4.92795e+00
6.25406e+01 -1.77653e+00 -3.08783e+00
6.26119e+01 -1.93288e+00 -1.42764e+00
6.26833e+01 -1.99884e+00 -5.31135e-01
6.27567e+01 -2.02055e+00 -1.19541e-01
6.28328e+01 -2.02207e+00 5.30532e-02
6.29193e+01 -2.01378e+00 1.25874e-01
6.30194e+01 -1.99951e+00 1.54003e-01
6.31360e+01 -1.98082e+00 1.64727e-01
6.32735e+01 -1.95776e+00 1.70093e-01
6.34395e+01 -1.92914e+00 1.74723e-01
6.36500e+01 -1.89174e+00 1.80588e-01
6.39121e+01 -1.84338e+00 1.88714e-01
6.41741e+01 -1.79274e+00 1.98085e-01
6.44361e+01 -1.73944e+00 2.09059e-01
6.47018e+01 -1.68218e+00 2.22337e-01
6.49784e+01 -1.61842e+00 2.39294e-01
6.52684e+01 -1.54589e+00 2.61983e-01
6.55754e+01 -1.46075e+00 2.94473e-01
6.59058e+01 -1.35554e+00 3.46198e-01
6.62717e+01 -1.21270e+00 4.45335e-01
6.66935e+01 -9.77382e-01 7.19444e-01
6.69226e+01 -7.74151e-01 1.10842e+00
6.71271e+01 -4.73763e-01 1.96365e+00
6.72424e+01 -1.93666e-01 2.99157e+00
6.73443e+01 1.82093e-01 4.47875e+00
6.74462e+01 7.26565e-01 6.10844e+00
6.75174e+01 1.17327e+00 6.18563e+00
6.75798e+01 1.52578e+00 4.92846e+00
6.76423e+01 1.77649e+00 3.08824e+00
6.77137e+01 1.93289e+00 1.42754e+00
6.77851e+01 1.99885e+00 5.30911e-01
6.78585e+01 2.02055e+00 1.19446e-01
6.79345e+01 2.02207e+00 -5.30943e-02
6.80211e+01 2.01378e+00 -1.25891e-01
6.81212e+01 1.99950e+00 -1.54009e-01
6.82378e+01 1.98081e+00 -1.64729e-01
6.83754e+01 1.95775e+00 -1.70095e-01
6.85413e+01 1.92912e+00 -1.74725e-01
6.87519e+01 1.89172e+00 -1.80590e-01
6.90139e+01 1.84337e+00 -1.88716e-01
6.92759e+01 1.79273e+00 -1.98087e-01
6.95379e+01 1.73944e+00 -2.09060e-01
6.98036e+01 1.68218e+00 -2.22338e-01
7.00802e+01 1.61841e+00 -2.39296e-01
7.03702e+01 1.54588e+00 -2.61985e-01
7.06772e+01 1.46074e+00 -2.94477e-01
7.10076e+01 1.35553e+00 -3.46204e-01
7.13735e+01 1.21268e+00 -4.45348e-01
7.17953e+01 9.77354e-01 -7.19488e-01
7.20244e+01 7.74120e-01 -1.10849e+00
7.22289e+01 4.73733e-01 -1.96375e+00
7.23442e+01 1.93626e-01 -2.99172e+00
7.24461e+01 -1.82148e-01 -4.47896e+00
7.25480e+01 -7.26635e-01 -6.10856e+00
7.26192e+01 -1.17336e+00 -6.18548e+00
7.26816e+01 -1.52584e+00 -4.92813e+00
7.27441e+01 -1.77652e+00 -3.08797e+00
7.28155e+01 -1.93288e+00 -1.42760e+00
7.28868e+01 -1.99884e+00 -5.31056e-01
7.29602e+01 -2.02055e+00 -1.19507e-01
7.30363e+01 -2.02207e+00 5.30678e-02
7.31228e+01 -2.01378e+00 1.25880e-01
7.32229e+01 -1.99950e+00 1.54006e-01
7.33395e+01 -1.98081e+00 1.64728e-01
7.34771e+01 -1.95775e+00 1.70093e-01
7.36430e+01 -1.92913e+00 1.74724e-01
7.38536e+01 -1.89173e+00 1.80589e-01
7.41156e+01 -1.84338e+00 1.88715e-01
7.43776e+01 -1.79274e+00 1.98086e-01
7.46396e+01 -1.73944e+00 2.09059e-01
7.49053e+01 -1.68218e+00 2.22338e-01
7.51820e+01 -1.61841e+00 2.39295e-01
7.54719e+01 -1.54589e+00 2.61984e-01
7.57789e+01 -1.46075e+00 2.94475e-01
7.61093e+01 -1.35554e+00 3.46200e-01
7.64752e+01 -1.21269e+00 4.45340e-01
7.68970e+01 -9.77372e-01 7.19460e-01
7.71262e+01 -7.74140e-01 1.10844e+00
7.73306e+01 -4.73752e-01 1.96368e+00
7.74460e+01 -1.93652e-01 2.99162e+00
7.75479e+01 1.82113e-01 4.47882e+00
7.76498e+01 7.26590e-01 6.10848e+00
7.77210e+01 1.17331e+00 6.18558e+00
7.77834e+01 1.52580e+00 4.92834e+00
7.78459e+01 1.77650e+00 3.08815e+00
7.79172e+01 1.93289e+00 1.42756e+00
7.79886e+01 1.99885e+00 5.30962e-01
7.80620e+01 2.02055e+00 1.19467e-01
7.81381e+01 2.02207e+00 -5.30849e-02
7.82246e+01 2.01378e+00 -1.25887e-01
7.83247e+01 1.99950e+00 -1.54008e-01
7.84413e+01 1.98081e+00 -1.64729e-01
7.85789e+01 1.95775e+00 -1.70094e-01
7.87448e+01 1.92913e+00 -1.74725e-01
7.89554e+01 1.89173e+00 -1.80590e-01
7.92174e+01 1.84337e+00 -1.88716e-01
7.94794e+01 1.79273e+00 -1.98087e-01
7.97414e+01 1.73944e+00 -2.09060e-01
8.00071e+01 1.68218e+00 -2.22338e-01
8.02837e+01 1.61841e+00 -2.39296e-01
8.05737e+01 1.54589e+00 -2.61985e-01
8.08807e+01 1.46074e+00 -2.94476e-01
8.12111e+01 1.35553e+00 -3.46202e-01
8.15770e+01 1.21269e+00 -4.45345e-01
8.19988e+01 9.77360e-01 -7.19478e-01
8.22279e+01 7.74127e-01 -1.10847e+00
8.24324e+01 4.73739e-01 -1.96373e+00
8.25477e+01 1.93635e-01 -2.99169e+00
8.26496e+01 -1.82136e-01 -4.47891e+00
8.27515e+01 -7.26619e-01 -6.10853e+00
8.28227e+01 -1.17334e+00 -6.18552e+00
8.28851e+01 -1.52582e+00 -4.92821e+00
8.29476e+01 -1.77651e+00 -3.08804e+00
8.30190e+01 -1.93288e+00 -1.42759e+00
8.30903e+01 -1.99885e+00 -5.31023e-01
8.31637e+01 -2.02055e+00 -1.19493e-01
8.32398e+01 -2.02207e+00 5.30739e-02
8.33263e+01 -2.01378e+00 1.25883e-01
8.34265e+01 -1.99950e+00 1.54006e-01
8.35431e+01 -1.98081e+00 1.64728e-01
8.36806e+01 -1.95775e+00 1.70094e-01
8.38466e+01 -1.92913e+00 1.74724e-01
8.40571e+01 -1.89173e+00 1.80589e-01
8.43191e+01 -1.84338e+00 1.88715e-01
8.45811e+01 -1.79274e+00 1.98086e-01
8.48431e+01 -1.73944e+00 2.09059e-01
8.51088e+01 -1.68218e+00 2.22338e-01
8.53855e+01 -1.61841e+00 2.39295e-01
8.56754e+01 -1.54589e+00 2.61984e-01
8.59825e+01 -1.46074e+00 2.94475e-01
8.63129e+01 -1.35554e+00 3.46201e-01
8.66787e+01 -1.21269e+00 4.45341e-01
8.71006e+01 -9.77368e-01 7.19466e-01
8.73297e+01 -7.74136e-01 1.10845e+00
8.75341e+01 -4.73748e-01 1.96370e+00
8.76495e+01 -1.93646e-01 2.99165e+00
8.77514e+01 1.82121e-01 4.47885e+00
8.78533e+01 7.26600e-01 6.10850e+00
8.79245e+01 1.17332e+00 6.18556e+00
8.79869e+01 1.52581e+00 4.92830e+00
8.80494e+01 1.77650e+00 3.08811e+00
8.81207e+01 1.93289e+00 1.42757e+00
8.81921e+01 1.99885e+00 5.30984e-01
8.82655e+01 2.02055e+00 1.19476e-01
8.83416e+01 2.02207e+00 -5.30810e-02
8.84281e+01 2.01378e+00 -1.25885e-01
8.85282e+01 1.99950e+00 -1.54007e-01
8.86448e+01 1.98081e+00 -1.64729e-01
8.87824e+01 1.95775e+00 -1.70094e-01
8.89484e+01 1.92913e+00 -1.74725e-01
8.91589e+01 1.89173e+00 -1.80589e-01
8.94209e+01 1.84337e+00 -1.88715e-01
8.96829e+01 1.79273e+00 -1.98086e-01
8.99449e+01 1.73944e+00 -2.09060e-01
9.02106e+01 1.68218e+00 -2.22338e-01
9.04873e+01 1.61841e+00 -2.39295e-01
9.07772e+01 1.54589e+00 -2.61984e-01
9.10842e+01 1.46074e+00 -2.94476e-01
9.14146e+01 1.35554e+00 -3.46202e-01
9.17805e+01 1.21269e+00 -4.45344e-01
9.22023e+01 9.77363e-01 -7.19474e-01
9.24314e+01 7.74130e-01 -1.10847e+00
9.26359e+01 4.73742e-01 -1.96372e+00
9.27513e+01 1.93639e-01 -2.99167e+00
9.28532e+01 -1.82130e-01 -4.47889e+00
9.29551e+01 -7.26613e-01 -6.10852e+00
9.30262e+01 -1.17333e+00 -6.18553e+00
9.30886e+01 -1.52582e+00 -4.92824e+00
9.31512e+01 -1.77651e+00 -3.08806e+00
9.32225e+01 -1.93289e+00 -1.42758e+00
9.32939e+01 -1.99885e+00 -5.31009e-01
9.33672e+01 -2.02055e+00 -1.19487e-01
9.34433e+01 -2.02207e+00 5.30764e-02
9.35299e+01 -2.01378e+00 1.25884e-01
9.36300e+01 -1.99950e+00 1.54007e-01
9.37466e+01 -1.98081e+00 1.64728e-01
9.38841e+01 -1.95775e+00 1.70094e-01
9.40501e+01 -1.92913e+00 1.74724e-01
9.42607e+01 -1.89173e+00 1.80589e-01
9.45227e+01 -1.84337e+00 1.88715e-01
9.47847e+01 -1.79273e+00 1.98086e-01
9.50467e+01 -1.73944e+00 2.09060e-01
9.53124e+01 -1.68218e+00 2.22338e-01
9.55890e+01 -1.61841e+00 2.39295e-01
9.58790e+01 -1.54589e+00 2.61984e-01
9.61860e+01 -1.46074e+00 2.94475e-01
9.65164e+01 -1.35554e+00 3.46201e-01
9.68823e+01 -1.21269e+00 4.45342e-01
9.73041e+01 -9.77366e-01 7.19469e-01
9.75332e+01 -7.74134e-01 1.10846e+00
9.77377e+01 -4.73746e-01 1.96371e+00
9.78530e+01 -1.93644e-01 2.99166e+00
9.79549e+01 1.82124e-01 4.47887e+00
9.80568e+01 7.26605e-01 6.10850e+00
9.81280e+01 1.17332e+00 6.18555e+00
9.81904e+01 1.52581e+00 4.92827e+00
9.82529e+01 1.77651e+00 3.08809e+00
9.83243e+01 1.93289e+00 1.42757e+00
9.83956e+01 1.99885e+00 5.30993e-01
9.84690e+01 2.02055e+00 1.19480e-01
9.85451e+01 2.02207e+00 -5.30794e-02
9.86316e+01 2.01378e+00 -1.25885e-01
9.87318e+01 1.99950e+00 -1.54007e-01
9.88484e+01 1.98081e+00 -1.64729e-01
9.89859e+01 1.95775e+00 -1.70094e-01
9.91519e+01 1.92913e+00 -1.74724e-01
9.93624e+01 1.89173e+00 -1.80589e-01
9.96244e+01 1.84337e+00 -1.88715e-01
9.98864e+01 1.79273e+00 -1.98086e-01
1.00000e+02 1.76998e+00 -2.02621e-01
