1.00000e-06 1.00000e+00 -1.00000e-06
6.00000e-06 1.00000e+00 -6.00000e-06
3.10000e-05 1.00000e+00 -3.10000e-05
1.56000e-04 1.00000e+00 -1.56000e-04
7.81000e-04 1.00000e+00 -7.81000e-04
3.90600e-03 9.99992e-01 -3.90599e-03
1.95310e-02 9.99809e-01 -1.95303e-02
9.76560e-02 9.95229e-01 -9.78189e-02
3.51769e-01 9.34822e-01 -4.02514e-01
4.73387e-01 8.70969e-01 -6.77537e-01
5.72014e-01 7.84264e-01 -1.14120e+00
6.46927e-01 6.73382e-01 -1.92234e+00
7.08988e-01 5.14781e-01 -3.39177e+00
7.53160e-01 3.21037e-01 -5.64081e+00
7.84782e-01 1.00002e-01 -8.59246e+00
8.12398e-01 -1.89425e-01 -1.26071e+01
8.40013e-01 -6.04703e-01 -1.74101e+01
8.59261e-01 -9.61928e-01 -1.92745e+01
8.78976e-01 -1.33196e+00 -1.75583e+01
8.96316e-01 -1.60093e+00 -1.31780e+01
9.13656e-01 -1.78621e+00 -8.29522e+00
9.30995e-01 -1.89576e+00 -4.59709e+00
9.48705e-01 -1.95501e+00 -2.31713e+00
9.68413e-01 -1.98627e+00 -1.01659e+00
9.88281e-01 -1.99972e+00 -4.17358e-01
1.01011e+00 -2.00532e+00 -1.37695e-01
1.03462e+00 -2.00698e+00 -1.81689e-02
1.06227e+00 -2.00673e+00 2.70585e-02
1.09365e+00 -2.00560e+00 4.19985e-02
1.12964e+00 -2.00399e+00 4.62487e-02
1.17154e+00 -2.00203e+00 4.72951e-02
1.22132e+00 -1.99967e+00 4.75630e-02
1.28194e+00 -1.99678e+00 4.77000e-02
1.35828e+00 -1.99313e+00 4.78473e-02
1.45982e+00 -1.98826e+00 4.80430e-02
1.59390e+00 -1.98180e+00 4.83051e-02
1.72798e+00 -1.97531e+00 4.85728e-02
1.84029e+00 -1.96984e+00 4.87998e-02
1.95568e+00 -1.96420e+00 4.90372e-02
2.09736e+00 -1.95723e+00 4.93332e-02
2.22070e+00 -1.95113e+00 4.95968e-02
2.34721e+00 -1.94484e+00 4.98708e-02
2.47373e+00 -1.93851e+00 5.01504e-02
2.59494e+00 -1.93241e+00 5.04229e-02
2.72565e+00 -1.92580e+00 5.07221e-02
2.86116e+00 -1.91891e+00 5.10385e-02
3.00044e+00 -1.91178e+00 5.13705e-02
3.14083e+00 -1.90454e+00 5.17123e-02
3.28407e+00 -1.89711e+00 5.20687e-02
3.42732e+00 -1.88962e+00 5.24332e-02
3.57408e+00 -1.88190e+00 5.28152e-02
3.72084e+00 -1.87412e+00 5.32067e-02
3.87329e+00 -1.86598e+00 5.36230e-02
4.02573e+00 -1.85777e+00 5.40507e-02
4.15651e+00 -1.85068e+00 5.44261e-02
4.29467e+00 -1.84313e+00 5.48320e-02
4.43483e+00 -1.83542e+00 5.52540e-02
4.57714e+00 -1.82752e+00 5.56935e-02
4.71973e+00 -1.81955e+00 5.61453e-02
4.86339e+00 -1.81145e+00 5.66127e-02
5.00716e+00 -1.80327e+00 5.70934e-02
5.15169e+00 -1.79499e+00 5.75901e-02
5.29652e+00 -1.78661e+00 5.81022e-02
5.44202e+00 -1.77812e+00 5.86317e-02
5.58800e+00 -1.76952e+00 5.91790e-02
5.73465e+00 -1.76080e+00 5.97458e-02
5.88193e+00 -1.75196e+00 6.03330e-02
6.02993e+00 -1.74298e+00 6.09423e-02
6.17866e+00 -1.73387e+00 6.15751e-02
6.32818e+00 -1.72462e+00 6.22331e-02
6.47853e+00 -1.71521e+00 6.29182e-02
6.62974e+00 -1.70564e+00 6.36325e-02
6.78188e+00 -1.69590e+00 6.43781e-02
6.93497e+00 -1.68599e+00 6.51577e-02
7.08907e+00 -1.67588e+00 6.59740e-02
7.24424e+00 -1.66558e+00 6.68301e-02
7.40051e+00 -1.65507e+00 6.77297e-02
7.55795e+00 -1.64433e+00 6.86765e-02
7.71661e+00 -1.63336e+00 6.96752e-02
7.87655e+00 -1.62213e+00 7.07308e-02
8.03785e+00 -1.61063e+00 7.18492e-02
8.20056e+00 -1.59884e+00 7.30370e-02
8.36476e+00 -1.58675e+00 7.43021e-02
8.53054e+00 -1.57432e+00 7.56533e-02
8.69798e+00 -1.56153e+00 7.71013e-02
8.86719e+00 -1.54835e+00 7.86586e-02
9.03826e+00 -1.53476e+00 8.03400e-02
9.21131e+00 -1.52070e+00 8.21633e-02
9.38648e+00 -1.50613e+00 8.41502e-02
9.56392e+00 -1.49101e+00 8.63271e-02
9.74379e+00 -1.47527e+00 8.87273e-02
9.92629e+00 -1.45884e+00 9.13922e-02
1.01116e+01 -1.44163e+00 9.43752e-02
1.03001e+01 -1.42353e+00 9.77463e-02
1.04920e+01 -1.40441e+00 1.01598e-01
1.06877e+01 -1.38410e+00 1.06059e-01
1.08876e+01 -1.36239e+00 1.11309e-01
1.10924e+01 -1.33897e+00 1.17613e-01
1.13027e+01 -1.31344e+00 1.25376e-01
1.15197e+01 -1.28520e+00 1.35258e-01
1.17447e+01 -1.25335e+00 1.48420e-01
1.19799e+01 -1.21638e+00 1.67118e-01
1.22287e+01 -1.17142e+00 1.96464e-01
1.24977e+01 -1.11199e+00 2.51181e-01
1.27986e+01 -1.01850e+00 3.95510e-01
1.29561e+01 -9.42985e-01 5.90181e-01
1.30702e+01 -8.59792e-01 9.11096e-01
1.31575e+01 -7.59358e-01 1.46543e+00
1.32256e+01 -6.30725e-01 2.44156e+00
1.32968e+01 -3.79798e-01 5.07629e+00
1.33282e+01 -1.83632e-01 7.60493e+00
1.33566e+01 8.06894e-02 1.12758e+01
1.33851e+01 4.70414e-01 1.62411e+01
1.34055e+01 8.35658e-01 1.91038e+01
1.34264e+01 1.23749e+00 1.85873e+01
1.34429e+01 1.51749e+00 1.50209e+01
1.34594e+01 1.72587e+00 1.02287e+01
1.34761e+01 1.86014e+00 6.03229e+00
1.34929e+01 1.93581e+00 3.24323e+00
1.35122e+01 1.97949e+00 1.47314e+00
1.35316e+01 1.99885e+00 6.33096e-01
1.35523e+01 2.00727e+00 2.36399e-01
1.35755e+01 2.01035e+00 5.88509e-02
1.36015e+01 2.01079e+00 -1.22481e-02
1.36310e+01 2.00999e+00 -3.72455e-02
1.36646e+01 2.00858e+00 -4.48617e-02
1.37035e+01 2.00679e+00 -4.68516e-02
1.37492e+01 2.00463e+00 -4.73263e-02
1.38042e+01 2.00202e+00 -4.74881e-02
1.38723e+01 1.99878e+00 -4.76221e-02
1.39603e+01 1.99459e+00 -4.77893e-02
1.40900e+01 1.98837e+00 -4.80384e-02
1.42197e+01 1.98213e+00 -4.82924e-02
1.43372e+01 1.97644e+00 -4.85258e-02
1.44569e+01 1.97062e+00 -4.87676e-02
1.45835e+01 1.96442e+00 -4.90274e-02
1.47126e+01 1.95808e+00 -4.92973e-02
1.48595e+01 1.95081e+00 -4.96097e-02
1.49790e+01 1.94487e+00 -4.98698e-02
1.51037e+01 1.93863e+00 -5.01448e-02
1.52284e+01 1.93236e+00 -5.04252e-02
1.53591e+01 1.92575e+00 -5.07244e-02
1.54914e+01 1.91902e+00 -5.10333e-02
1.56343e+01 1.91170e+00 -5.13737e-02
1.57772e+01 1.90434e+00 -5.17221e-02
1.58994e+01 1.89800e+00 -5.20257e-02
1.60331e+01 1.89102e+00 -5.23648e-02
1.61693e+01 1.88387e+00 -5.27175e-02
1.63102e+01 1.87641e+00 -5.30907e-02
1.64511e+01 1.86890e+00 -5.34727e-02
1.65949e+01 1.86118e+00 -5.38718e-02
1.67388e+01 1.85341e+00 -5.42809e-02
1.68836e+01 1.84551e+00 -5.47030e-02
1.70284e+01 1.83756e+00 -5.51359e-02
1.71732e+01 1.82954e+00 -5.55800e-02
1.73180e+01 1.82146e+00 -5.60360e-02
1.74628e+01 1.81331e+00 -5.65043e-02
1.76076e+01 1.80510e+00 -5.69854e-02
1.77525e+01 1.79681e+00 -5.74801e-02
1.78974e+01 1.78844e+00 -5.79894e-02
1.80428e+01 1.77997e+00 -5.85153e-02
1.81887e+01 1.77139e+00 -5.90587e-02
1.83352e+01 1.76270e+00 -5.96212e-02
1.84824e+01 1.75388e+00 -6.02039e-02
1.86302e+01 1.74494e+00 -6.08083e-02
1.87788e+01 1.73586e+00 -6.14358e-02
1.89281e+01 1.72663e+00 -6.20882e-02
1.90783e+01 1.71726e+00 -6.27673e-02
1.92293e+01 1.70773e+00 -6.34750e-02
1.93813e+01 1.69803e+00 -6.42137e-02
1.95341e+01 1.68815e+00 -6.49857e-02
1.96880e+01 1.67809e+00 -6.57938e-02
1.98429e+01 1.66783e+00 -6.66410e-02
1.99990e+01 1.65737e+00 -6.75308e-02
2.01562e+01 1.64668e+00 -6.84670e-02
2.03145e+01 1.63576e+00 -6.94541e-02
2.04742e+01 1.62458e+00 -7.04969e-02
2.06352e+01 1.61315e+00 -7.16011e-02
2.07976e+01 1.60142e+00 -7.27732e-02
2.09615e+01 1.58940e+00 -7.40208e-02
2.11269e+01 1.57704e+00 -7.53525e-02
2.12940e+01 1.56434e+00 -7.67786e-02
2.14628e+01 1.55125e+00 -7.83110e-02
2.16334e+01 1.53774e+00 -7.99641e-02
2.18061e+01 1.52379e+00 -8.17550e-02
2.19808e+01 1.50934e+00 -8.37043e-02
2.21577e+01 1.49434e+00 -8.58375e-02
2.23370e+01 1.47874e+00 -8.81860e-02
2.25189e+01 1.46246e+00 -9.07895e-02
2.27036e+01 1.44543e+00 -9.36983e-02
2.28914e+01 1.42753e+00 -9.69782e-02
2.30825e+01 1.40865e+00 -1.00717e-01
2.32773e+01 1.38862e+00 -1.05032e-01
2.34763e+01 1.36723e+00 -1.10092e-01
2.36800e+01 1.34421e+00 -1.16139e-01
2.38890e+01 1.31918e+00 -1.23541e-01
2.41045e+01 1.29159e+00 -1.32888e-01
2.43276e+01 1.26063e+00 -1.45200e-01
2.45603e+01 1.22494e+00 -1.62408e-01
2.48058e+01 1.18207e+00 -1.88726e-01
2.50696e+01 1.12671e+00 -2.35539e-01
2.53627e+01 1.04380e+00 -3.47458e-01
2.55588e+01 9.59765e-01 -5.39596e-01
2.56791e+01 8.80183e-01 -8.21181e-01
2.57719e+01 7.84319e-01 -1.31026e+00
2.58437e+01 6.63842e-01 -2.16289e+00
2.59051e+01 4.86586e-01 -3.85273e+00
2.59449e+01 2.91802e-01 -6.17383e+00
2.59755e+01 5.89385e-02 -9.32453e+00
2.60027e+01 -2.50231e-01 -1.35765e+01
2.60300e+01 -6.86414e-01 -1.82344e+01
2.60488e+01 -1.04610e+00 -1.94207e+01
2.60679e+01 -1.39931e+00 -1.68981e+01
2.60871e+01 -1.67373e+00 -1.16160e+01
2.61035e+01 -1.82659e+00 -7.16808e+00
2.61199e+01 -1.91629e+00 -3.99393e+00
2.61389e+01 -1.96986e+00 -1.87507e+00
2.61582e+01 -1.99463e+00 -8.20989e-01
2.61784e+01 -2.00549e+00 -3.24634e-01
2.62007e+01 -2.00980e+00 -9.67355e-02
2.62259e+01 -2.01084e+00 -2.13691e-03
2.62543e+01 -2.01031e+00 3.24817e-02
2.62865e+01 -2.00904e+00 4.35055e-02
2.63237e+01 -2.00736e+00 4.65199e-02
2.63672e+01 -2.00532e+00 4.72441e-02
2.64191e+01 -2.00286e+00 4.74483e-02
2.64828e+01 -1.99983e+00 4.75802e-02
2.65639e+01 -1.99596e+00 4.77343e-02
2.66747e+01 -1.99066e+00 4.79464e-02
2.68029e+01 -1.98450e+00 4.81954e-02
2.69324e+01 -1.97824e+00 4.84514e-02
2.70511e+01 -1.97248e+00 4.86899e-02
2.71791e+01 -1.96623e+00 4.89513e-02
2.73143e+01 -1.95959e+00 4.92326e-02
2.74526e+01 -1.95276e+00 4.95258e-02
2.75996e+01 -1.94546e+00 4.98434e-02
2.77466e+01 -1.93811e+00 5.01688e-02
2.78592e+01 -1.93244e+00 5.04215e-02
2.79772e+01 -1.92648e+00 5.06914e-02
2.81146e+01 -1.91949e+00 5.10114e-02
2.82520e+01 -1.91246e+00 5.13385e-02
2.83810e+01 -1.90582e+00 5.16515e-02
2.85148e+01 -1.89889e+00 5.19830e-02
2.86538e+01 -1.89164e+00 5.23347e-02
2.87928e+01 -1.88433e+00 5.26943e-02
2.89360e+01 -1.87676e+00 5.30730e-02
2.90792e+01 -1.86913e+00 5.34609e-02
2.92252e+01 -1.86130e+00 5.38657e-02
2.93712e+01 -1.85341e+00 5.42808e-02
2.95179e+01 -1.84541e+00 5.47086e-02
2.96647e+01 -1.83735e+00 5.51477e-02
2.98115e+01 -1.82922e+00 5.55983e-02
2.99583e+01 -1.82102e+00 5.60611e-02
3.01051e+01 -1.81276e+00 5.65365e-02
3.02519e+01 -1.80442e+00 5.70252e-02
3.03987e+01 -1.79602e+00 5.75279e-02
3.05455e+01 -1.78753e+00 5.80451e-02
3.06923e+01 -1.77897e+00 5.85777e-02
3.08390e+01 -1.77034e+00 5.91264e-02
3.09858e+01 -1.76162e+00 5.96921e-02
3.11332e+01 -1.75278e+00 6.02778e-02
3.12811e+01 -1.74382e+00 6.08851e-02
3.14298e+01 -1.73472e+00 6.15157e-02
3.15792e+01 -1.72548e+00 6.21713e-02
3.17295e+01 -1.71608e+00 6.28538e-02
3.18806e+01 -1.70653e+00 6.35653e-02
3.20327e+01 -1.69681e+00 6.43080e-02
3.21857e+01 -1.68691e+00 6.50843e-02
3.23397e+01 -1.67682e+00 6.58971e-02
3.24948e+01 -1.66654e+00 6.67494e-02
3.26509e+01 -1.65605e+00 6.76448e-02
3.28083e+01 -1.64533e+00 6.85871e-02
3.29668e+01 -1.63438e+00 6.95808e-02
3.31266e+01 -1.62317e+00 7.06310e-02
3.32878e+01 -1.61170e+00 7.17433e-02
3.34504e+01 -1.59994e+00 7.29244e-02
3.36144e+01 -1.58788e+00 7.41819e-02
3.37801e+01 -1.57548e+00 7.55248e-02
3.39473e+01 -1.56273e+00 7.69634e-02
3.41164e+01 -1.54959e+00 7.85101e-02
3.42873e+01 -1.53603e+00 8.01793e-02
3.44601e+01 -1.52201e+00 8.19887e-02
3.46351e+01 -1.50750e+00 8.39594e-02
3.48123e+01 -1.49243e+00 8.61176e-02
3.49920e+01 -1.47675e+00 8.84955e-02
3.51742e+01 -1.46039e+00 9.11340e-02
3.53593e+01 -1.44325e+00 9.40851e-02
3.55475e+01 -1.42524e+00 9.74169e-02
3.57390e+01 -1.40622e+00 1.01220e-01
3.59343e+01 -1.38603e+00 1.05618e-01
3.61338e+01 -1.36446e+00 1.10786e-01
3.63381e+01 -1.34121e+00 1.16978e-01
3.65479e+01 -1.31589e+00 1.24584e-01
3.67643e+01 -1.28794e+00 1.34233e-01
3.69884e+01 -1.25648e+00 1.47021e-01
3.72225e+01 -1.22006e+00 1.65061e-01
3.74699e+01 -1.17602e+00 1.93053e-01
3.77366e+01 -1.11841e+00 2.44168e-01
3.80343e+01 -1.02972e+00 3.73253e-01
3.82086e+01 -9.50194e-01 5.67903e-01
3.83252e+01 -8.68640e-01 8.71157e-01
3.84148e+01 -7.70204e-01 1.39659e+00
3.84844e+01 -6.45240e-01 2.31717e+00
3.85468e+01 -4.48690e-01 4.27156e+00
3.85832e+01 -2.54022e-01 6.66490e+00
3.86129e+01 -1.05180e-02 1.00016e+01
3.86430e+01 3.62241e-01 1.49935e+01
3.86652e+01 7.37827e-01 1.85870e+01
3.86843e+01 1.10364e+00 1.92922e+01
3.87033e+01 1.44722e+00 1.62059e+01
3.87223e+01 1.70528e+00 1.07923e+01
3.87389e+01 1.84673e+00 6.49345e+00
3.87554e+01 1.92792e+00 3.54950e+00
3.87766e+01 1.97871e+00 1.50599e+00
3.87978e+01 1.99963e+00 5.97548e-01
3.88189e+01 2.00766e+00 2.16222e-01
3.88423e+01 2.01046e+00 5.04156e-02
3.88686e+01 2.01076e+00 -1.53704e-02
3.88984e+01 2.00989e+00 -3.82506e-02
3.89323e+01 2.00845e+00 -4.51389e-02
3.89717e+01 2.00663e+00 -4.69179e-02
3.90180e+01 2.00444e+00 -4.73439e-02
3.90739e+01 2.00179e+00 -4.74983e-02
3.91433e+01 1.99849e+00 -4.76337e-02
3.92333e+01 1.99420e+00 -4.78048e-02
3.93573e+01 1.98826e+00 -4.80431e-02
3.94828e+01 1.98221e+00 -4.82888e-02
3.96034e+01 1.97637e+00 -4.85284e-02
3.97311e+01 1.97016e+00 -4.87866e-02
3.98691e+01 1.96341e+00 -4.90704e-02
4.00071e+01 1.95662e+00 -4.93600e-02
4.01271e+01 1.95068e+00 -4.96160e-02
4.02530e+01 1.94441e+00 -4.98895e-02
4.03909e+01 1.93751e+00 -5.01946e-02
4.05289e+01 1.93057e+00 -5.05062e-02
4.06510e+01 1.92438e+00 -5.07872e-02
4.07827e+01 1.91767e+00 -5.10958e-02
4.09185e+01 1.91071e+00 -5.14205e-02
4.10583e+01 1.90350e+00 -5.17619e-02
4.11982e+01 1.89623e+00 -5.21111e-02
4.13421e+01 1.88871e+00 -5.24781e-02
4.14859e+01 1.88113e+00 -5.28537e-02
4.16342e+01 1.87327e+00 -5.32499e-02
4.17825e+01 1.86534e+00 -5.36562e-02
4.19380e+01 1.85696e+00 -5.40925e-02
4.20934e+01 1.84852e+00 -5.45416e-02
4.22226e+01 1.84145e+00 -5.49234e-02
4.23595e+01 1.83390e+00 -5.53376e-02
4.25002e+01 1.82609e+00 -5.57742e-02
4.26423e+01 1.81813e+00 -5.62267e-02
4.27857e+01 1.81003e+00 -5.66953e-02
4.29295e+01 1.80184e+00 -5.71784e-02
4.30740e+01 1.79355e+00 -5.76775e-02
4.32189e+01 1.78515e+00 -5.81925e-02
4.33645e+01 1.77664e+00 -5.87249e-02
4.35106e+01 1.76802e+00 -5.92755e-02
4.36574e+01 1.75928e+00 -5.98457e-02
4.38048e+01 1.75042e+00 -6.04366e-02
4.39529e+01 1.74142e+00 -6.10499e-02
4.41017e+01 1.73228e+00 -6.16869e-02
4.42514e+01 1.72300e+00 -6.23495e-02
4.44019e+01 1.71357e+00 -6.30394e-02
4.45533e+01 1.70397e+00 -6.37590e-02
4.47056e+01 1.69420e+00 -6.45103e-02
4.48588e+01 1.68426e+00 -6.52960e-02
4.50131e+01 1.67412e+00 -6.61189e-02
4.51685e+01 1.66378e+00 -6.69823e-02
4.53249e+01 1.65323e+00 -6.78897e-02
4.54826e+01 1.64245e+00 -6.88452e-02
4.56415e+01 1.63143e+00 -6.98533e-02
4.58016e+01 1.62016e+00 -7.09194e-02
4.59632e+01 1.60862e+00 -7.20492e-02
4.61261e+01 1.59678e+00 -7.32498e-02
4.62906e+01 1.58463e+00 -7.45290e-02
4.64567e+01 1.57214e+00 -7.58962e-02
4.66244e+01 1.55928e+00 -7.73622e-02
4.67939e+01 1.54604e+00 -7.89397e-02
4.69653e+01 1.53236e+00 -8.06443e-02
4.71387e+01 1.51822e+00 -8.24941e-02
4.73143e+01 1.50356e+00 -8.45118e-02
4.74921e+01 1.48834e+00 -8.67247e-02
4.76724e+01 1.47248e+00 -8.91673e-02
4.78554e+01 1.45592e+00 -9.18830e-02
4.80413e+01 1.43857e+00 -9.49275e-02
4.82303e+01 1.42030e+00 -9.83742e-02
4.84228e+01 1.40099e+00 -1.02321e-01
4.86192e+01 1.38046e+00 -1.06904e-01
4.88199e+01 1.35847e+00 -1.12314e-01
4.90256e+01 1.33472e+00 -1.18835e-01
4.92370e+01 1.30877e+00 -1.26907e-01
4.94553e+01 1.27999e+00 -1.37254e-01
4.96818e+01 1.24739e+00 -1.51164e-01
4.99190e+01 1.20930e+00 -1.71205e-01
5.01708e+01 1.16247e+00 -2.03389e-01
5.04443e+01 1.09924e+00 -2.66032e-01
5.07508e+01 9.95458e-01 -4.46256e-01
5.08812e+01 9.25849e-01 -6.46544e-01
5.09889e+01 8.39290e-01 -1.00913e+00
5.10712e+01 7.33952e-01 -1.63506e+00
5.11364e+01 5.95831e-01 -2.75455e+00
5.12038e+01 3.27214e-01 -5.72376e+00
5.12336e+01 1.18660e-01 -8.49467e+00
5.12612e+01 -1.67117e-01 -1.24655e+01
5.12888e+01 -5.78524e-01 -1.73335e+01
5.13080e+01 -9.34136e-01 -1.93972e+01
5.13277e+01 -1.31080e+00 -1.79419e+01
5.13444e+01 -1.57845e+00 -1.38225e+01
5.13611e+01 -1.76840e+00 -8.99865e+00
5.13782e+01 -1.88649e+00 -5.09758e+00
5.13953e+01 -1.95079e+00 -2.65102e+00
5.14155e+01 -1.98719e+00 -1.14479e+00
5.14357e+01 -2.00252e+00 -4.65181e-01
5.14571e+01 -2.00873e+00 -1.59282e-01
5.14812e+01 -2.01071e+00 -2.69322e-02
5.15083e+01 -2.01062e+00 2.38722e-02
5.15391e+01 -2.00957e+00 4.09223e-02
5.15743e+01 -2.00802e+00 4.58573e-02
5.16153e+01 -2.00611e+00 4.70877e-02
5.16638e+01 -2.00381e+00 4.73926e-02
5.17227e+01 -2.00102e+00 4.75315e-02
5.17965e+01 -1.99750e+00 4.76731e-02
5.18939e+01 -1.99285e+00 4.78585e-02
5.20181e+01 -1.98689e+00 4.80982e-02
5.21440e+01 -1.98082e+00 4.83456e-02
5.22657e+01 -1.97492e+00 4.85884e-02
5.23938e+01 -1.96868e+00 4.88483e-02
5.25331e+01 -1.96186e+00 4.91360e-02
5.26724e+01 -1.95499e+00 4.94298e-02
5.27913e+01 -1.94910e+00 4.96847e-02
5.29140e+01 -1.94299e+00 4.99522e-02
5.30543e+01 -1.93596e+00 5.02637e-02
5.31945e+01 -1.92889e+00 5.05823e-02
5.33171e+01 -1.92267e+00 5.08654e-02
5.34429e+01 -1.91625e+00 5.11617e-02
5.35829e+01 -1.90906e+00 5.14979e-02
5.37229e+01 -1.90183e+00 5.18418e-02
5.38544e+01 -1.89500e+00 5.21710e-02
5.39895e+01 -1.88792e+00 5.25170e-02
5.41294e+01 -1.88055e+00 5.28829e-02
5.42693e+01 -1.87312e+00 5.32572e-02
5.44124e+01 -1.86547e+00 5.36492e-02
5.45556e+01 -1.85777e+00 5.40507e-02
5.47001e+01 -1.84992e+00 5.44662e-02
5.48446e+01 -1.84202e+00 5.48922e-02
5.49892e+01 -1.83405e+00 5.53292e-02
5.51337e+01 -1.82603e+00 5.57776e-02
5.52783e+01 -1.81793e+00 5.62380e-02
5.54228e+01 -1.80977e+00 5.67109e-02
5.55674e+01 -1.80153e+00 5.71969e-02
5.57121e+01 -1.79322e+00 5.76971e-02
5.58572e+01 -1.78481e+00 5.82133e-02
5.60027e+01 -1.77630e+00 5.87464e-02
5.61489e+01 -1.76767e+00 5.92979e-02
5.62957e+01 -1.75893e+00 5.98689e-02
5.64431e+01 -1.75006e+00 6.04607e-02
5.65912e+01 -1.74106e+00 6.10748e-02
5.67401e+01 -1.73191e+00 6.17128e-02
5.68898e+01 -1.72263e+00 6.23765e-02
5.70404e+01 -1.71319e+00 6.30676e-02
5.71918e+01 -1.70358e+00 6.37883e-02
5.73441e+01 -1.69381e+00 6.45410e-02
5.74974e+01 -1.68385e+00 6.53281e-02
5.76517e+01 -1.67371e+00 6.61526e-02
5.78071e+01 -1.66336e+00 6.70177e-02
5.79636e+01 -1.65280e+00 6.79269e-02
5.81213e+01 -1.64202e+00 6.88844e-02
5.82803e+01 -1.63099e+00 6.98948e-02
5.84405e+01 -1.61971e+00 7.09632e-02
5.86021e+01 -1.60815e+00 7.20958e-02
5.87651e+01 -1.59630e+00 7.32993e-02
5.89296e+01 -1.58413e+00 7.45819e-02
5.90958e+01 -1.57163e+00 7.59528e-02
5.92636e+01 -1.55876e+00 7.74229e-02
5.94332e+01 -1.54550e+00 7.90053e-02
5.96046e+01 -1.53181e+00 8.07152e-02
5.97781e+01 -1.51764e+00 8.25713e-02
5.99538e+01 -1.50297e+00 8.45962e-02
6.01317e+01 -1.48772e+00 8.68176e-02
6.03121e+01 -1.47184e+00 8.92702e-02
6.04952e+01 -1.45525e+00 9.19978e-02
6.06812e+01 -1.43786e+00 9.50569e-02
6.08704e+01 -1.41955e+00 9.85215e-02
6.10630e+01 -1.40020e+00 1.02491e-01
6.12595e+01 -1.37961e+00 1.07102e-01
6.14605e+01 -1.35756e+00 1.12551e-01
6.16664e+01 -1.33373e+00 1.19124e-01
6.18780e+01 -1.30768e+00 1.27271e-01
6.20966e+01 -1.27877e+00 1.37729e-01
6.23235e+01 -1.24599e+00 1.51823e-01
6.25612e+01 -1.20762e+00 1.72197e-01
6.28136e+01 -1.16034e+00 2.05100e-01
6.30883e+01 -1.09615e+00 2.69833e-01
6.33959e+01 -9.89739e-01 4.59966e-01
6.35206e+01 -9.21264e-01 6.62455e-01
6.36267e+01 -8.33845e-01 1.03646e+00
6.37078e+01 -7.27141e-01 1.68252e+00
6.37723e+01 -5.86216e-01 2.84417e+00
6.38293e+01 -3.65256e-01 5.25268e+00
6.38610e+01 -1.60069e-01 7.92559e+00
6.38891e+01 1.11507e-01 1.17030e+01
6.39171e+01 5.07845e-01 1.66386e+01
6.39368e+01 8.65527e-01 1.92180e+01
6.39573e+01 1.25827e+00 1.84238e+01
6.39738e+01 1.53429e+00 1.47068e+01
6.39903e+01 1.73719e+00 9.91011e+00
6.40086e+01 1.87585e+00 5.47957e+00
6.40270e+01 1.94874e+00 2.73272e+00
6.40480e+01 1.98729e+00 1.14052e+00
6.40690e+01 2.00295e+00 4.45394e-01
6.40906e+01 2.00889e+00 1.50406e-01
6.41148e+01 2.01074e+00 2.33458e-02
6.41421e+01 2.01059e+00 -2.51433e-02
6.41730e+01 2.00950e+00 -4.13124e-02
6.42085e+01 2.00794e+00 -4.59596e-02
6.42497e+01 2.00601e+00 -4.71117e-02
6.42987e+01 2.00370e+00 -4.74002e-02
6.43581e+01 2.00087e+00 -4.75375e-02
6.44328e+01 1.99732e+00 -4.76804e-02
6.45316e+01 1.99260e+00 -4.78686e-02
6.46689e+01 1.98601e+00 -4.81337e-02
6.47860e+01 1.98036e+00 -4.83646e-02
6.49066e+01 1.97451e+00 -4.86053e-02
6.50272e+01 1.96863e+00 -4.88504e-02
6.51470e+01 1.96277e+00 -4.90975e-02
6.52753e+01 1.95645e+00 -4.93669e-02
6.54111e+01 1.94973e+00 -4.96573e-02
6.55486e+01 1.94288e+00 -4.99571e-02
6.56969e+01 1.93545e+00 -5.02864e-02
6.58279e+01 1.92884e+00 -5.05844e-02
6.59621e+01 1.92203e+00 -5.08944e-02
6.60962e+01 1.91518e+00 -5.12115e-02
6.62223e+01 1.90871e+00 -5.15149e-02
6.63521e+01 1.90200e+00 -5.18335e-02
6.64917e+01 1.89474e+00 -5.21835e-02
6.66314e+01 1.88742e+00 -5.25415e-02
6.67790e+01 1.87964e+00 -5.29282e-02
6.69266e+01 1.87180e+00 -5.33247e-02
6.70608e+01 1.86462e+00 -5.36936e-02
6.71988e+01 1.85718e+00 -5.40815e-02
6.73395e+01 1.84954e+00 -5.44866e-02
6.74809e+01 1.84181e+00 -5.49038e-02
6.76236e+01 1.83395e+00 -5.53351e-02
6.77662e+01 1.82602e+00 -5.57778e-02
6.79097e+01 1.81799e+00 -5.62347e-02
6.80532e+01 1.80988e+00 -5.67041e-02
6.81974e+01 1.80167e+00 -5.71888e-02
6.83419e+01 1.79337e+00 -5.76879e-02
6.84869e+01 1.78497e+00 -5.82037e-02
6.86324e+01 1.77646e+00 -5.87363e-02
6.87786e+01 1.76784e+00 -5.92874e-02
6.89253e+01 1.75909e+00 -5.98580e-02
6.90728e+01 1.75023e+00 -6.04494e-02
6.92209e+01 1.74123e+00 -6.10631e-02
6.93698e+01 1.73209e+00 -6.17007e-02
6.95195e+01 1.72280e+00 -6.23638e-02
6.96700e+01 1.71336e+00 -6.30544e-02
6.98214e+01 1.70376e+00 -6.37746e-02
6.99737e+01 1.69399e+00 -6.45266e-02
7.01270e+01 1.68404e+00 -6.53131e-02
7.02813e+01 1.67390e+00 -6.61368e-02
7.04366e+01 1.66356e+00 -6.70011e-02
7.05931e+01 1.65300e+00 -6.79095e-02
7.07508e+01 1.64222e+00 -6.88660e-02
7.09097e+01 1.63120e+00 -6.98754e-02
7.10699e+01 1.61992e+00 -7.09427e-02
7.12315e+01 1.60837e+00 -7.20739e-02
7.13945e+01 1.59652e+00 -7.32761e-02
7.15590e+01 1.58436e+00 -7.45571e-02
7.17251e+01 1.57187e+00 -7.59263e-02
7.18929e+01 1.55901e+00 -7.73944e-02
7.20624e+01 1.54575e+00 -7.89746e-02
7.22339e+01 1.53207e+00 -8.06820e-02
7.24073e+01 1.51791e+00 -8.25352e-02
7.25829e+01 1.50325e+00 -8.45566e-02
7.27608e+01 1.48801e+00 -8.67741e-02
7.29412e+01 1.47214e+00 -8.92220e-02
7.31242e+01 1.45556e+00 -9.19440e-02
7.33101e+01 1.43819e+00 -9.49963e-02
7.34992e+01 1.41991e+00 -9.84524e-02
7.36918e+01 1.40057e+00 -1.02411e-01
7.38883e+01 1.38001e+00 -1.07009e-01
7.40891e+01 1.35799e+00 -1.12439e-01
7.42949e+01 1.33420e+00 -1.18988e-01
7.45065e+01 1.30819e+00 -1.27100e-01
7.47249e+01 1.27934e+00 -1.37506e-01
7.49516e+01 1.24665e+00 -1.51513e-01
7.51891e+01 1.20841e+00 -1.71730e-01
7.54412e+01 1.16134e+00 -2.04293e-01
7.57153e+01 1.09760e+00 -2.68034e-01
7.60224e+01 9.92436e-01 -4.53444e-01
7.61498e+01 9.23440e-01 -6.54860e-01
7.62566e+01 8.36429e-01 -1.02343e+00
7.63383e+01 7.30375e-01 -1.65988e+00
7.64031e+01 5.90798e-01 -2.80128e+00
7.64620e+01 3.64001e-01 -5.26801e+00
7.64935e+01 1.59909e-01 -7.92777e+00
7.65215e+01 -1.11754e-01 -1.17064e+01
7.65495e+01 -5.08212e-01 -1.66424e+01
7.65693e+01 -8.65805e-01 -1.92190e+01
7.65897e+01 -1.25847e+00 -1.84222e+01
7.66062e+01 -1.53444e+00 -1.47038e+01
7.66227e+01 -1.73729e+00 -9.90706e+00
7.66411e+01 -1.87587e+00 -5.47887e+00
7.66594e+01 -1.94873e+00 -2.73311e+00
7.66804e+01 -1.98729e+00 -1.14076e+00
7.67015e+01 -2.00294e+00 -4.45528e-01
7.67230e+01 -2.00889e+00 -1.50467e-01
7.67472e+01 -2.01074e+00 -2.33700e-02
7.67745e+01 -2.01059e+00 2.51347e-02
7.68055e+01 -2.00950e+00 4.13098e-02
7.68409e+01 -2.00794e+00 4.59589e-02
7.68822e+01 -2.00601e+00 4.71116e-02
7.69311e+01 -2.00370e+00 4.74001e-02
7.69905e+01 -2.00088e+00 4.75374e-02
7.70652e+01 -1.99732e+00 4.76803e-02
7.71640e+01 -1.99260e+00 4.78685e-02
7.73013e+01 -1.98601e+00 4.81337e-02
7.74183e+01 -1.98036e+00 4.83645e-02
7.75389e+01 -1.97452e+00 4.86051e-02
7.76595e+01 -1.96864e+00 4.88502e-02
7.77795e+01 -1.96276e+00 4.90977e-02
7.79078e+01 -1.95645e+00 4.93671e-02
7.80439e+01 -1.94971e+00 4.96579e-02
7.81812e+01 -1.94287e+00 4.99573e-02
7.83307e+01 -1.93538e+00 5.02895e-02
7.84564e+01 -1.92904e+00 5.05753e-02
7.85866e+01 -1.92244e+00 5.08760e-02
7.87168e+01 -1.91579e+00 5.11831e-02
7.88454e+01 -1.90919e+00 5.14922e-02
7.89784e+01 -1.90232e+00 5.18183e-02
7.91177e+01 -1.89508e+00 5.21670e-02
7.92570e+01 -1.88779e+00 5.25236e-02
7.94014e+01 -1.88017e+00 5.29017e-02
7.95459e+01 -1.87250e+00 5.32889e-02
7.96951e+01 -1.86452e+00 5.36984e-02
7.98443e+01 -1.85648e+00 5.41186e-02
7.99994e+01 -1.84805e+00 5.45663e-02
8.01545e+01 -1.83955e+00 5.50271e-02
8.02892e+01 -1.83211e+00 5.54373e-02
8.04294e+01 -1.82431e+00 5.58747e-02
8.05712e+01 -1.81635e+00 5.63289e-02
8.07146e+01 -1.80824e+00 5.68004e-02
8.08584e+01 -1.80004e+00 5.72864e-02
8.10030e+01 -1.79171e+00 5.77889e-02
8.11481e+01 -1.78330e+00 5.83075e-02
8.12938e+01 -1.77476e+00 5.88439e-02
8.14400e+01 -1.76612e+00 5.93986e-02
8.15869e+01 -1.75735e+00 5.99733e-02
8.17344e+01 -1.74846e+00 6.05689e-02
8.18827e+01 -1.73943e+00 6.11872e-02
8.20318e+01 -1.73026e+00 6.18297e-02
8.21816e+01 -1.72095e+00 6.24981e-02
8.23323e+01 -1.71148e+00 6.31944e-02
8.24838e+01 -1.70185e+00 6.39207e-02
8.26363e+01 -1.69204e+00 6.46793e-02
8.27898e+01 -1.68205e+00 6.54729e-02
8.29443e+01 -1.67187e+00 6.63044e-02
8.30999e+01 -1.66149e+00 6.71771e-02
8.32567e+01 -1.65089e+00 6.80947e-02
8.34146e+01 -1.64006e+00 6.90613e-02
8.35737e+01 -1.62899e+00 7.00816e-02
8.37342e+01 -1.61766e+00 7.11611e-02
8.38960e+01 -1.60605e+00 7.23058e-02
8.40593e+01 -1.59414e+00 7.35229e-02
8.42241e+01 -1.58192e+00 7.48205e-02
8.43905e+01 -1.56935e+00 7.62083e-02
8.45587e+01 -1.55642e+00 7.76975e-02
8.47286e+01 -1.54308e+00 7.93015e-02
8.49004e+01 -1.52931e+00 8.10362e-02
8.50743e+01 -1.51506e+00 8.29207e-02
8.52503e+01 -1.50028e+00 8.49785e-02
8.54287e+01 -1.48492e+00 8.72386e-02
8.56096e+01 -1.46892e+00 8.97369e-02
8.57932e+01 -1.45220e+00 9.25192e-02
8.59797e+01 -1.43465e+00 9.56449e-02
8.61694e+01 -1.41617e+00 9.91916e-02
8.63628e+01 -1.39661e+00 1.03265e-01
8.65601e+01 -1.37578e+00 1.08009e-01
8.67618e+01 -1.35344e+00 1.13634e-01
8.69687e+01 -1.32925e+00 1.20450e-01
8.71815e+01 -1.30274e+00 1.28945e-01
8.74014e+01 -1.27322e+00 1.39933e-01
8.76301e+01 -1.23960e+00 1.54897e-01
8.78701e+01 -1.19995e+00 1.76881e-01
8.81257e+01 -1.15046e+00 2.13347e-01
8.84057e+01 -1.08149e+00 2.88940e-01
8.86684e+01 -9.86215e-01 4.68644e-01
8.87999e+01 -9.11505e-01 6.97503e-01
8.89021e+01 -8.22663e-01 1.09431e+00
8.89808e+01 -7.13025e-01 1.78354e+00
8.90441e+01 -5.65840e-01 3.03876e+00
8.90953e+01 -3.59384e-01 5.32450e+00
8.91273e+01 -1.48440e-01 8.08474e+00
8.91552e+01 1.26846e-01 1.19145e+01
8.91831e+01 5.27015e-01 1.68345e+01
8.92026e+01 8.82350e-01 1.92729e+01
8.92228e+01 1.27066e+00 1.83191e+01
8.92393e+01 1.54437e+00 1.45123e+01
8.92559e+01 1.74412e+00 9.71174e+00
8.92738e+01 1.87746e+00 5.42207e+00
8.92917e+01 1.94843e+00 2.74530e+00
8.93126e+01 1.98701e+00 1.15273e+00
8.93335e+01 2.00277e+00 4.53352e-01
8.93550e+01 2.00883e+00 1.53980e-01
8.93792e+01 2.01072e+00 2.47873e-02
8.94064e+01 2.01060e+00 -2.46334e-02
8.94373e+01 2.00953e+00 -4.11562e-02
8.94727e+01 2.00797e+00 -4.59188e-02
8.95138e+01 2.00605e+00 -4.71021e-02
8.95625e+01 2.00374e+00 -4.73971e-02
8.96218e+01 2.00093e+00 -4.75350e-02
8.96961e+01 1.99739e+00 -4.76774e-02
8.97943e+01 1.99270e+00 -4.78644e-02
8.99328e+01 1.98606e+00 -4.81318e-02
9.00473e+01 1.98053e+00 -4.83577e-02
9.01662e+01 1.97477e+00 -4.85948e-02
9.02865e+01 1.96891e+00 -4.88390e-02
9.04125e+01 1.96274e+00 -4.90987e-02
9.05415e+01 1.95639e+00 -4.93697e-02
9.06861e+01 1.94923e+00 -4.96787e-02
9.08132e+01 1.94289e+00 -4.99566e-02
9.09434e+01 1.93637e+00 -5.02454e-02
9.10736e+01 1.92981e+00 -5.05405e-02
9.11979e+01 1.92351e+00 -5.08269e-02
9.13274e+01 1.91690e+00 -5.11314e-02
9.14659e+01 1.90980e+00 -5.14631e-02
9.16043e+01 1.90266e+00 -5.18022e-02
9.17521e+01 1.89498e+00 -5.21718e-02
9.18998e+01 1.88724e+00 -5.25507e-02
9.20256e+01 1.88061e+00 -5.28801e-02
9.21588e+01 1.87354e+00 -5.32363e-02
9.22974e+01 1.86614e+00 -5.36150e-02
9.24370e+01 1.85862e+00 -5.40058e-02
9.25790e+01 1.85093e+00 -5.44128e-02
9.27210e+01 1.84317e+00 -5.48299e-02
9.28642e+01 1.83529e+00 -5.52611e-02
9.30074e+01 1.82734e+00 -5.57035e-02
9.31511e+01 1.81931e+00 -5.61590e-02
9.32947e+01 1.81121e+00 -5.66268e-02
9.34389e+01 1.80301e+00 -5.71092e-02
9.35833e+01 1.79472e+00 -5.76060e-02
9.37283e+01 1.78634e+00 -5.81191e-02
9.38737e+01 1.77784e+00 -5.86489e-02
9.40198e+01 1.76924e+00 -5.91970e-02
9.41664e+01 1.76052e+00 -5.97643e-02
9.43138e+01 1.75167e+00 -6.03523e-02
9.44618e+01 1.74269e+00 -6.09623e-02
9.46105e+01 1.73358e+00 -6.15959e-02
9.47601e+01 1.72431e+00 -6.22547e-02
9.49104e+01 1.71490e+00 -6.29408e-02
9.50617e+01 1.70533e+00 -6.36560e-02
9.52139e+01 1.69559e+00 -6.44027e-02
9.53670e+01 1.68567e+00 -6.51834e-02
9.55211e+01 1.67556e+00 -6.60009e-02
9.56763e+01 1.66525e+00 -6.68584e-02
9.58326e+01 1.65473e+00 -6.77594e-02
9.59901e+01 1.64398e+00 -6.87079e-02
9.61488e+01 1.63300e+00 -6.97083e-02
9.63088e+01 1.62176e+00 -7.07658e-02
9.64701e+01 1.61025e+00 -7.18863e-02
9.66329e+01 1.59846e+00 -7.30765e-02
9.67971e+01 1.58635e+00 -7.43442e-02
9.69630e+01 1.57391e+00 -7.56984e-02
9.71305e+01 1.56111e+00 -7.71497e-02
9.72997e+01 1.54792e+00 -7.87108e-02
9.74709e+01 1.53431e+00 -8.03964e-02
9.76440e+01 1.52024e+00 -8.22246e-02
9.78192e+01 1.50566e+00 -8.42172e-02
9.79967e+01 1.49051e+00 -8.64008e-02
9.81767e+01 1.47475e+00 -8.88087e-02
9.83593e+01 1.45830e+00 -9.14829e-02
9.85447e+01 1.44106e+00 -9.44773e-02
9.87333e+01 1.42293e+00 -9.78622e-02
9.89253e+01 1.40378e+00 -1.01732e-01
9.91211e+01 1.38343e+00 -1.06215e-01
9.93212e+01 1.36166e+00 -1.11494e-01
9.95261e+01 1.33818e+00 -1.17837e-01
9.97367e+01 1.31257e+00 -1.25656e-01
9.99539e+01 1.28424e+00 -1.35623e-01
1.00000e+02 1.27793e+00 -1.38060e-01
