1.00000e-06 1.00000e+00 -1.00000e-06
6.00000e-06 1.00000e+00 -6.00000e-06
3.10000e-05 1.00000e+00 -3.10000e-05
1.56000e-04 1.00000e+00 -1.56000e-04
7.81000e-04 1.00000e+00 -7.81000e-04
3.90600e-03 9.99992e-01 -3.90599e-03
1.95310e-02 9.99809e-01 -1.95300e-02
9.76560e-02 9.95232e-01 -9.76597e-02
3.94677e-01 9.19727e-01 -4.28188e-01
5.78530e-01 8.12617e-01 -7.74935e-01
7.21589e-01 6.66489e-01 -1.34330e+00
8.74956e-01 3.57347e-01 -3.00465e+00
9.37383e-01 1.26051e-01 -4.53750e+00
9.95868e-01 -2.01495e-01 -6.80500e+00
1.05435e+00 -6.78323e-01 -9.40866e+00
1.09441e+00 -1.07296e+00 -9.98216e+00
1.13501e+00 -1.45218e+00 -8.32187e+00
1.17561e+00 -1.72940e+00 -5.27420e+00
1.21155e+00 -1.87437e+00 -2.92736e+00
1.24749e+00 -1.95042e+00 -1.44370e+00
1.29460e+00 -1.99277e+00 -4.94731e-01
1.34171e+00 -2.00594e+00 -1.23989e-01
1.38882e+00 -2.00800e+00 1.41472e-02
1.44221e+00 -2.00552e+00 6.87245e-02
1.50318e+00 -2.00063e+00 8.77572e-02
1.57336e+00 -1.99421e+00 9.37183e-02
1.65527e+00 -1.98644e+00 9.56613e-02
1.75279e+00 -1.97706e+00 9.66726e-02
1.87200e+00 -1.96548e+00 9.76610e-02
2.02530e+00 -1.95041e+00 9.89343e-02
2.21815e+00 -1.93117e+00 1.00610e-01
2.41101e+00 -1.91160e+00 1.02380e-01
2.60387e+00 -1.89167e+00 1.04253e-01
2.79672e+00 -1.87138e+00 1.06241e-01
2.98958e+00 -1.85069e+00 1.08356e-01
3.18244e+00 -1.82957e+00 1.10611e-01
3.37536e+00 -1.80800e+00 1.13024e-01
3.57108e+00 -1.78563e+00 1.15652e-01
3.76968e+00 -1.76238e+00 1.18528e-01
3.97138e+00 -1.73816e+00 1.21695e-01
4.17645e+00 -1.71285e+00 1.25208e-01
4.38516e+00 -1.68631e+00 1.29135e-01
4.59787e+00 -1.65838e+00 1.33567e-01
4.81498e+00 -1.62884e+00 1.38624e-01
5.03697e+00 -1.59743e+00 1.44471e-01
5.26445e+00 -1.56381e+00 1.51341e-01
5.49818e+00 -1.52750e+00 1.59574e-01
5.73914e+00 -1.48787e+00 1.69690e-01
5.98865e+00 -1.44398e+00 1.82537e-01
6.24856e+00 -1.39442e+00 1.99591e-01
6.52166e+00 -1.33680e+00 2.23720e-01
6.81247e+00 -1.26666e+00 2.61360e-01
7.12940e+00 -1.17396e+00 3.30792e-01
7.48801e+00 -1.02869e+00 5.09309e-01
7.69424e+00 -9.00525e-01 7.70305e-01
7.84516e+00 -7.55409e-01 1.21375e+00
7.97237e+00 -5.52714e-01 2.10516e+00
8.05724e+00 -3.24543e-01 3.42615e+00
8.12032e+00 -5.61876e-02 5.23789e+00
8.17764e+00 3.12263e-01 7.73894e+00
8.22605e+00 7.41108e-01 9.83705e+00
8.26594e+00 1.14539e+00 1.00730e+01
8.30583e+00 1.51306e+00 8.01709e+00
8.34572e+00 1.77047e+00 4.88641e+00
8.38561e+00 1.91266e+00 2.43067e+00
8.42550e+00 1.97909e+00 1.05704e+00
8.46684e+00 2.00714e+00 3.90872e-01
8.50896e+00 2.01666e+00 1.03066e-01
8.55599e+00 2.01807e+00 -2.22101e-02
8.60945e+00 2.01533e+00 -7.11829e-02
8.67052e+00 2.01036e+00 -8.80031e-02
8.74087e+00 2.00395e+00 -9.32181e-02
8.82313e+00 1.99619e+00 -9.49432e-02
8.92127e+00 1.98683e+00 -9.58942e-02
9.04163e+00 1.97523e+00 -9.68591e-02
9.19767e+00 1.96001e+00 -9.81205e-02
9.38604e+00 1.94138e+00 -9.97125e-02
9.57441e+00 1.92244e+00 -1.01390e-01
9.76277e+00 1.90318e+00 -1.03162e-01
9.95114e+00 1.88357e+00 -1.05037e-01
1.01395e+01 1.86360e+00 -1.07025e-01
1.03284e+01 1.84319e+00 -1.09145e-01
1.05197e+01 1.82209e+00 -1.11435e-01
1.07137e+01 1.80024e+00 -1.13921e-01
1.09104e+01 1.77757e+00 -1.16631e-01
1.11100e+01 1.75399e+00 -1.19604e-01
1.13129e+01 1.72940e+00 -1.22886e-01
1.15192e+01 1.70368e+00 -1.26535e-01
1.17293e+01 1.67667e+00 -1.30628e-01
1.19435e+01 1.64820e+00 -1.35264e-01
1.21622e+01 1.61804e+00 -1.40577e-01
1.23861e+01 1.58590e+00 -1.46753e-01
1.26156e+01 1.55139e+00 -1.54055e-01
1.28518e+01 1.51400e+00 -1.62877e-01
1.30956e+01 1.47300e+00 -1.73833e-01
1.33485e+01 1.42732e+00 -1.87940e-01
1.36127e+01 1.37527e+00 -2.07041e-01
1.38913e+01 1.31393e+00 -2.34865e-01
1.41900e+01 1.23752e+00 -2.80400e-01
1.45196e+01 1.13179e+00 -3.72329e-01
1.48441e+01 9.81346e-01 -5.92666e-01
1.50211e+01 8.53170e-01 -8.96891e-01
1.51611e+01 6.94341e-01 -1.44991e+00
1.53132e+01 3.70242e-01 -3.14007e+00
1.53745e+01 1.34202e-01 -4.69551e+00
1.54321e+01 -1.98397e-01 -6.99863e+00
1.54896e+01 -6.79975e-01 -9.62976e+00
1.55291e+01 -1.07727e+00 -1.01927e+01
1.55691e+01 -1.45818e+00 -8.49081e+00
1.56090e+01 -1.73670e+00 -5.38849e+00
1.56444e+01 -1.88267e+00 -2.99778e+00
1.56798e+01 -1.95945e+00 -1.48333e+00
1.57212e+01 -1.99971e+00 -5.78654e-01
1.57627e+01 -2.01437e+00 -1.84733e-01
1.58076e+01 -2.01818e+00 -1.22151e-02
1.58585e+01 -2.01668e+00 5.83747e-02
1.59166e+01 -2.01241e+00 8.38134e-02
1.59833e+01 -2.00649e+00 9.19429e-02
1.60607e+01 -1.99926e+00 9.44699e-02
1.61523e+01 -1.99054e+00 9.55599e-02
1.62634e+01 -1.97988e+00 9.64770e-02
1.64034e+01 -1.96629e+00 9.75962e-02
1.65700e+01 -1.94992e+00 9.89765e-02
1.67508e+01 -1.93188e+00 1.00546e-01
1.69319e+01 -1.91353e+00 1.02202e-01
1.71152e+01 -1.89463e+00 1.03970e-01
1.73005e+01 -1.87519e+00 1.05862e-01
1.74881e+01 -1.85515e+00 1.07892e-01
1.76780e+01 -1.83445e+00 1.10081e-01
1.78704e+01 -1.81304e+00 1.12449e-01
1.80655e+01 -1.79086e+00 1.15025e-01
1.82634e+01 -1.76782e+00 1.17840e-01
1.84643e+01 -1.74383e+00 1.20936e-01
1.86686e+01 -1.71879e+00 1.24364e-01
1.88764e+01 -1.69255e+00 1.28188e-01
1.90882e+01 -1.66495e+00 1.32494e-01
1.93043e+01 -1.63581e+00 1.37395e-01
1.95251e+01 -1.60486e+00 1.43042e-01
1.97512e+01 -1.57178e+00 1.49651e-01
1.99834e+01 -1.53614e+00 1.57531e-01
2.02226e+01 -1.49734e+00 1.67154e-01
2.04700e+01 -1.45454e+00 1.79270e-01
2.07273e+01 -1.40646e+00 1.95169e-01
2.09971e+01 -1.35098e+00 2.17286e-01
2.12832e+01 -1.28432e+00 2.50872e-01
2.15931e+01 -1.19831e+00 3.09904e-01
2.19407e+01 -1.07020e+00 4.47402e-01
2.21909e+01 -9.32052e-01 6.95426e-01
2.23507e+01 -7.94530e-01 1.07788e+00
2.24811e+01 -6.13196e-01 1.80770e+00
2.25812e+01 -3.76003e-01 3.10467e+00
2.26462e+01 -1.25607e-01 4.75489e+00
2.27036e+01 2.10224e-01 7.07762e+00
2.27611e+01 6.94866e-01 9.68368e+00
2.28005e+01 1.09334e+00 1.01710e+01
2.28404e+01 1.47060e+00 8.38915e+00
2.28803e+01 1.74398e+00 5.28265e+00
2.29162e+01 1.88841e+00 2.89141e+00
2.29522e+01 1.96311e+00 1.40542e+00
2.29967e+01 2.00276e+00 5.03242e-01
2.30413e+01 2.01577e+00 1.37074e-01
2.30873e+01 2.01820e+00 -7.92594e-03
2.31396e+01 2.01599e+00 -6.59482e-02
2.31992e+01 2.01132e+00 -8.63128e-02
2.32679e+01 2.00513e+00 -9.27031e-02
2.33478e+01 1.99762e+00 -9.47422e-02
2.34429e+01 1.98856e+00 -9.57417e-02
2.35589e+01 1.97741e+00 -9.66801e-02
2.37069e+01 1.96300e+00 -9.78702e-02
2.39042e+01 1.94353e+00 -9.95259e-02
2.41015e+01 1.92372e+00 -1.01275e-01
2.42989e+01 1.90356e+00 -1.03127e-01
2.44962e+01 1.88302e+00 -1.05091e-01
2.46935e+01 1.86208e+00 -1.07180e-01
2.48908e+01 1.84071e+00 -1.09408e-01
2.50881e+01 1.81889e+00 -1.11791e-01
2.52854e+01 1.79658e+00 -1.14348e-01
2.54827e+01 1.77375e+00 -1.17101e-01
2.56829e+01 1.75001e+00 -1.20122e-01
2.58863e+01 1.72525e+00 -1.23460e-01
2.60932e+01 1.69932e+00 -1.27176e-01
2.63040e+01 1.67209e+00 -1.31351e-01
2.65189e+01 1.64336e+00 -1.36088e-01
2.67384e+01 1.61290e+00 -1.41528e-01
2.69632e+01 1.58039e+00 -1.47868e-01
2.71938e+01 1.54545e+00 -1.55389e-01
2.74311e+01 1.50752e+00 -1.64513e-01
2.76763e+01 1.46584e+00 -1.75902e-01
2.79309e+01 1.41925e+00 -1.90673e-01
2.81972e+01 1.36592e+00 -2.10875e-01
2.84787e+01 1.30262e+00 -2.40760e-01
2.87815e+01 1.22276e+00 -2.90953e-01
2.91177e+01 1.10932e+00 -3.97588e-01
2.94174e+01 9.60796e-01 -6.33443e-01
2.95862e+01 8.29560e-01 -9.66502e-01
2.97219e+01 6.62404e-01 -1.58487e+00
2.98483e+01 3.84658e-01 -3.05178e+00
2.99121e+01 1.44081e-01 -4.62740e+00
2.99698e+01 -1.84441e-01 -6.90491e+00
3.00275e+01 -6.61783e-01 -9.56100e+00
3.00670e+01 -1.05807e+00 -1.02136e+01
3.01071e+01 -1.44347e+00 -8.60708e+00
3.01472e+01 -1.72820e+00 -5.51025e+00
3.01823e+01 -1.87702e+00 -3.10159e+00
3.02174e+01 -1.95619e+00 -1.55224e+00
3.02586e+01 -1.99832e+00 -6.12372e-01
3.02999e+01 -2.01388e+00 -2.00090e-01
3.03446e+01 -2.01814e+00 -1.88238e-02
3.03951e+01 -2.01687e+00 5.58478e-02
3.04527e+01 -2.01271e+00 8.29663e-02
3.05188e+01 -2.00688e+00 9.16845e-02
3.05955e+01 -1.99972e+00 9.43817e-02
3.06862e+01 -1.99111e+00 9.55062e-02
3.07959e+01 -1.98057e+00 9.64194e-02
3.09337e+01 -1.96721e+00 9.75202e-02
3.11095e+01 -1.94995e+00 9.89739e-02
3.12900e+01 -1.93194e+00 1.00542e-01
3.14712e+01 -1.91357e+00 1.02198e-01
3.16545e+01 -1.89468e+00 1.03966e-01
3.18398e+01 -1.87524e+00 1.05857e-01
3.20274e+01 -1.85520e+00 1.07887e-01
3.22173e+01 -1.83450e+00 1.10075e-01
3.24097e+01 -1.81310e+00 1.12443e-01
3.26047e+01 -1.79092e+00 1.15018e-01
3.28026e+01 -1.76788e+00 1.17833e-01
3.30036e+01 -1.74389e+00 1.20928e-01
3.32078e+01 -1.71885e+00 1.24355e-01
3.34157e+01 -1.69261e+00 1.28178e-01
3.36274e+01 -1.66502e+00 1.32483e-01
3.38435e+01 -1.63588e+00 1.37382e-01
3.40643e+01 -1.60494e+00 1.43027e-01
3.42904e+01 -1.57186e+00 1.49633e-01
3.45226e+01 -1.53623e+00 1.57510e-01
3.47618e+01 -1.49744e+00 1.67127e-01
3.50092e+01 -1.45465e+00 1.79236e-01
3.52664e+01 -1.40658e+00 1.95124e-01
3.55361e+01 -1.35113e+00 2.17221e-01
3.58223e+01 -1.28450e+00 2.50768e-01
3.61320e+01 -1.19856e+00 3.09704e-01
3.64795e+01 -1.07060e+00 4.46845e-01
3.67303e+01 -9.32311e-01 6.94840e-01
3.68901e+01 -7.94858e-01 1.07679e+00
3.70206e+01 -6.13671e-01 1.80546e+00
3.71209e+01 -3.76329e-01 3.10267e+00
3.71858e+01 -1.26078e-01 4.75164e+00
3.72433e+01 2.09560e-01 7.07320e+00
3.73007e+01 6.94006e-01 9.68062e+00
3.73402e+01 1.09240e+00 1.01724e+01
3.73801e+01 1.46987e+00 8.39518e+00
3.74199e+01 1.74355e+00 5.28892e+00
3.74558e+01 1.88798e+00 2.89952e+00
3.74917e+01 1.96280e+00 1.41204e+00
3.75364e+01 2.00271e+00 5.04420e-01
3.75811e+01 2.01577e+00 1.36909e-01
3.76271e+01 2.01820e+00 -7.98943e-03
3.76794e+01 2.01599e+00 -6.59718e-02
3.77390e+01 2.01132e+00 -8.63205e-02
3.78077e+01 2.00513e+00 -9.27055e-02
3.78877e+01 1.99761e+00 -9.47431e-02
3.79827e+01 1.98856e+00 -9.57423e-02
3.80987e+01 1.97740e+00 -9.66808e-02
3.82468e+01 1.96299e+00 -9.78712e-02
3.84440e+01 1.94352e+00 -9.95265e-02
3.86413e+01 1.92372e+00 -1.01275e-01
3.88386e+01 1.90356e+00 -1.03126e-01
3.90358e+01 1.88303e+00 -1.05090e-01
3.92331e+01 1.86210e+00 -1.07178e-01
3.94303e+01 1.84074e+00 -1.09406e-01
3.96276e+01 1.81892e+00 -1.11788e-01
3.98248e+01 1.79662e+00 -1.14344e-01
4.00221e+01 1.77380e+00 -1.17096e-01
4.02223e+01 1.75006e+00 -1.20115e-01
4.04257e+01 1.72530e+00 -1.23453e-01
4.06326e+01 1.69938e+00 -1.27168e-01
4.08433e+01 1.67215e+00 -1.31342e-01
4.10582e+01 1.64342e+00 -1.36078e-01
4.12778e+01 1.61296e+00 -1.41517e-01
4.15025e+01 1.58046e+00 -1.47855e-01
4.17331e+01 1.54552e+00 -1.55373e-01
4.19704e+01 1.50760e+00 -1.64493e-01
4.22155e+01 1.46593e+00 -1.75877e-01
4.24701e+01 1.41935e+00 -1.90640e-01
4.27364e+01 1.36603e+00 -2.10827e-01
4.30178e+01 1.30276e+00 -2.40687e-01
4.33206e+01 1.22294e+00 -2.90819e-01
4.36568e+01 1.10960e+00 -3.97258e-01
4.39568e+01 9.61060e-01 -6.32902e-01
4.41257e+01 8.29865e-01 -9.65577e-01
4.42614e+01 6.62821e-01 -1.58306e+00
4.43882e+01 3.84179e-01 -3.05470e+00
4.44520e+01 1.43546e-01 -4.63109e+00
4.45097e+01 -1.85188e-01 -6.90994e+00
4.45673e+01 -6.62745e-01 -9.56472e+00
4.46068e+01 -1.05908e+00 -1.02126e+01
4.46469e+01 -1.44423e+00 -8.60112e+00
4.46870e+01 -1.72864e+00 -5.50400e+00
4.47221e+01 -1.87730e+00 -3.09639e+00
4.47572e+01 -1.95635e+00 -1.54885e+00
4.47985e+01 -1.99839e+00 -6.10679e-01
4.48398e+01 -2.01391e+00 -1.99307e-01
4.48844e+01 -2.01814e+00 -1.84860e-02
4.49350e+01 -2.01686e+00 5.59774e-02
4.49926e+01 -2.01270e+00 8.30100e-02
4.50587e+01 -2.00686e+00 9.16978e-02
4.51355e+01 -1.99970e+00 9.43862e-02
4.52262e+01 -1.99108e+00 9.55088e-02
4.53360e+01 -1.98054e+00 9.64222e-02
4.54739e+01 -1.96717e+00 9.75239e-02
4.56494e+01 -1.94992e+00 9.89758e-02
4.58300e+01 -1.93192e+00 1.00544e-01
4.60112e+01 -1.91355e+00 1.02200e-01
4.61944e+01 -1.89466e+00 1.03968e-01
4.63798e+01 -1.87521e+00 1.05859e-01
4.65673e+01 -1.85517e+00 1.07890e-01
4.67573e+01 -1.83448e+00 1.10078e-01
4.69497e+01 -1.81307e+00 1.12446e-01
4.71447e+01 -1.79089e+00 1.15022e-01
4.73426e+01 -1.76785e+00 1.17837e-01
4.75436e+01 -1.74386e+00 1.20932e-01
4.77478e+01 -1.71882e+00 1.24359e-01
4.79557e+01 -1.69258e+00 1.28183e-01
4.81674e+01 -1.66499e+00 1.32489e-01
4.83835e+01 -1.63585e+00 1.37388e-01
4.86043e+01 -1.60490e+00 1.43035e-01
4.88304e+01 -1.57182e+00 1.49642e-01
4.90626e+01 -1.53618e+00 1.57521e-01
4.93018e+01 -1.49739e+00 1.67141e-01
4.95492e+01 -1.45460e+00 1.79253e-01
4.98065e+01 -1.40652e+00 1.95147e-01
5.00762e+01 -1.35106e+00 2.17253e-01
5.03624e+01 -1.28441e+00 2.50820e-01
5.06722e+01 -1.19843e+00 3.09804e-01
5.10198e+01 -1.07040e+00 4.47124e-01
5.12702e+01 -9.32181e-01 6.95133e-01
5.14300e+01 -7.94694e-01 1.07734e+00
5.15605e+01 -6.13433e-01 1.80658e+00
5.16607e+01 -3.76166e-01 3.10367e+00
5.17256e+01 -1.25842e-01 4.75327e+00
5.17831e+01 2.09892e-01 7.07541e+00
5.18405e+01 6.94436e-01 9.68215e+00
5.18800e+01 1.09287e+00 1.01717e+01
5.19199e+01 1.47023e+00 8.39217e+00
5.19597e+01 1.74377e+00 5.28579e+00
5.19956e+01 1.88819e+00 2.89555e+00
5.20316e+01 1.96295e+00 1.40883e+00
5.20762e+01 2.00273e+00 5.03861e-01
5.21208e+01 2.01577e+00 1.36999e-01
5.21668e+01 2.01820e+00 -7.95436e-03
5.22191e+01 2.01599e+00 -6.59588e-02
5.22788e+01 2.01132e+00 -8.63163e-02
5.23474e+01 2.00513e+00 -9.27042e-02
5.24274e+01 1.99762e+00 -9.47426e-02
5.25224e+01 1.98856e+00 -9.57420e-02
5.26384e+01 1.97740e+00 -9.66804e-02
5.27865e+01 1.96300e+00 -9.78706e-02
5.29838e+01 1.94353e+00 -9.95262e-02
5.31810e+01 1.92372e+00 -1.01275e-01
5.33783e+01 1.90356e+00 -1.03126e-01
5.35756e+01 1.88302e+00 -1.05090e-01
5.37729e+01 1.86209e+00 -1.07179e-01
5.39702e+01 1.84072e+00 -1.09407e-01
5.41675e+01 1.81891e+00 -1.11790e-01
5.43648e+01 1.79660e+00 -1.14346e-01
5.45621e+01 1.77377e+00 -1.17099e-01
5.47622e+01 1.75004e+00 -1.20119e-01
5.49656e+01 1.72527e+00 -1.23456e-01
5.51725e+01 1.69935e+00 -1.27173e-01
5.53833e+01 1.67212e+00 -1.31347e-01
5.55982e+01 1.64339e+00 -1.36083e-01
5.58177e+01 1.61293e+00 -1.41523e-01
5.60425e+01 1.58042e+00 -1.47862e-01
5.62731e+01 1.54548e+00 -1.55382e-01
5.65104e+01 1.50756e+00 -1.64504e-01
5.67555e+01 1.46588e+00 -1.75891e-01
5.70101e+01 1.41929e+00 -1.90658e-01
5.72764e+01 1.36597e+00 -2.10854e-01
5.75579e+01 1.30268e+00 -2.40727e-01
5.78607e+01 1.22284e+00 -2.90893e-01
5.81969e+01 1.10944e+00 -3.97440e-01
5.84968e+01 9.60915e-01 -6.33200e-01
5.86656e+01 8.29697e-01 -9.66087e-01
5.88013e+01 6.62591e-01 -1.58406e+00
5.89278e+01 3.84446e-01 -3.05307e+00
5.89916e+01 1.43845e-01 -4.62903e+00
5.90493e+01 -1.84771e-01 -6.90713e+00
5.91070e+01 -6.62208e-01 -9.56265e+00
5.91465e+01 -1.05852e+00 -1.02131e+01
5.91866e+01 -1.44381e+00 -8.60445e+00
5.92267e+01 -1.72839e+00 -5.50749e+00
5.92618e+01 -1.87714e+00 -3.09930e+00
5.92969e+01 -1.95626e+00 -1.55075e+00
5.93382e+01 -1.99835e+00 -6.11625e-01
5.93795e+01 -2.01390e+00 -1.99744e-01
5.94241e+01 -2.01814e+00 -1.86746e-02
5.94747e+01 -2.01686e+00 5.59050e-02
5.95323e+01 -2.01271e+00 8.29856e-02
5.95984e+01 -2.00687e+00 9.16904e-02
5.96751e+01 -1.99971e+00 9.43837e-02
5.97658e+01 -1.99109e+00 9.55073e-02
5.98756e+01 -1.98056e+00 9.64206e-02
6.00134e+01 -1.96719e+00 9.75218e-02
6.01891e+01 -1.94994e+00 9.89747e-02
6.03696e+01 -1.93193e+00 1.00542e-01
6.05508e+01 -1.91356e+00 1.02199e-01
6.07341e+01 -1.89467e+00 1.03967e-01
6.09194e+01 -1.87523e+00 1.05858e-01
6.11070e+01 -1.85518e+00 1.07888e-01
6.12969e+01 -1.83449e+00 1.10077e-01
6.14893e+01 -1.81309e+00 1.12445e-01
6.16843e+01 -1.79090e+00 1.15020e-01
6.18822e+01 -1.76787e+00 1.17835e-01
6.20832e+01 -1.74388e+00 1.20930e-01
6.22875e+01 -1.71883e+00 1.24357e-01
6.24953e+01 -1.69260e+00 1.28181e-01
6.27070e+01 -1.66501e+00 1.32486e-01
6.29231e+01 -1.63587e+00 1.37385e-01
6.31439e+01 -1.60492e+00 1.43031e-01
6.33700e+01 -1.57184e+00 1.49637e-01
6.36022e+01 -1.53621e+00 1.57515e-01
6.38414e+01 -1.49742e+00 1.67133e-01
6.40888e+01 -1.45463e+00 1.79244e-01
6.43461e+01 -1.40655e+00 1.95135e-01
6.46158e+01 -1.35110e+00 2.17235e-01
6.49019e+01 -1.28446e+00 2.50792e-01
6.52117e+01 -1.19850e+00 3.09749e-01
6.55592e+01 -1.07051e+00 4.46970e-01
6.58098e+01 -9.32253e-01 6.94971e-01
6.59697e+01 -7.94785e-01 1.07704e+00
6.61002e+01 -6.13565e-01 1.80596e+00
6.62004e+01 -3.76256e-01 3.10312e+00
6.62653e+01 -1.25972e-01 4.75237e+00
6.63228e+01 2.09709e-01 7.07419e+00
6.63802e+01 6.94198e-01 9.68130e+00
6.64197e+01 1.09261e+00 1.01721e+01
6.64596e+01 1.47003e+00 8.39383e+00
6.64994e+01 1.74365e+00 5.28752e+00
6.65354e+01 1.88807e+00 2.89776e+00
6.65713e+01 1.96287e+00 1.41063e+00
6.66159e+01 2.00272e+00 5.04177e-01
6.66606e+01 2.01577e+00 1.36951e-01
6.67066e+01 2.01820e+00 -7.97298e-03
6.67588e+01 2.01599e+00 -6.59657e-02
6.68185e+01 2.01132e+00 -8.63185e-02
6.68871e+01 2.00513e+00 -9.27049e-02
6.69671e+01 1.99762e+00 -9.47429e-02
6.70622e+01 1.98856e+00 -9.57422e-02
6.71782e+01 1.97740e+00 -9.66806e-02
6.73262e+01 1.96300e+00 -9.78709e-02
6.75235e+01 1.94353e+00 -9.95263e-02
6.77208e+01 1.92372e+00 -1.01275e-01
6.79181e+01 1.90356e+00 -1.03126e-01
6.81153e+01 1.88303e+00 -1.05090e-01
6.83126e+01 1.86209e+00 -1.07179e-01
6.85099e+01 1.84073e+00 -1.09406e-01
6.87072e+01 1.81892e+00 -1.11789e-01
6.89044e+01 1.79661e+00 -1.14345e-01
6.91017e+01 1.77379e+00 -1.17097e-01
6.93019e+01 1.75005e+00 -1.20117e-01
6.95053e+01 1.72528e+00 -1.23454e-01
6.97122e+01 1.69936e+00 -1.27170e-01
6.99229e+01 1.67213e+00 -1.31344e-01
7.01378e+01 1.64340e+00 -1.36080e-01
7.03574e+01 1.61294e+00 -1.41520e-01
7.05821e+01 1.58044e+00 -1.47858e-01
7.08127e+01 1.54550e+00 -1.55377e-01
7.10500e+01 1.50758e+00 -1.64498e-01
7.12952e+01 1.46590e+00 -1.75883e-01
7.15497e+01 1.41932e+00 -1.90648e-01
7.18160e+01 1.36600e+00 -2.10840e-01
7.20975e+01 1.30272e+00 -2.40706e-01
7.24003e+01 1.22289e+00 -2.90854e-01
7.27365e+01 1.10952e+00 -3.97343e-01
7.30364e+01 9.60992e-01 -6.33042e-01
7.32052e+01 8.29786e-01 -9.65816e-01
7.33410e+01 6.62713e-01 -1.58353e+00
7.34676e+01 3.84305e-01 -3.05393e+00
7.35314e+01 1.43687e-01 -4.63012e+00
7.35891e+01 -1.84991e-01 -6.90861e+00
7.36468e+01 -6.62492e-01 -9.56374e+00
7.36863e+01 -1.05881e+00 -1.02129e+01
7.37264e+01 -1.44403e+00 -8.60270e+00
7.37665e+01 -1.72852e+00 -5.50565e+00
7.38016e+01 -1.87723e+00 -3.09776e+00
7.38367e+01 -1.95631e+00 -1.54975e+00
7.38780e+01 -1.99837e+00 -6.11126e-01
7.39192e+01 -2.01390e+00 -1.99514e-01
7.39639e+01 -2.01814e+00 -1.85751e-02
7.40145e+01 -2.01686e+00 5.59432e-02
7.40721e+01 -2.01270e+00 8.29985e-02
7.41382e+01 -2.00687e+00 9.16943e-02
7.42149e+01 -1.99970e+00 9.43850e-02
7.43056e+01 -1.99109e+00 9.55081e-02
7.44154e+01 -1.98055e+00 9.64215e-02
7.45533e+01 -1.96718e+00 9.75229e-02
7.47289e+01 -1.94993e+00 9.89753e-02
7.49094e+01 -1.93192e+00 1.00543e-01
7.50906e+01 -1.91356e+00 1.02200e-01
7.52739e+01 -1.89466e+00 1.03967e-01
7.54592e+01 -1.87522e+00 1.05859e-01
7.56468e+01 -1.85518e+00 1.07889e-01
7.58367e+01 -1.83448e+00 1.10077e-01
7.60291e+01 -1.81308e+00 1.12446e-01
7.62241e+01 -1.79090e+00 1.15021e-01
7.64221e+01 -1.76786e+00 1.17836e-01
7.66230e+01 -1.74387e+00 1.20931e-01
7.68273e+01 -1.71882e+00 1.24358e-01
7.70351e+01 -1.69259e+00 1.28182e-01
7.72469e+01 -1.66500e+00 1.32487e-01
7.74629e+01 -1.63585e+00 1.37387e-01
7.76837e+01 -1.60491e+00 1.43033e-01
7.79099e+01 -1.57183e+00 1.49640e-01
7.81421e+01 -1.53620e+00 1.57518e-01
7.83812e+01 -1.49740e+00 1.67137e-01
7.86286e+01 -1.45461e+00 1.79249e-01
7.88859e+01 -1.40653e+00 1.95141e-01
7.91556e+01 -1.35108e+00 2.17245e-01
7.94418e+01 -1.28443e+00 2.50807e-01
7.97515e+01 -1.19846e+00 3.09779e-01
8.00991e+01 -1.07045e+00 4.47052e-01
8.03496e+01 -9.32215e-01 6.95057e-01
8.05095e+01 -7.94737e-01 1.07719e+00
8.06399e+01 -6.13495e-01 1.80629e+00
8.07401e+01 -3.76208e-01 3.10341e+00
8.08051e+01 -1.25903e-01 4.75285e+00
8.08625e+01 2.09806e-01 7.07484e+00
8.09200e+01 6.94324e-01 9.68175e+00
8.09595e+01 1.09275e+00 1.01719e+01
8.09993e+01 1.47014e+00 8.39295e+00
8.10392e+01 1.74371e+00 5.28660e+00
8.10751e+01 1.88813e+00 2.89659e+00
8.11110e+01 1.96291e+00 1.40968e+00
8.11557e+01 2.00273e+00 5.04012e-01
8.12003e+01 2.01577e+00 1.36977e-01
8.12463e+01 2.01820e+00 -7.96285e-03
8.12986e+01 2.01599e+00 -6.59620e-02
8.13583e+01 2.01132e+00 -8.63173e-02
8.14269e+01 2.00513e+00 -9.27045e-02
8.15069e+01 1.99762e+00 -9.47427e-02
8.16019e+01 1.98856e+00 -9.57421e-02
8.17179e+01 1.97740e+00 -9.66805e-02
8.18660e+01 1.96300e+00 -9.78707e-02
8.20633e+01 1.94353e+00 -9.95262e-02
8.22605e+01 1.92372e+00 -1.01275e-01
8.24578e+01 1.90356e+00 -1.03126e-01
8.26551e+01 1.88302e+00 -1.05090e-01
8.28524e+01 1.86209e+00 -1.07179e-01
8.30497e+01 1.84073e+00 -1.09407e-01
8.32469e+01 1.81891e+00 -1.11789e-01
8.34442e+01 1.79661e+00 -1.14346e-01
8.36415e+01 1.77378e+00 -1.17098e-01
8.38417e+01 1.75004e+00 -1.20118e-01
8.40451e+01 1.72528e+00 -1.23456e-01
8.42520e+01 1.69935e+00 -1.27172e-01
8.44627e+01 1.67212e+00 -1.31346e-01
8.46776e+01 1.64340e+00 -1.36082e-01
8.48972e+01 1.61293e+00 -1.41522e-01
8.51219e+01 1.58043e+00 -1.47860e-01
8.53525e+01 1.54549e+00 -1.55380e-01
8.55898e+01 1.50757e+00 -1.64501e-01
8.58350e+01 1.46589e+00 -1.75887e-01
8.60896e+01 1.41931e+00 -1.90653e-01
8.63558e+01 1.36599e+00 -2.10847e-01
8.66373e+01 1.30270e+00 -2.40717e-01
8.69401e+01 1.22286e+00 -2.90875e-01
8.72763e+01 1.10948e+00 -3.97396e-01
8.75762e+01 9.60950e-01 -6.33128e-01
8.77450e+01 8.29737e-01 -9.65963e-01
8.78807e+01 6.62647e-01 -1.58381e+00
8.80074e+01 3.84382e-01 -3.05346e+00
8.80712e+01 1.43773e-01 -4.62952e+00
8.81289e+01 -1.84871e-01 -6.90780e+00
8.81865e+01 -6.62337e-01 -9.56314e+00
8.82260e+01 -1.05865e+00 -1.02130e+01
8.82661e+01 -1.44391e+00 -8.60365e+00
8.83062e+01 -1.72845e+00 -5.50665e+00
8.83413e+01 -1.87718e+00 -3.09860e+00
8.83764e+01 -1.95628e+00 -1.55029e+00
8.84177e+01 -1.99836e+00 -6.11399e-01
8.84590e+01 -2.01390e+00 -1.99639e-01
8.85036e+01 -2.01814e+00 -1.86294e-02
8.85542e+01 -2.01686e+00 5.59224e-02
8.86118e+01 -2.01270e+00 8.29915e-02
8.86779e+01 -2.00687e+00 9.16922e-02
8.87546e+01 -1.99971e+00 9.43843e-02
8.88453e+01 -1.99109e+00 9.55077e-02
8.89551e+01 -1.98056e+00 9.64210e-02
8.90930e+01 -1.96718e+00 9.75223e-02
8.92686e+01 -1.94993e+00 9.89750e-02
8.94491e+01 -1.93193e+00 1.00543e-01
8.96303e+01 -1.91356e+00 1.02199e-01
8.98136e+01 -1.89467e+00 1.03967e-01
8.99989e+01 -1.87522e+00 1.05858e-01
9.01865e+01 -1.85518e+00 1.07889e-01
9.03764e+01 -1.83449e+00 1.10077e-01
9.05688e+01 -1.81308e+00 1.12445e-01
9.07639e+01 -1.79090e+00 1.15020e-01
9.09618e+01 -1.76786e+00 1.17835e-01
9.11627e+01 -1.74388e+00 1.20931e-01
9.13670e+01 -1.71883e+00 1.24358e-01
9.15748e+01 -1.69259e+00 1.28181e-01
9.17866e+01 -1.66500e+00 1.32487e-01
9.20026e+01 -1.63586e+00 1.37386e-01
9.22234e+01 -1.60491e+00 1.43032e-01
9.24496e+01 -1.57184e+00 1.49638e-01
9.26818e+01 -1.53620e+00 1.57516e-01
9.29209e+01 -1.49741e+00 1.67135e-01
9.31683e+01 -1.45462e+00 1.79246e-01
9.34256e+01 -1.40654e+00 1.95138e-01
9.36953e+01 -1.35109e+00 2.17240e-01
9.39815e+01 -1.28445e+00 2.50799e-01
9.42912e+01 -1.19848e+00 3.09763e-01
9.46388e+01 -1.07048e+00 4.47008e-01
9.48894e+01 -9.32236e-01 6.95010e-01
9.50492e+01 -7.94763e-01 1.07711e+00
9.51797e+01 -6.13533e-01 1.80611e+00
9.52799e+01 -3.76234e-01 3.10325e+00
9.53448e+01 -1.25941e-01 4.75259e+00
9.54023e+01 2.09753e-01 7.07449e+00
9.54597e+01 6.94256e-01 9.68151e+00
9.54992e+01 1.09268e+00 1.01720e+01
9.55391e+01 1.47008e+00 8.39343e+00
9.55789e+01 1.74368e+00 5.28710e+00
9.56149e+01 1.88810e+00 2.89723e+00
9.56508e+01 1.96289e+00 1.41020e+00
9.56954e+01 2.00272e+00 5.04102e-01
9.57400e+01 2.01577e+00 1.36963e-01
9.57860e+01 2.01820e+00 -7.96830e-03
9.58383e+01 2.01599e+00 -6.59640e-02
9.58980e+01 2.01132e+00 -8.63180e-02
9.59666e+01 2.00513e+00 -9.27047e-02
9.60466e+01 1.99762e+00 -9.47428e-02
9.61417e+01 1.98856e+00 -9.57421e-02
9.62577e+01 1.97740e+00 -9.66806e-02
9.64057e+01 1.96300e+00 -9.78708e-02
9.66030e+01 1.94353e+00 -9.95263e-02
9.68003e+01 1.92372e+00 -1.01275e-01
9.69976e+01 1.90356e+00 -1.03126e-01
9.71948e+01 1.88303e+00 -1.05090e-01
9.73921e+01 1.86209e+00 -1.07179e-01
9.75894e+01 1.84073e+00 -1.09407e-01
9.77867e+01 1.81891e+00 -1.11789e-01
9.79839e+01 1.79661e+00 -1.14345e-01
9.81812e+01 1.77378e+00 -1.17097e-01
9.83814e+01 1.75005e+00 -1.20117e-01
9.85848e+01 1.72528e+00 -1.23455e-01
9.87917e+01 1.69936e+00 -1.27171e-01
9.90024e+01 1.67213e+00 -1.31345e-01
9.92173e+01 1.64340e+00 -1.36081e-01
9.94369e+01 1.61294e+00 -1.41521e-01
9.96616e+01 1.58044e+00 -1.47859e-01
9.98922e+01 1.54550e+00 -1.55379e-01
1.00000e+02 1.52854e+00 -1.59324e-01
