1.00000e-06 1.00000e+00 -1.00000e-06
6.00000e-06 1.00000e+00 -6.00000e-06
3.10000e-05 1.00000e+00 -3.10000e-05
1.56000e-04 1.00000e+00 -1.56000e-04
7.81000e-04 1.00000e+00 -7.81000e-04
3.90600e-03 9.99992e-01 -3.90599e-03
1.95310e-02 9.99809e-01 -1.95301e-02
9.76560e-02 9.95231e-01 -9.77051e-02
3.78432e-01 9.25670e-01 -4.17734e-01
5.36968e-01 8.37001e-01 -7.35748e-01
6.60769e-01 7.17969e-01 -1.25510e+00
7.61252e-01 5.50260e-01 -2.21854e+00
8.34350e-01 3.38165e-01 -3.77673e+00
8.84936e-01 1.00075e-01 -5.81805e+00
9.29440e-01 -2.18031e-01 -8.64475e+00
9.73944e-01 -6.76675e-01 -1.18547e+01
1.00455e+00 -1.05716e+00 -1.26378e+01
1.03562e+00 -1.42758e+00 -1.07491e+01
1.06668e+00 -1.70561e+00 -7.04514e+00
1.09365e+00 -1.85397e+00 -4.10018e+00
1.12062e+00 -1.93585e+00 -2.13945e+00
1.15240e+00 -1.98177e+00 -9.04404e-01
1.18417e+00 -2.00040e+00 -3.44119e-01
1.21812e+00 -2.00717e+00 -9.24431e-02
1.25629e+00 -2.00830e+00 1.49924e-02
1.29957e+00 -2.00660e+00 5.56147e-02
1.34891e+00 -2.00345e+00 6.90311e-02
1.40572e+00 -1.99939e+00 7.29441e-02
1.47218e+00 -1.99450e+00 7.40777e-02
1.55154e+00 -1.98860e+00 7.45904e-02
1.64889e+00 -1.98132e+00 7.50662e-02
1.77359e+00 -1.97192e+00 7.56670e-02
1.92877e+00 -1.96012e+00 7.64347e-02
2.08724e+00 -1.94794e+00 7.72452e-02
2.24723e+00 -1.93551e+00 7.80922e-02
2.40843e+00 -1.92285e+00 7.89767e-02
2.57079e+00 -1.90996e+00 7.99009e-02
2.73434e+00 -1.89681e+00 8.08681e-02
2.89914e+00 -1.88340e+00 8.18817e-02
3.06522e+00 -1.86971e+00 8.29459e-02
3.23267e+00 -1.85573e+00 8.40651e-02
3.40154e+00 -1.84144e+00 8.52445e-02
3.57190e+00 -1.82681e+00 8.64899e-02
3.74382e+00 -1.81183e+00 8.78080e-02
3.91738e+00 -1.79647e+00 8.92064e-02
4.09267e+00 -1.78070e+00 9.06939e-02
4.26978e+00 -1.76450e+00 9.22808e-02
4.44881e+00 -1.74783e+00 9.39790e-02
4.62986e+00 -1.73065e+00 9.58025e-02
4.81308e+00 -1.71292e+00 9.77682e-02
4.99857e+00 -1.69459e+00 9.98960e-02
5.18651e+00 -1.67560e+00 1.02210e-01
5.37705e+00 -1.65589e+00 1.04740e-01
5.57039e+00 -1.63537e+00 1.07523e-01
5.76675e+00 -1.61396e+00 1.10604e-01
5.96638e+00 -1.59154e+00 1.14043e-01
6.16958e+00 -1.56798e+00 1.17916e-01
6.37670e+00 -1.54311e+00 1.22323e-01
6.58816e+00 -1.51672e+00 1.27403e-01
6.80448e+00 -1.48853e+00 1.33347e-01
7.02630e+00 -1.45819e+00 1.40436e-01
7.25446e+00 -1.42519e+00 1.49089e-01
7.49004e+00 -1.38883e+00 1.59981e-01
7.73460e+00 -1.34803e+00 1.74265e-01
7.99036e+00 -1.30106e+00 1.94111e-01
8.26090e+00 -1.24475e+00 2.24187e-01
8.55261e+00 -1.17239e+00 2.76847e-01
8.87810e+00 -1.06538e+00 3.98568e-01
9.11663e+00 -9.47640e-01 6.24636e-01
9.26102e+00 -8.36693e-01 9.56737e-01
9.37487e+00 -6.98459e-01 1.55389e+00
9.47328e+00 -4.93657e-01 2.79544e+00
9.53381e+00 -2.79731e-01 4.44944e+00
9.58150e+00 -1.70606e-02 6.75534e+00
9.63011e+00 3.92756e-01 1.02535e+01
9.66443e+00 7.86580e-01 1.24997e+01
9.69530e+00 1.18017e+00 1.25404e+01
9.72232e+00 1.49260e+00 1.02714e+01
9.74936e+00 1.72524e+00 6.89192e+00
9.77650e+00 1.87000e+00 3.93346e+00
9.80364e+00 1.94840e+00 2.01494e+00
9.83515e+00 1.99113e+00 8.45003e-01
9.86666e+00 2.00832e+00 3.18056e-01
9.90057e+00 2.01448e+00 8.10491e-02
9.93875e+00 2.01533e+00 -1.92886e-02
9.98206e+00 2.01352e+00 -5.68315e-02
1.00314e+01 2.01035e+00 -6.90978e-02
1.00884e+01 2.00629e+00 -7.26437e-02
1.01550e+01 2.00141e+00 -7.36774e-02
1.02348e+01 1.99551e+00 -7.41655e-02
1.03328e+01 1.98822e+00 -7.46331e-02
1.04589e+01 1.97877e+00 -7.52293e-02
1.06148e+01 1.96698e+00 -7.59860e-02
1.07724e+01 1.95494e+00 -7.67769e-02
1.09320e+01 1.94263e+00 -7.76049e-02
1.10925e+01 1.93010e+00 -7.84679e-02
1.12542e+01 1.91734e+00 -7.93692e-02
1.14171e+01 1.90433e+00 -8.03115e-02
1.15812e+01 1.89108e+00 -8.12982e-02
1.17465e+01 1.87755e+00 -8.23330e-02
1.19132e+01 1.86374e+00 -8.34202e-02
1.20812e+01 1.84962e+00 -8.45647e-02
1.22507e+01 1.83519e+00 -8.57717e-02
1.24217e+01 1.82041e+00 -8.70475e-02
1.25944e+01 1.80527e+00 -8.83991e-02
1.27687e+01 1.78974e+00 -8.98347e-02
1.29447e+01 1.77379e+00 -9.13636e-02
1.31226e+01 1.75739e+00 -9.29968e-02
1.33025e+01 1.74050e+00 -9.47471e-02
1.34845e+01 1.72309e+00 -9.66295e-02
1.36687e+01 1.70511e+00 -9.86623e-02
1.38552e+01 1.68650e+00 -1.00867e-01
1.40442e+01 1.66721e+00 -1.03270e-01
1.42359e+01 1.64716e+00 -1.05904e-01
1.44306e+01 1.62628e+00 -1.08809e-01
1.46283e+01 1.60445e+00 -1.12036e-01
1.48294e+01 1.58156e+00 -1.15651e-01
1.50343e+01 1.55745e+00 -1.19739e-01
1.52432e+01 1.53196e+00 -1.24416e-01
1.54567e+01 1.50483e+00 -1.29840e-01
1.56753e+01 1.47577e+00 -1.36236e-01
1.58997e+01 1.44435e+00 -1.43934e-01
1.61309e+01 1.41001e+00 -1.53447e-01
1.63701e+01 1.37190e+00 -1.65615e-01
1.66192e+01 1.32872e+00 -1.81932e-01
1.68807e+01 1.27825e+00 -2.05356e-01
1.71593e+01 1.21623e+00 -2.42762e-01
1.74635e+01 1.13264e+00 -3.14812e-01
1.78068e+01 9.96363e-01 -5.16967e-01
1.79659e+01 8.97275e-01 -7.59714e-01
1.80947e+01 7.75083e-01 -1.19744e+00
1.81977e+01 6.15906e-01 -2.00639e+00
1.82855e+01 3.78069e-01 -3.65279e+00
1.83357e+01 1.51485e-01 -5.55404e+00
1.83802e+01 -1.52528e-01 -8.26950e+00
1.84248e+01 -5.96383e-01 -1.16224e+01
1.84553e+01 -9.75091e-01 -1.28618e+01
1.84868e+01 -1.36628e+00 -1.14755e+01
1.85150e+01 -1.64591e+00 -8.22452e+00
1.85431e+01 -1.82834e+00 -4.85824e+00
1.85712e+01 -1.92924e+00 -2.50718e+00
1.86019e+01 -1.98208e+00 -1.10357e+00
1.86330e+01 -2.00466e+00 -4.37502e-01
1.86658e+01 -2.01333e+00 -1.34594e-01
1.87026e+01 -2.01544e+00 -2.33248e-03
1.87442e+01 -2.01426e+00 4.91897e-02
1.87916e+01 -2.01143e+00 6.67427e-02
1.88460e+01 -2.00762e+00 7.19871e-02
1.89094e+01 -2.00300e+00 7.34649e-02
1.89847e+01 -1.99745e+00 7.40293e-02
1.90764e+01 -1.99064e+00 7.44804e-02
1.91922e+01 -1.98198e+00 7.50255e-02
1.93619e+01 -1.96918e+00 7.58434e-02
1.95317e+01 -1.95623e+00 7.66911e-02
1.97014e+01 -1.94314e+00 7.75699e-02
1.98712e+01 -1.92989e+00 7.84820e-02
2.00409e+01 -1.91649e+00 7.94296e-02
2.02107e+01 -1.90293e+00 8.04150e-02
2.03805e+01 -1.88919e+00 8.14408e-02
2.05502e+01 -1.87527e+00 8.25099e-02
2.07200e+01 -1.86117e+00 8.36255e-02
2.08897e+01 -1.84688e+00 8.47911e-02
2.10595e+01 -1.83238e+00 8.60109e-02
2.12309e+01 -1.81753e+00 8.73010e-02
2.14038e+01 -1.80232e+00 8.86681e-02
2.15784e+01 -1.78671e+00 9.01209e-02
2.17548e+01 -1.77067e+00 9.16689e-02
2.19331e+01 -1.75418e+00 9.33235e-02
2.21134e+01 -1.73720e+00 9.50979e-02
2.22958e+01 -1.71968e+00 9.70077e-02
2.24804e+01 -1.70159e+00 9.90717e-02
2.26674e+01 -1.68285e+00 1.01312e-01
2.28569e+01 -1.66342e+00 1.03757e-01
2.30492e+01 -1.64322e+00 1.06439e-01
2.32444e+01 -1.62216e+00 1.09402e-01
2.34428e+01 -1.60014e+00 1.12698e-01
2.36446e+01 -1.57702e+00 1.16396e-01
2.38502e+01 -1.55267e+00 1.20588e-01
2.40599e+01 -1.52688e+00 1.25394e-01
2.42743e+01 -1.49941e+00 1.30985e-01
2.44940e+01 -1.46993e+00 1.37601e-01
2.47196e+01 -1.43800e+00 1.45601e-01
2.49523e+01 -1.40302e+00 1.55544e-01
2.51932e+01 -1.36405e+00 1.68365e-01
2.54444e+01 -1.31968e+00 1.85748e-01
2.57088e+01 -1.26742e+00 2.11123e-01
2.59915e+01 -1.20234e+00 2.52779e-01
2.63022e+01 -1.11224e+00 3.37381e-01
2.66044e+01 -9.85027e-01 5.40111e-01
2.67637e+01 -8.80275e-01 8.11105e-01
2.68876e+01 -7.54291e-01 1.28794e+00
2.69881e+01 -5.86033e-01 2.18670e+00
2.70655e+01 -3.63760e-01 3.76529e+00
2.71159e+01 -1.28123e-01 5.76076e+00
2.71601e+01 1.84516e-01 8.54856e+00
2.72044e+01 6.37209e-01 1.18478e+01
2.72348e+01 1.01805e+00 1.28611e+01
2.72658e+01 1.39921e+00 1.12012e+01
2.72972e+01 1.69402e+00 7.43973e+00
2.73237e+01 1.84931e+00 4.40064e+00
2.73502e+01 1.93629e+00 2.32789e+00
2.73833e+01 1.98756e+00 9.47945e-01
2.74165e+01 2.00753e+00 3.44424e-01
2.74501e+01 2.01425e+00 9.27563e-02
2.74879e+01 2.01538e+00 -1.46342e-02
2.75308e+01 2.01371e+00 -5.52144e-02
2.75797e+01 2.01062e+00 -6.86076e-02
2.76360e+01 2.00662e+00 -7.25075e-02
2.77018e+01 2.00180e+00 -7.36309e-02
2.77805e+01 1.99599e+00 -7.41328e-02
2.78769e+01 1.98882e+00 -7.45952e-02
2.80003e+01 1.97958e+00 -7.51778e-02
2.81541e+01 1.96796e+00 -7.59227e-02
2.83119e+01 1.95591e+00 -7.67122e-02
2.84712e+01 1.94363e+00 -7.75365e-02
2.86317e+01 1.93112e+00 -7.83967e-02
2.87933e+01 1.91838e+00 -7.92948e-02
2.89560e+01 1.90540e+00 -8.02337e-02
2.91200e+01 1.89216e+00 -8.12166e-02
2.92853e+01 1.87865e+00 -8.22474e-02
2.94518e+01 1.86487e+00 -8.33302e-02
2.96198e+01 1.85078e+00 -8.44698e-02
2.97891e+01 1.83637e+00 -8.56716e-02
2.99600e+01 1.82162e+00 -8.69416e-02
3.01325e+01 1.80651e+00 -8.82868e-02
3.03067e+01 1.79101e+00 -8.97152e-02
3.04826e+01 1.77509e+00 -9.12362e-02
3.06604e+01 1.75873e+00 -9.28605e-02
3.08401e+01 1.74189e+00 -9.46008e-02
3.10219e+01 1.72452e+00 -9.64719e-02
3.12059e+01 1.70659e+00 -9.84917e-02
3.13922e+01 1.68803e+00 -1.00682e-01
3.15810e+01 1.66880e+00 -1.03067e-01
3.17725e+01 1.64882e+00 -1.05681e-01
3.19669e+01 1.62800e+00 -1.08562e-01
3.21644e+01 1.60625e+00 -1.11761e-01
3.23652e+01 1.58345e+00 -1.15342e-01
3.25697e+01 1.55945e+00 -1.19388e-01
3.27783e+01 1.53408e+00 -1.24012e-01
3.29914e+01 1.50709e+00 -1.29369e-01
3.32096e+01 1.47820e+00 -1.35675e-01
3.34335e+01 1.44699e+00 -1.43252e-01
3.36641e+01 1.41292e+00 -1.52593e-01
3.39026e+01 1.37515e+00 -1.64503e-01
3.41508e+01 1.33245e+00 -1.80402e-01
3.44112e+01 1.28268e+00 -2.03077e-01
3.46882e+01 1.22184e+00 -2.38897e-01
3.49898e+01 1.14068e+00 -3.06516e-01
3.53301e+01 1.01092e+00 -4.88864e-01
3.55025e+01 9.08898e-01 -7.26290e-01
3.56348e+01 7.89269e-01 -1.13838e+00
3.57398e+01 6.35572e-01 -1.89239e+00
3.58504e+01 3.29227e-01 -4.04181e+00
3.58970e+01 9.84795e-02 -6.02467e+00
3.59410e+01 -2.26336e-01 -8.90801e+00
3.59850e+01 -6.91766e-01 -1.21189e+01
3.60153e+01 -1.07485e+00 -1.28077e+01
3.60459e+01 -1.44322e+00 -1.07915e+01
3.60765e+01 -1.71753e+00 -7.03014e+00
3.61033e+01 -1.86410e+00 -4.06831e+00
3.61301e+01 -1.94459e+00 -2.11403e+00
3.61615e+01 -1.98945e+00 -8.93718e-01
3.61929e+01 -2.00765e+00 -3.40362e-01
3.62266e+01 -2.01428e+00 -9.09482e-02
3.62645e+01 -2.01537e+00 1.53559e-02
3.63074e+01 -2.01369e+00 5.54662e-02
3.63564e+01 -2.01058e+00 6.86842e-02
3.64128e+01 -2.00657e+00 7.25288e-02
3.64787e+01 -2.00174e+00 7.36381e-02
3.65575e+01 -1.99592e+00 7.41377e-02
3.66542e+01 -1.98873e+00 7.46008e-02
3.67780e+01 -1.97946e+00 7.51854e-02
3.69322e+01 -1.96780e+00 7.59327e-02
3.70900e+01 -1.95576e+00 7.67224e-02
3.72493e+01 -1.94347e+00 7.75473e-02
3.74098e+01 -1.93096e+00 7.84080e-02
3.75714e+01 -1.91821e+00 7.93065e-02
3.77342e+01 -1.90523e+00 8.02459e-02
3.78982e+01 -1.89199e+00 8.12295e-02
3.80635e+01 -1.87848e+00 8.22609e-02
3.82300e+01 -1.86469e+00 8.33444e-02
3.83980e+01 -1.85059e+00 8.44848e-02
3.85674e+01 -1.83618e+00 8.56874e-02
3.87383e+01 -1.82143e+00 8.69583e-02
3.89108e+01 -1.80631e+00 8.83045e-02
3.90850e+01 -1.79081e+00 8.97341e-02
3.92609e+01 -1.77489e+00 9.12563e-02
3.94387e+01 -1.75852e+00 9.28820e-02
3.96185e+01 -1.74167e+00 9.46238e-02
3.98003e+01 -1.72430e+00 9.64967e-02
3.99843e+01 -1.70635e+00 9.85186e-02
4.01707e+01 -1.68779e+00 1.00711e-01
4.03595e+01 -1.66855e+00 1.03099e-01
4.05511e+01 -1.64856e+00 1.05716e-01
4.07455e+01 -1.62773e+00 1.08601e-01
4.09430e+01 -1.60597e+00 1.11804e-01
4.11439e+01 -1.58315e+00 1.15390e-01
4.13485e+01 -1.55914e+00 1.19443e-01
4.15571e+01 -1.53374e+00 1.24076e-01
4.17702e+01 -1.50674e+00 1.29443e-01
4.19885e+01 -1.47782e+00 1.35763e-01
4.22125e+01 -1.44658e+00 1.43359e-01
4.24432e+01 -1.41246e+00 1.52727e-01
4.26818e+01 -1.37464e+00 1.64677e-01
4.29301e+01 -1.33186e+00 1.80641e-01
4.31907e+01 -1.28199e+00 2.03431e-01
4.34679e+01 -1.22097e+00 2.39495e-01
4.37700e+01 -1.13943e+00 3.07784e-01
4.41107e+01 -1.00867e+00 4.93086e-01
4.42810e+01 -9.07152e-01 7.31223e-01
4.44127e+01 -7.87137e-01 1.14711e+00
4.45175e+01 -6.32647e-01 1.90910e+00
4.46276e+01 -3.24831e-01 4.07750e+00
4.46740e+01 -9.28845e-02 6.07465e+00
4.47180e+01 2.34311e-01 8.97578e+00
4.47620e+01 7.02196e-01 1.21666e+01
4.47922e+01 1.08605e+00 1.27899e+01
4.48228e+01 1.45203e+00 1.07035e+01
4.48534e+01 1.72287e+00 6.93472e+00
4.48803e+01 1.86760e+00 3.98846e+00
4.49071e+01 1.94663e+00 2.06113e+00
4.49385e+01 1.99024e+00 8.70877e-01
4.49698e+01 2.00793e+00 3.31233e-01
4.50036e+01 2.01437e+00 8.68909e-02
4.50416e+01 2.01536e+00 -1.69716e-02
4.50847e+01 2.01362e+00 -5.60286e-02
4.51338e+01 2.01048e+00 -6.88550e-02
4.51904e+01 2.00646e+00 -7.25763e-02
4.52567e+01 2.00161e+00 -7.36542e-02
4.53358e+01 1.99576e+00 -7.41489e-02
4.54330e+01 1.98852e+00 -7.46138e-02
4.55578e+01 1.97918e+00 -7.52030e-02
4.57128e+01 1.96746e+00 -7.59546e-02
4.58705e+01 1.95542e+00 -7.67448e-02
4.60299e+01 1.94312e+00 -7.75710e-02
4.61904e+01 1.93060e+00 -7.84326e-02
4.63521e+01 1.91785e+00 -7.93323e-02
4.65149e+01 1.90486e+00 -8.02729e-02
4.66789e+01 1.89161e+00 -8.12577e-02
4.68442e+01 1.87810e+00 -8.22906e-02
4.70108e+01 1.86430e+00 -8.33756e-02
4.71788e+01 1.85019e+00 -8.45177e-02
4.73483e+01 1.83577e+00 -8.57221e-02
4.75192e+01 1.82101e+00 -8.69950e-02
4.76918e+01 1.80588e+00 -8.83434e-02
4.78660e+01 1.79037e+00 -8.97755e-02
4.80420e+01 1.77443e+00 -9.13005e-02
4.82198e+01 1.75805e+00 -9.29292e-02
4.83996e+01 1.74119e+00 -9.46745e-02
4.85815e+01 1.72380e+00 -9.65514e-02
4.87656e+01 1.70584e+00 -9.85777e-02
4.89520e+01 1.68726e+00 -1.00775e-01
4.91410e+01 1.66800e+00 -1.03170e-01
4.93326e+01 1.64798e+00 -1.05793e-01
4.95271e+01 1.62713e+00 -1.08687e-01
4.97247e+01 1.60534e+00 -1.11900e-01
4.99257e+01 1.58249e+00 -1.15497e-01
5.01304e+01 1.55845e+00 -1.19565e-01
5.03391e+01 1.53301e+00 -1.24216e-01
5.05524e+01 1.50595e+00 -1.29606e-01
5.07708e+01 1.47697e+00 -1.35957e-01
5.09950e+01 1.44566e+00 -1.43595e-01
5.12259e+01 1.41145e+00 -1.53022e-01
5.14647e+01 1.37352e+00 -1.65061e-01
5.17133e+01 1.33057e+00 -1.81169e-01
5.19743e+01 1.28045e+00 -2.04217e-01
5.22521e+01 1.21902e+00 -2.40825e-01
5.25550e+01 1.13666e+00 -3.10626e-01
5.28969e+01 1.00366e+00 -5.02644e-01
5.30624e+01 9.03197e-01 -7.42513e-01
5.31930e+01 7.82309e-01 -1.16708e+00
5.32970e+01 6.25986e-01 -1.94749e+00
5.33902e+01 3.76988e-01 -3.66125e+00
5.34398e+01 1.52642e-01 -5.54384e+00
5.34844e+01 -1.51010e-01 -8.25618e+00
5.35290e+01 -5.94537e-01 -1.16117e+01
5.35596e+01 -9.73231e-01 -1.28611e+01
5.35911e+01 -1.36487e+00 -1.14867e+01
5.36192e+01 -1.64487e+00 -8.24082e+00
5.36473e+01 -1.82770e+00 -4.87200e+00
5.36755e+01 -1.92890e+00 -2.51583e+00
5.37061e+01 -1.98186e+00 -1.10981e+00
5.37371e+01 -2.00457e+00 -4.40328e-01
5.37700e+01 -2.01329e+00 -1.35874e-01
5.38067e+01 -2.01544e+00 -2.85915e-03
5.38483e+01 -2.01428e+00 4.89997e-02
5.38957e+01 -2.01145e+00 6.66829e-02
5.39500e+01 -2.00765e+00 7.19704e-02
5.40133e+01 -2.00304e+00 7.34598e-02
5.40885e+01 -1.99749e+00 7.40264e-02
5.41801e+01 -1.99069e+00 7.44773e-02
5.42957e+01 -1.98205e+00 7.50214e-02
5.44645e+01 -1.96931e+00 7.58347e-02
5.46334e+01 -1.95644e+00 7.66773e-02
5.48022e+01 -1.94342e+00 7.75507e-02
5.49710e+01 -1.93025e+00 7.84570e-02
5.51398e+01 -1.91693e+00 7.93983e-02
5.53086e+01 -1.90344e+00 8.03769e-02
5.54775e+01 -1.88979e+00 8.13954e-02
5.56463e+01 -1.87596e+00 8.24566e-02
5.58151e+01 -1.86194e+00 8.35637e-02
5.59839e+01 -1.84774e+00 8.47199e-02
5.61537e+01 -1.83326e+00 8.59359e-02
5.63249e+01 -1.81843e+00 8.72214e-02
5.64977e+01 -1.80324e+00 8.85836e-02
5.66722e+01 -1.78766e+00 9.00310e-02
5.68486e+01 -1.77165e+00 9.15730e-02
5.70267e+01 -1.75519e+00 9.32208e-02
5.72069e+01 -1.73824e+00 9.49876e-02
5.73891e+01 -1.72075e+00 9.68888e-02
5.75736e+01 -1.70269e+00 9.89429e-02
5.77605e+01 -1.68400e+00 1.01172e-01
5.79498e+01 -1.66461e+00 1.03604e-01
5.81419e+01 -1.64446e+00 1.06271e-01
5.83369e+01 -1.62345e+00 1.09215e-01
5.85351e+01 -1.60149e+00 1.12489e-01
5.87367e+01 -1.57845e+00 1.16161e-01
5.89421e+01 -1.55417e+00 1.20320e-01
5.91516e+01 -1.52848e+00 1.25085e-01
5.93657e+01 -1.50111e+00 1.30623e-01
5.95850e+01 -1.47177e+00 1.37168e-01
5.98103e+01 -1.44000e+00 1.45072e-01
6.00424e+01 -1.40522e+00 1.54877e-01
6.02828e+01 -1.36653e+00 1.67488e-01
6.05334e+01 -1.32254e+00 1.84525e-01
6.07969e+01 -1.27085e+00 2.09262e-01
6.10782e+01 -1.20677e+00 2.49509e-01
6.13868e+01 -1.11883e+00 3.29839e-01
6.17342e+01 -9.70914e-01 5.70512e-01
6.18740e+01 -8.75431e-01 8.26299e-01
6.19978e+01 -7.46637e-01 1.32244e+00
6.20975e+01 -5.74752e-01 2.25698e+00
6.21721e+01 -3.55366e-01 3.83186e+00
6.22223e+01 -1.16417e-01 5.86478e+00
6.22664e+01 2.00809e-01 8.68938e+00
6.23105e+01 6.58239e-01 1.19565e+01
6.23408e+01 1.03980e+00 1.28479e+01
6.23717e+01 1.41595e+00 1.10512e+01
6.24025e+01 1.70132e+00 7.31436e+00
6.24291e+01 1.85386e+00 4.29921e+00
6.24557e+01 1.93882e+00 2.26297e+00
6.24900e+01 1.98965e+00 8.88017e-01
6.25243e+01 2.00865e+00 3.06985e-01
6.25585e+01 2.01459e+00 7.51647e-02
6.25969e+01 2.01530e+00 -2.15973e-02
6.26404e+01 2.01342e+00 -5.76276e-02
6.26901e+01 2.01020e+00 -6.93374e-02
6.27473e+01 2.00612e+00 -7.27102e-02
6.28144e+01 2.00120e+00 -7.37009e-02
6.28948e+01 1.99525e+00 -7.41827e-02
6.29937e+01 1.98789e+00 -7.46533e-02
6.31213e+01 1.97833e+00 -7.52569e-02
6.32950e+01 1.96518e+00 -7.61025e-02
6.34687e+01 1.95189e+00 -7.69800e-02
6.36424e+01 1.93844e+00 -7.78907e-02
6.38161e+01 1.92483e+00 -7.88371e-02
6.39898e+01 1.91105e+00 -7.98216e-02
6.41635e+01 1.89710e+00 -8.08467e-02
6.43371e+01 1.88296e+00 -8.19153e-02
6.45108e+01 1.86864e+00 -8.30308e-02
6.46845e+01 1.85411e+00 -8.41967e-02
6.48582e+01 1.83938e+00 -8.54168e-02
6.50319e+01 1.82444e+00 -8.66957e-02
6.52056e+01 1.80926e+00 -8.80382e-02
6.53795e+01 1.79384e+00 -8.94509e-02
6.55551e+01 1.77800e+00 -9.09547e-02
6.57325e+01 1.76172e+00 -9.25595e-02
6.59119e+01 1.74496e+00 -9.42778e-02
6.60933e+01 1.72769e+00 -9.61241e-02
6.62769e+01 1.70987e+00 -9.81157e-02
6.64628e+01 1.69143e+00 -1.00273e-01
6.66512e+01 1.67232e+00 -1.02622e-01
6.68422e+01 1.65248e+00 -1.05191e-01
6.70360e+01 1.63182e+00 -1.08021e-01
6.72329e+01 1.61025e+00 -1.11158e-01
6.74331e+01 1.58764e+00 -1.14665e-01
6.76369e+01 1.56388e+00 -1.18620e-01
6.78448e+01 1.53876e+00 -1.23130e-01
6.80570e+01 1.51209e+00 -1.28340e-01
6.82742e+01 1.48357e+00 -1.34455e-01
6.84970e+01 1.45281e+00 -1.41773e-01
6.87263e+01 1.41931e+00 -1.50748e-01
6.89633e+01 1.38228e+00 -1.62114e-01
6.92096e+01 1.34059e+00 -1.77144e-01
6.94675e+01 1.29232e+00 -1.98281e-01
6.97411e+01 1.23393e+00 -2.30935e-01
7.00374e+01 1.15761e+00 -2.90095e-01
7.03701e+01 1.04062e+00 -4.36832e-01
7.05751e+01 9.30984e-01 -6.66529e-01
7.07143e+01 8.16222e-01 -1.03216e+00
7.08240e+01 6.71762e-01 -1.69266e+00
7.09275e+01 4.28290e-01 -3.26851e+00
7.09806e+01 2.12831e-01 -5.01830e+00
7.10264e+01 -7.04775e-02 -7.54180e+00
7.10725e+01 -4.95850e-01 -1.09930e+01
7.11045e+01 -8.80251e-01 -1.27503e+01
7.11374e+01 -1.29681e+00 -1.19670e+01
7.11642e+01 -1.58201e+00 -9.15966e+00
7.11909e+01 -1.78152e+00 -5.82564e+00
7.12183e+01 -1.90232e+00 -3.17245e+00
7.12461e+01 -1.96574e+00 -1.55410e+00
7.12779e+01 -1.99850e+00 -6.27549e-01
7.13097e+01 -2.01110e+00 -2.21241e-01
7.13448e+01 -2.01516e+00 -3.87944e-02
7.13846e+01 -2.01496e+00 3.56798e-02
7.14297e+01 -2.01263e+00 6.23803e-02
7.14813e+01 -2.00914e+00 7.07416e-02
7.15410e+01 -2.00483e+00 7.31023e-02
7.16114e+01 -1.99966e+00 7.38524e-02
7.16962e+01 -1.99337e+00 7.43066e-02
7.18018e+01 -1.98550e+00 7.48036e-02
7.19416e+01 -1.97499e+00 7.54696e-02
7.21041e+01 -1.96267e+00 7.62672e-02
7.22666e+01 -1.95021e+00 7.70928e-02
7.24291e+01 -1.93761e+00 7.79479e-02
7.25916e+01 -1.92487e+00 7.88342e-02
7.27541e+01 -1.91199e+00 7.97538e-02
7.29175e+01 -1.89888e+00 8.07144e-02
7.30821e+01 -1.88551e+00 8.17206e-02
7.32480e+01 -1.87187e+00 8.27766e-02
7.34152e+01 -1.85793e+00 8.38869e-02
7.35839e+01 -1.84369e+00 8.50565e-02
7.37540e+01 -1.82911e+00 8.62913e-02
7.39257e+01 -1.81419e+00 8.75976e-02
7.40990e+01 -1.79889e+00 8.89829e-02
7.42740e+01 -1.78319e+00 9.04559e-02
7.44508e+01 -1.76705e+00 9.20266e-02
7.46295e+01 -1.75046e+00 9.37066e-02
7.48103e+01 -1.73336e+00 9.55096e-02
7.49931e+01 -1.71572e+00 9.74519e-02
7.51783e+01 -1.69748e+00 9.95530e-02
7.53658e+01 -1.67860e+00 1.01836e-01
7.55559e+01 -1.65901e+00 1.04331e-01
7.57488e+01 -1.63862e+00 1.07071e-01
7.59447e+01 -1.61736e+00 1.10103e-01
7.61438e+01 -1.59510e+00 1.13481e-01
7.63464e+01 -1.57173e+00 1.17280e-01
7.65529e+01 -1.54708e+00 1.21596e-01
7.67637e+01 -1.52094e+00 1.26560e-01
7.69792e+01 -1.49305e+00 1.32355e-01
7.72001e+01 -1.46307e+00 1.39241e-01
7.74272e+01 -1.43053e+00 1.47615e-01
7.76615e+01 -1.39475e+00 1.58098e-01
7.79046e+01 -1.35474e+00 1.71747e-01
7.81584e+01 -1.30888e+00 1.90512e-01
7.84263e+01 -1.25433e+00 2.18492e-01
7.87141e+01 -1.18521e+00 2.66108e-01
7.90332e+01 -1.08596e+00 3.69987e-01
7.93031e+01 -9.61193e-01 5.92504e-01
7.94519e+01 -8.53285e-01 8.98914e-01
7.95694e+01 -7.19755e-01 1.44855e+00
7.96676e+01 -5.32134e-01 2.53287e+00
7.97337e+01 -3.17752e-01 4.13519e+00
7.97827e+01 -6.64811e-02 6.31110e+00
7.98265e+01 2.72480e-01 9.29614e+00
7.98704e+01 7.52421e-01 1.23764e+01
7.99011e+01 1.14272e+00 1.26615e+01
7.99317e+01 1.49936e+00 1.01950e+01
7.99624e+01 1.75350e+00 6.36942e+00
7.99899e+01 1.88732e+00 3.53057e+00
8.00174e+01 1.95788e+00 1.76491e+00
8.00507e+01 1.99638e+00 6.90787e-01
8.00841e+01 2.01071e+00 2.35258e-01
8.01190e+01 2.01508e+00 4.49023e-02
8.01585e+01 2.01504e+00 -3.33554e-02
8.02033e+01 2.01278e+00 -6.16087e-02
8.02545e+01 2.00935e+00 -7.05169e-02
8.03138e+01 2.00508e+00 -7.30390e-02
8.03835e+01 1.99995e+00 -7.38259e-02
8.04675e+01 1.99373e+00 -7.42834e-02
8.05717e+01 1.98596e+00 -7.47748e-02
8.07090e+01 1.97565e+00 -7.54277e-02
8.08727e+01 1.96324e+00 -7.62297e-02
8.10364e+01 1.95069e+00 -7.70601e-02
8.12000e+01 1.93801e+00 -7.79203e-02
8.13637e+01 1.92519e+00 -7.88121e-02
8.15274e+01 1.91221e+00 -7.97377e-02
8.16911e+01 1.89908e+00 -8.06992e-02
8.18557e+01 1.88571e+00 -8.17049e-02
8.20216e+01 1.87207e+00 -8.27602e-02
8.21888e+01 1.85814e+00 -8.38697e-02
8.23574e+01 1.84390e+00 -8.50384e-02
8.25275e+01 1.82933e+00 -8.62721e-02
8.26991e+01 1.81441e+00 -8.75772e-02
8.28724e+01 1.79912e+00 -8.89613e-02
8.30474e+01 1.78343e+00 -9.04329e-02
8.32242e+01 1.76730e+00 -9.20020e-02
8.34029e+01 1.75071e+00 -9.36803e-02
8.35836e+01 1.73362e+00 -9.54813e-02
8.37664e+01 1.71599e+00 -9.74214e-02
8.39515e+01 1.69777e+00 -9.95199e-02
8.41390e+01 1.67889e+00 -1.01800e-01
8.43291e+01 1.65931e+00 -1.04291e-01
8.45220e+01 1.63894e+00 -1.07028e-01
8.47178e+01 1.61769e+00 -1.10054e-01
8.49169e+01 1.59545e+00 -1.13427e-01
8.51194e+01 1.57209e+00 -1.17219e-01
8.53258e+01 1.54746e+00 -1.21527e-01
8.55365e+01 1.52135e+00 -1.26480e-01
8.57520e+01 1.49349e+00 -1.32260e-01
8.59728e+01 1.46354e+00 -1.39127e-01
8.61998e+01 1.43104e+00 -1.47474e-01
8.64340e+01 1.39532e+00 -1.57920e-01
8.66769e+01 1.35538e+00 -1.71509e-01
8.69306e+01 1.30963e+00 -1.90175e-01
8.71982e+01 1.25525e+00 -2.17963e-01
8.74857e+01 1.18642e+00 -2.65131e-01
8.78042e+01 1.08786e+00 -3.67492e-01
8.80762e+01 9.62975e-01 -5.88409e-01
8.82257e+01 8.55311e-01 -8.92054e-01
8.83437e+01 7.22357e-01 -1.43600e+00
8.84419e+01 5.36474e-01 -2.50403e+00
8.85088e+01 3.21865e-01 -4.10163e+00
8.85579e+01 7.18544e-02 -6.26292e+00
8.86018e+01 -2.64573e-01 -9.23034e+00
8.86457e+01 -7.41887e-01 -1.23352e+01
8.86762e+01 -1.13037e+00 -1.26950e+01
8.87067e+01 -1.48812e+00 -1.03212e+01
8.87372e+01 -1.74566e+00 -6.51698e+00
8.87647e+01 -1.88258e+00 -3.64202e+00
8.87921e+01 -1.95531e+00 -1.83308e+00
8.88263e+01 -1.99598e+00 -7.02676e-01
8.88605e+01 -2.01078e+00 -2.32902e-01
8.88954e+01 -2.01510e+00 -4.39361e-02
8.89349e+01 -2.01502e+00 3.37251e-02
8.89798e+01 -2.01276e+00 6.17318e-02
8.90310e+01 -2.00932e+00 7.05528e-02
8.90904e+01 -2.00504e+00 7.30491e-02
8.91602e+01 -1.99990e+00 7.38301e-02
8.92443e+01 -1.99367e+00 7.42870e-02
8.93488e+01 -1.98589e+00 7.47793e-02
8.94864e+01 -1.97555e+00 7.54341e-02
8.96499e+01 -1.96315e+00 7.62354e-02
8.98134e+01 -1.95062e+00 7.70649e-02
8.99769e+01 -1.93795e+00 7.79242e-02
9.01403e+01 -1.92514e+00 7.88151e-02
9.03038e+01 -1.91218e+00 7.97397e-02
9.04673e+01 -1.89907e+00 8.07000e-02
9.06319e+01 -1.88570e+00 8.17059e-02
9.07978e+01 -1.87206e+00 8.27611e-02
9.09650e+01 -1.85813e+00 8.38706e-02
9.11336e+01 -1.84389e+00 8.50394e-02
9.13037e+01 -1.82932e+00 8.62731e-02
9.14754e+01 -1.81440e+00 8.75783e-02
9.16487e+01 -1.79911e+00 8.89625e-02
9.18237e+01 -1.78341e+00 9.04342e-02
9.20004e+01 -1.76729e+00 9.20034e-02
9.21791e+01 -1.75070e+00 9.36817e-02
9.23598e+01 -1.73361e+00 9.54829e-02
9.25427e+01 -1.71598e+00 9.74231e-02
9.27278e+01 -1.69775e+00 9.95217e-02
9.29153e+01 -1.67888e+00 1.01802e-01
9.31054e+01 -1.65929e+00 1.04293e-01
9.32982e+01 -1.63892e+00 1.07030e-01
9.34941e+01 -1.61767e+00 1.10057e-01
9.36931e+01 -1.59543e+00 1.13430e-01
9.38957e+01 -1.57207e+00 1.17223e-01
9.41021e+01 -1.54744e+00 1.21531e-01
9.43128e+01 -1.52132e+00 1.26484e-01
9.45282e+01 -1.49347e+00 1.32265e-01
9.47491e+01 -1.46352e+00 1.39134e-01
9.49761e+01 -1.43101e+00 1.47482e-01
9.52103e+01 -1.39529e+00 1.57929e-01
9.54532e+01 -1.35535e+00 1.71522e-01
9.57069e+01 -1.30959e+00 1.90193e-01
9.59745e+01 -1.25520e+00 2.17992e-01
9.62620e+01 -1.18635e+00 2.65184e-01
9.65805e+01 -1.08776e+00 3.67626e-01
9.68524e+01 -9.62878e-01 5.88630e-01
9.70019e+01 -8.55201e-01 8.92424e-01
9.71199e+01 -7.22216e-01 1.43668e+00
9.72181e+01 -5.36241e-01 2.50558e+00
9.72849e+01 -3.21646e-01 4.10342e+00
9.73340e+01 -7.15669e-02 6.26549e+00
9.73779e+01 2.64994e-01 9.23385e+00
9.74218e+01 7.42448e-01 1.23374e+01
9.74523e+01 1.13102e+00 1.26933e+01
9.74829e+01 1.48871e+00 1.03147e+01
9.75134e+01 1.74607e+00 6.50935e+00
9.75408e+01 1.88282e+00 3.63642e+00
9.75682e+01 1.95544e+00 1.82974e+00
9.76024e+01 1.99600e+00 7.02287e-01
9.76365e+01 2.01077e+00 2.33167e-01
9.76715e+01 2.01509e+00 4.40472e-02
9.77110e+01 2.01503e+00 -3.36827e-02
9.77558e+01 2.01276e+00 -6.17177e-02
9.78071e+01 2.00932e+00 -7.05487e-02
9.78664e+01 2.00504e+00 -7.30479e-02
9.79362e+01 1.99991e+00 -7.38296e-02
9.80203e+01 1.99368e+00 -7.42866e-02
9.81247e+01 1.98590e+00 -7.47787e-02
9.82624e+01 1.97556e+00 -7.54334e-02
9.84259e+01 1.96316e+00 -7.62347e-02
9.85894e+01 1.95063e+00 -7.70644e-02
9.87529e+01 1.93796e+00 -7.79238e-02
9.89164e+01 1.92515e+00 -7.88148e-02
9.90799e+01 1.91219e+00 -7.97394e-02
9.92434e+01 1.89907e+00 -8.06999e-02
9.94080e+01 1.88570e+00 -8.17057e-02
9.95739e+01 1.87206e+00 -8.27610e-02
9.97411e+01 1.85813e+00 -8.38705e-02
9.99097e+01 1.84389e+00 -8.50392e-02
1.00000e+02 1.83619e+00 -8.56871e-02
