1.17793e-02 1.59758e+00 1.99974e+00 2.97751e+00
2.56400e-02 1.86237e+00 1.99929e+00 2.95797e+00
3.67714e-02 1.94226e+00 1.99887e+00 2.94449e+00
5.00980e-02 1.98026e+00 1.99836e+00 2.92944e+00
6.66575e-02 1.99596e+00 1.99770e+00 2.91155e+00
7.66985e-02 1.99949e+00 1.99730e+00 2.90096e+00
8.84067e-02 2.00155e+00 1.99683e+00 2.88880e+00
1.02398e-01 2.00284e+00 1.99627e+00 2.87452e+00
1.19676e-01 2.00381e+00 1.99557e+00 2.85722e+00
1.41984e-01 2.00480e+00 1.99466e+00 2.83541e+00
1.72492e-01 2.00608e+00 1.99341e+00 2.80653e+00
2.15660e-01 2.00789e+00 1.99162e+00 2.76744e+00
2.69929e-01 2.01020e+00 1.98934e+00 2.72114e+00
3.28517e-01 2.01274e+00 1.98685e+00 2.67447e+00
4.34619e-01 2.01747e+00 1.98225e+00 2.59805e+00
7.00233e-01 2.02989e+00 1.97036e+00 2.44570e+00
9.26813e-01 2.04109e+00 1.95990e+00 2.35086e+00
1.15339e+00 2.05277e+00 1.94922e+00 2.28061e+00
1.37997e+00 2.06489e+00 1.93839e+00 2.22937e+00
1.60656e+00 2.07741e+00 1.92746e+00 2.19283e+00
1.83314e+00 2.09031e+00 1.91648e+00 2.16768e+00
2.05972e+00 2.10356e+00 1.90545e+00 2.15138e+00
2.28630e+00 2.11716e+00 1.89442e+00 2.14195e+00
2.51288e+00 2.13108e+00 1.88339e+00 2.13789e+00
2.73946e+00 2.14534e+00 1.87238e+00 2.13803e+00
2.93763e+00 2.15807e+00 1.86277e+00 2.14089e+00
3.13580e+00 2.17106e+00 1.85318e+00 2.14580e+00
3.33397e+00 2.18430e+00 1.84363e+00 2.15240e+00
3.53214e+00 2.19780e+00 1.83411e+00 2.16039e+00
3.73031e+00 2.21155e+00 1.82463e+00 2.16954e+00
3.92848e+00 2.22557e+00 1.81518e+00 2.17967e+00
4.12665e+00 2.23985e+00 1.80578e+00 2.19062e+00
4.32483e+00 2.25441e+00 1.79641e+00 2.20229e+00
4.52300e+00 2.26925e+00 1.78709e+00 2.21458e+00
4.72117e+00 2.28437e+00 1.77780e+00 2.22742e+00
4.91934e+00 2.29979e+00 1.76856e+00 2.24077e+00
5.11751e+00 2.31551e+00 1.75936e+00 2.25457e+00
5.31568e+00 2.33154e+00 1.75021e+00 2.26880e+00
5.51385e+00 2.34789e+00 1.74109e+00 2.28343e+00
5.71202e+00 2.36456e+00 1.73202e+00 2.29845e+00
5.91019e+00 2.38157e+00 1.72299e+00 2.31385e+00
6.10836e+00 2.39893e+00 1.71400e+00 2.32961e+00
6.30653e+00 2.41664e+00 1.70506e+00 2.34574e+00
6.50471e+00 2.43473e+00 1.69615e+00 2.36224e+00
6.70288e+00 2.45319e+00 1.68729e+00 2.37910e+00
6.90105e+00 2.47204e+00 1.67847e+00 2.39633e+00
7.09922e+00 2.49130e+00 1.66969e+00 2.41394e+00
7.29739e+00 2.51098e+00 1.66095e+00 2.43193e+00
7.49556e+00 2.53109e+00 1.65225e+00 2.45032e+00
7.69373e+00 2.55164e+00 1.64359e+00 2.46910e+00
7.89190e+00 2.57265e+00 1.63498e+00 2.48830e+00
8.09007e+00 2.59414e+00 1.62640e+00 2.50792e+00
8.28824e+00 2.61612e+00 1.61786e+00 2.52798e+00
8.48641e+00 2.63861e+00 1.60935e+00 2.54848e+00
8.68459e+00 2.66163e+00 1.60089e+00 2.56945e+00
8.88276e+00 2.68520e+00 1.59247e+00 2.59090e+00
9.08093e+00 2.70933e+00 1.58408e+00 2.61285e+00
9.27910e+00 2.73405e+00 1.57573e+00 2.63530e+00
9.47727e+00 2.75939e+00 1.56742e+00 2.65829e+00
9.67544e+00 2.78535e+00 1.55914e+00 2.68183e+00
9.84924e+00 2.80867e+00 1.55191e+00 2.70294e+00
1.00230e+01 2.83250e+00 1.54471e+00 2.72450e+00
1.01968e+01 2.85688e+00 1.53754e+00 2.74653e+00
1.03706e+01 2.88182e+00 1.53039e+00 2.76904e+00
1.05444e+01 2.90735e+00 1.52327e+00 2.79205e+00
1.07182e+01 2.93347e+00 1.51617e+00 2.81557e+00
1.08920e+01 2.96022e+00 1.50911e+00 2.83963e+00
1.10658e+01 2.98762e+00 1.50206e+00 2.86425e+00
1.12396e+01 3.01569e+00 1.49505e+00 2.88943e+00
1.14134e+01 3.04446e+00 1.48805e+00 2.91521e+00
1.15872e+01 3.07395e+00 1.48109e+00 2.94160e+00
1.17610e+01 3.10420e+00 1.47414e+00 2.96863e+00
1.19348e+01 3.13523e+00 1.46722e+00 2.99632e+00
1.21086e+01 3.16708e+00 1.46033e+00 3.02470e+00
1.22824e+01 3.19978e+00 1.45346e+00 3.05379e+00
1.24562e+01 3.23337e+00 1.44661e+00 3.08362e+00
1.26300e+01 3.26788e+00 1.43978e+00 3.11423e+00
1.28038e+01 3.30336e+00 1.43297e+00 3.14564e+00
1.29776e+01 3.33984e+00 1.42619e+00 3.17789e+00
1.31514e+01 3.37738e+00 1.41942e+00 3.21101e+00
1.33252e+01 3.41602e+00 1.41268e+00 3.24504e+00
1.34990e+01 3.45581e+00 1.40596e+00 3.28002e+00
1.36728e+01 3.49681e+00 1.39925e+00 3.31600e+00
1.38466e+01 3.53908e+00 1.39257e+00 3.35301e+00
1.40204e+01 3.58268e+00 1.38590e+00 3.39111e+00
1.41942e+01 3.62768e+00 1.37925e+00 3.43034e+00
1.43680e+01 3.67415e+00 1.37262e+00 3.47076e+00
1.45418e+01 3.72216e+00 1.36601e+00 3.51244e+00
1.47156e+01 3.77181e+00 1.35940e+00 3.55542e+00
1.48894e+01 3.82317e+00 1.35282e+00 3.59978e+00
1.50415e+01 3.86961e+00 1.34707e+00 3.63979e+00
1.51936e+01 3.91751e+00 1.34132e+00 3.68096e+00
1.53457e+01 3.96695e+00 1.33559e+00 3.72335e+00
1.54978e+01 4.01800e+00 1.32987e+00 3.76701e+00
1.56499e+01 4.07076e+00 1.32415e+00 3.81201e+00
1.58020e+01 4.12532e+00 1.31844e+00 3.85841e+00
1.59540e+01 4.18178e+00 1.31274e+00 3.90629e+00
1.61061e+01 4.24024e+00 1.30704e+00 3.95572e+00
1.62582e+01 4.30083e+00 1.30135e+00 4.00679e+00
1.64103e+01 4.36368e+00 1.29566e+00 4.05959e+00
1.65624e+01 4.42892e+00 1.28997e+00 4.11421e+00
1.67145e+01 4.49671e+00 1.28428e+00 4.17077e+00
1.68666e+01 4.56720e+00 1.27860e+00 4.22936e+00
1.70186e+01 4.64060e+00 1.27291e+00 4.29012e+00
1.71707e+01 4.71708e+00 1.26722e+00 4.35318e+00
1.73228e+01 4.79689e+00 1.26153e+00 4.41868e+00
1.74749e+01 4.88025e+00 1.25583e+00 4.48679e+00
1.76270e+01 4.96743e+00 1.25012e+00 4.55769e+00
1.77791e+01 5.05875e+00 1.24440e+00 4.63156e+00
1.79312e+01 5.15453e+00 1.23867e+00 4.70862e+00
1.80833e+01 5.25514e+00 1.23293e+00 4.78911e+00
1.82353e+01 5.36101e+00 1.22717e+00 4.87329e+00
1.83874e+01 5.47262e+00 1.22138e+00 4.96145e+00
1.85395e+01 5.59050e+00 1.21557e+00 5.05392e+00
1.86646e+01 5.69256e+00 1.21078e+00 5.13345e+00
1.88059e+01 5.81397e+00 1.20533e+00 5.22739e+00
1.89472e+01 5.94244e+00 1.19986e+00 5.32603e+00
1.90885e+01 6.07871e+00 1.19435e+00 5.42977e+00
1.92298e+01 6.22363e+00 1.18879e+00 5.53910e+00
1.93440e+01 6.34781e+00 1.18427e+00 5.63197e+00
1.94686e+01 6.49104e+00 1.17930e+00 5.73815e+00
1.95902e+01 6.63956e+00 1.17441e+00 5.84718e+00
1.97083e+01 6.79296e+00 1.16961e+00 5.95865e+00
1.98229e+01 6.95131e+00 1.16490e+00 6.07251e+00
1.99337e+01 7.11463e+00 1.16030e+00 6.18864e+00
2.00408e+01 7.28273e+00 1.15580e+00 6.30681e+00
2.01436e+01 7.45487e+00 1.15143e+00 6.42637e+00
2.02430e+01 7.63243e+00 1.14715e+00 6.54818e+00
2.03410e+01 7.81965e+00 1.14286e+00 6.67495e+00
2.04369e+01 8.01590e+00 1.13860e+00 6.80600e+00
2.05307e+01 8.22190e+00 1.13436e+00 6.94157e+00
2.06224e+01 8.43828e+00 1.13015e+00 7.08179e+00
2.07118e+01 8.66580e+00 1.12596e+00 7.22685e+00
2.07990e+01 8.90536e+00 1.12179e+00 7.37697e+00
2.08800e+01 9.14583e+00 1.11783e+00 7.52501e+00
2.09596e+01 9.40117e+00 1.11386e+00 7.67933e+00
2.10373e+01 9.67137e+00 1.10988e+00 7.83949e+00
2.11305e+01 1.00275e+01 1.10497e+00 8.04574e+00
2.12032e+01 1.03329e+01 1.10102e+00 8.21834e+00
2.12885e+01 1.07285e+01 1.09624e+00 8.43628e+00
2.13737e+01 1.11719e+01 1.09126e+00 8.67319e+00
2.14391e+01 1.15503e+01 1.08729e+00 8.86950e+00
2.15138e+01 1.20328e+01 1.08256e+00 9.11235e+00
2.15886e+01 1.25793e+01 1.07761e+00 9.37774e+00
2.16476e+01 1.30650e+01 1.07351e+00 9.60553e+00
2.17135e+01 1.36779e+01 1.06869e+00 9.88279e+00
2.17794e+01 1.43816e+01 1.06359e+00 1.01880e+01
2.18322e+01 1.50263e+01 1.05926e+00 1.04563e+01
2.18903e+01 1.58399e+01 1.05419e+00 1.07807e+01
2.19399e+01 1.66404e+01 1.04957e+00 1.10858e+01
2.19935e+01 1.76459e+01 1.04422e+00 1.14509e+01
2.20395e+01 1.86519e+01 1.03928e+00 1.17982e+01
2.20888e+01 1.99243e+01 1.03353e+00 1.22145e+01
2.21313e+01 2.12237e+01 1.02813e+00 1.26163e+01
2.21766e+01 2.28789e+01 1.02183e+00 1.30985e+01
2.22163e+01 2.46320e+01 1.01574e+00 1.35779e+01
2.22576e+01 2.68514e+01 1.00870e+00 1.41456e+01
2.22938e+01 2.92468e+01 1.00179e+00 1.47170e+01
2.23300e+01 3.22112e+01 9.94022e-01 1.53746e+01
2.23663e+01 3.59613e+01 9.85161e-01 1.61427e+01
2.23950e+01 3.97134e+01 9.77141e-01 1.68533e+01
2.24248e+01 4.46086e+01 9.67659e-01 1.77104e+01
2.24478e+01 4.93551e+01 9.59301e-01 1.84802e+01
2.24708e+01 5.52548e+01 9.49811e-01 1.93693e+01
2.24892e+01 6.10763e+01 9.41228e-01 2.01867e+01
2.25052e+01 6.71993e+01 9.32875e-01 2.09935e+01
2.25212e+01 7.46059e+01 9.23525e-01 2.19093e+01
2.25340e+01 8.17345e+01 9.15169e-01 2.27390e+01
2.25474e+01 9.06493e+01 9.05449e-01 2.37169e+01
2.25580e+01 9.90659e+01 8.96893e-01 2.45889e+01
2.25692e+01 1.09493e+02 8.86991e-01 2.56113e+01
2.25876e+01 1.31578e+02 8.68037e-01 2.76069e+01
2.26031e+01 1.56835e+02 8.48906e-01 2.96728e+01
2.26166e+01 1.86535e+02 8.28947e-01 3.18845e+01
2.26284e+01 2.20596e+02 8.08562e-01 3.42042e+01
2.26390e+01 2.60840e+02 7.87062e-01 3.67201e+01
2.26524e+01 3.31329e+02 7.54284e-01 4.06996e+01
2.26638e+01 4.17217e+02 7.20244e-01 4.50297e+01
2.26764e+01 5.60652e+02 6.72902e-01 5.14215e+01
2.26865e+01 7.36293e+02 6.25458e-01 5.83156e+01
2.26970e+01 1.02131e+03 5.63756e-01 6.81457e+01
2.27072e+01 1.47307e+03 4.89051e-01 8.16748e+01
2.27178e+01 2.31873e+03 3.90256e-01 1.03358e+02
2.27286e+01 4.04316e+03 2.66631e-01 1.40705e+02
2.27391e+01 7.57254e+03 1.41580e-01 2.06075e+02
2.27495e+01 1.54072e+04 5.00575e-02 3.36430e+02
2.27598e+01 3.14700e+04 2.10737e-02 5.98570e+02
2.27698e+01 6.10770e+04 1.82787e-02 1.11453e+03
2.27803e+01 1.10505e+05 1.90049e-02 2.11228e+03
2.27904e+01 1.72857e+05 2.14785e-02 3.73861e+03
2.28004e+01 2.33008e+05 2.57939e-02 6.05105e+03
2.28104e+01 2.77641e+05 3.20299e-02 8.94808e+03
2.28204e+01 3.04029e+05 3.99863e-02 1.22240e+04
2.28305e+01 3.16890e+05 4.93264e-02 1.57067e+04
2.28406e+01 3.21615e+05 5.95704e-02 1.92401e+04
2.28508e+01 3.22027e+05 7.05417e-02 2.28013e+04
2.28609e+01 3.20241e+05 8.17838e-02 2.62777e+04
2.28709e+01 3.17377e+05 9.32198e-02 2.96744e+04
2.28810e+01 3.13960e+05 1.04830e-01 3.30019e+04
2.28911e+01 3.10263e+05 1.16543e-01 3.62491e+04
2.29012e+01 3.06418e+05 1.28334e-01 3.94146e+04
2.29112e+01 3.02490e+05 1.40192e-01 4.24980e+04
2.29213e+01 2.98513e+05 1.52113e-01 4.54995e+04
2.29314e+01 2.94502e+05 1.64099e-01 4.84196e+04
2.29415e+01 2.90464e+05 1.76153e-01 5.12590e+04
2.29515e+01 2.86402e+05 1.88283e-01 5.40182e+04
2.29616e+01 2.82317e+05 2.00497e-01 5.66978e+04
2.29717e+01 2.78206e+05 2.12805e-01 5.92987e+04
2.29818e+01 2.74068e+05 2.25219e-01 6.18213e+04
2.29919e+01 2.69900e+05 2.37753e-01 6.42662e+04
2.30019e+01 2.65697e+05 2.50421e-01 6.66341e+04
2.30120e+01 2.61457e+05 2.63241e-01 6.89252e+04
2.30221e+01 2.57173e+05 2.76233e-01 7.11401e+04
2.30322e+01 2.52840e+05 2.89420e-01 7.32792e+04
2.30423e+01 2.48452e+05 3.02829e-01 7.53426e+04
2.30523e+01 2.44002e+05 3.16491e-01 7.73306e+04
2.30624e+01 2.39481e+05 3.30443e-01 7.92434e+04
2.30725e+01 2.34880e+05 3.44728e-01 8.10808e+04
2.30826e+01 2.30186e+05 3.59398e-01 8.28428e+04
2.30927e+01 2.25386e+05 3.74516e-01 8.45290e+04
2.31028e+01 2.20452e+05 3.90203e-01 8.61433e+04
2.31129e+01 2.15378e+05 4.06502e-01 8.76794e+04
2.31230e+01 2.10138e+05 4.23547e-01 8.91375e+04
2.31331e+01 2.04703e+05 4.41492e-01 9.05165e+04
2.31432e+01 1.99035e+05 4.60539e-01 9.18146e+04
2.31533e+01 1.93089e+05 4.80956e-01 9.30300e+04
2.31634e+01 1.86803e+05 5.03109e-01 9.41600e+04
2.31735e+01 1.80102e+05 5.27496e-01 9.52007e+04
2.31836e+01 1.72870e+05 5.54896e-01 9.61491e+04
2.31937e+01 1.64967e+05 5.86405e-01 9.69984e+04
2.32037e+01 1.56196e+05 6.23730e-01 9.77397e+04
2.32138e+01 1.46239e+05 6.69895e-01 9.83640e+04
2.32239e+01 1.34739e+05 7.29670e-01 9.88524e+04
2.32339e+01 1.20770e+05 8.14739e-01 9.91917e+04
2.32440e+01 1.03321e+05 9.48487e-01 9.93445e+04
2.32540e+01 8.01219e+04 1.20324e+00 9.92627e+04
2.32640e+01 4.80440e+04 1.86932e+00 9.88661e+04
2.32740e+01 9.87022e+03 4.89861e+00 9.80523e+04
2.32841e+01 1.25428e+01 1.55864e+01 9.69456e+04
2.32941e+01 1.03782e+00 2.80615e+01 9.58258e+04
2.33046e+01 1.02526e+00 4.09988e+01 9.46643e+04
2.33146e+01 1.01925e+00 5.32390e+01 9.35651e+04
2.33261e+01 1.01521e+00 6.69914e+01 9.23298e+04
2.33364e+01 1.01281e+00 7.92400e+01 9.12292e+04
2.33478e+01 1.01094e+00 9.25396e+01 9.00338e+04
2.33604e+01 1.00944e+00 1.07093e+02 8.87253e+04
2.33707e+01 1.00849e+00 1.18857e+02 8.76673e+04
2.33819e+01 1.00767e+00 1.31392e+02 8.65395e+04
2.33939e+01 1.00696e+00 1.44736e+02 8.53386e+04
2.34069e+01 1.00633e+00 1.58928e+02 8.40608e+04
2.34209e+01 1.00578e+00 1.74007e+02 8.27026e+04
2.34361e+01 1.00529e+00 1.90012e+02 8.12604e+04
2.34468e+01 1.00499e+00 2.01213e+02 8.02506e+04
2.34583e+01 1.00472e+00 2.12934e+02 7.91936e+04
2.34701e+01 1.00446e+00 2.24954e+02 7.81093e+04
2.34829e+01 1.00422e+00 2.37718e+02 7.69574e+04
2.34962e+01 1.00400e+00 2.50726e+02 7.57829e+04
2.35102e+01 1.00380e+00 2.64222e+02 7.45638e+04
2.35250e+01 1.00360e+00 2.78317e+02 7.32900e+04
2.35407e+01 1.00342e+00 2.92925e+02 7.19691e+04
2.35572e+01 1.00325e+00 3.08099e+02 7.05963e+04
2.35747e+01 1.00309e+00 3.23756e+02 6.91789e+04
2.35932e+01 1.00294e+00 3.40010e+02 6.77064e+04
2.36067e+01 1.00285e+00 3.51564e+02 6.66591e+04
2.36176e+01 1.00279e+00 3.60867e+02 6.58155e+04
2.36286e+01 1.00272e+00 3.70047e+02 6.49826e+04
2.36396e+01 1.00266e+00 3.79108e+02 6.41602e+04
2.36506e+01 1.00261e+00 3.88050e+02 6.33483e+04
2.36615e+01 1.00255e+00 3.96875e+02 6.25466e+04
2.36725e+01 1.00250e+00 4.05584e+02 6.17550e+04
2.36835e+01 1.00245e+00 4.14179e+02 6.09735e+04
2.36944e+01 1.00240e+00 4.22662e+02 6.02019e+04
2.37054e+01 1.00235e+00 4.31033e+02 5.94400e+04
2.37164e+01 1.00231e+00 4.39295e+02 5.86878e+04
2.37273e+01 1.00227e+00 4.47448e+02 5.79451e+04
2.37383e+01 1.00223e+00 4.55494e+02 5.72118e+04
2.37493e+01 1.00219e+00 4.63434e+02 5.64877e+04
2.37603e+01 1.00215e+00 4.71270e+02 5.57729e+04
2.37712e+01 1.00212e+00 4.79003e+02 5.50671e+04
2.37822e+01 1.00208e+00 4.86634e+02 5.43702e+04
2.37932e+01 1.00205e+00 4.94164e+02 5.36821e+04
2.38045e+01 1.00202e+00 5.01855e+02 5.29790e+04
2.38159e+01 1.00199e+00 5.09441e+02 5.22852e+04
2.38272e+01 1.00197e+00 5.16923e+02 5.16004e+04
2.38386e+01 1.00194e+00 5.24303e+02 5.09246e+04
2.38499e+01 1.00191e+00 5.31583e+02 5.02577e+04
2.38613e+01 1.00189e+00 5.38763e+02 4.95994e+04
2.38727e+01 1.00187e+00 5.45844e+02 4.89498e+04
2.38840e+01 1.00184e+00 5.52829e+02 4.83088e+04
2.38954e+01 1.00182e+00 5.59718e+02 4.76761e+04
2.39067e+01 1.00180e+00 5.66513e+02 4.70517e+04
2.39181e+01 1.00178e+00 5.73214e+02 4.64354e+04
2.39294e+01 1.00176e+00 5.79824e+02 4.58273e+04
2.39411e+01 1.00174e+00 5.86498e+02 4.52128e+04
2.39528e+01 1.00172e+00 5.93153e+02 4.45996e+04
2.39646e+01 1.00170e+00 5.99715e+02 4.39947e+04
2.39763e+01 1.00169e+00 6.06182e+02 4.33981e+04
2.39881e+01 1.00167e+00 6.12558e+02 4.28095e+04
2.39999e+01 1.00165e+00 6.18842e+02 4.22288e+04
2.40116e+01 1.00164e+00 6.25037e+02 4.16561e+04
2.40234e+01 1.00162e+00 6.31144e+02 4.10911e+04
2.40352e+01 1.00161e+00 6.37163e+02 4.05338e+04
2.40469e+01 1.00159e+00 6.43096e+02 3.99841e+04
2.40587e+01 1.00158e+00 6.48944e+02 3.94418e+04
2.40704e+01 1.00157e+00 6.54709e+02 3.89069e+04
2.40822e+01 1.00155e+00 6.60391e+02 3.83792e+04
2.40940e+01 1.00154e+00 6.65991e+02 3.78587e+04
2.41061e+01 1.00153e+00 6.71706e+02 3.73270e+04
2.41183e+01 1.00152e+00 6.77337e+02 3.68028e+04
2.41305e+01 1.00151e+00 6.82883e+02 3.62860e+04
2.41427e+01 1.00150e+00 6.88347e+02 3.57765e+04
2.41549e+01 1.00148e+00 6.93729e+02 3.52741e+04
2.41671e+01 1.00147e+00 6.99031e+02 3.47787e+04
2.41792e+01 1.00146e+00 7.04254e+02 3.42904e+04
2.41914e+01 1.00145e+00 7.09399e+02 3.38088e+04
2.42036e+01 1.00144e+00 7.14466e+02 3.33341e+04
2.42158e+01 1.00143e+00 7.19458e+02 3.28660e+04
2.42280e+01 1.00142e+00 7.24375e+02 3.24044e+04
2.42404e+01 1.00141e+00 7.29332e+02 3.19387e+04
2.42530e+01 1.00141e+00 7.34269e+02 3.14744e+04
2.42657e+01 1.00140e+00 7.39128e+02 3.10169e+04
2.42783e+01 1.00139e+00 7.43913e+02 3.05660e+04
2.42909e+01 1.00138e+00 7.48622e+02 3.01216e+04
2.43035e+01 1.00138e+00 7.53258e+02 2.96837e+04
2.43161e+01 1.00137e+00 7.57821e+02 2.92522e+04
2.43287e+01 1.00136e+00 7.62313e+02 2.88270e+04
2.43413e+01 1.00135e+00 7.66735e+02 2.84079e+04
2.43540e+01 1.00134e+00 7.71087e+02 2.79949e+04
2.43670e+01 1.00134e+00 7.75520e+02 2.75738e+04
2.43801e+01 1.00133e+00 7.79881e+02 2.71590e+04
2.43931e+01 1.00133e+00 7.84171e+02 2.67505e+04
2.44062e+01 1.00132e+00 7.88390e+02 2.63481e+04
2.44192e+01 1.00131e+00 7.92541e+02 2.59518e+04
2.44323e+01 1.00131e+00 7.96624e+02 2.55614e+04
2.44453e+01 1.00130e+00 8.00641e+02 2.51769e+04
2.44584e+01 1.00129e+00 8.04591e+02 2.47982e+04
2.44716e+01 1.00129e+00 8.08525e+02 2.44205e+04
2.44852e+01 1.00128e+00 8.12489e+02 2.40394e+04
2.44987e+01 1.00128e+00 8.16385e+02 2.36643e+04
2.45123e+01 1.00127e+00 8.20214e+02 2.32950e+04
2.45258e+01 1.00127e+00 8.23978e+02 2.29315e+04
2.45394e+01 1.00126e+00 8.27677e+02 2.25736e+04
2.45529e+01 1.00126e+00 8.31313e+02 2.22214e+04
2.45664e+01 1.00125e+00 8.34886e+02 2.18746e+04
2.45800e+01 1.00125e+00 8.38398e+02 2.15332e+04
2.45941e+01 1.00124e+00 8.41981e+02 2.11844e+04
2.46081e+01 1.00124e+00 8.45500e+02 2.08411e+04
2.46222e+01 1.00123e+00 8.48955e+02 2.05035e+04
2.46363e+01 1.00123e+00 8.52348e+02 2.01713e+04
2.46503e+01 1.00123e+00 8.55680e+02 1.98444e+04
2.46644e+01 1.00122e+00 8.58952e+02 1.95229e+04
2.46785e+01 1.00122e+00 8.62165e+02 1.92066e+04
2.46927e+01 1.00121e+00 8.65359e+02 1.88914e+04
2.47074e+01 1.00121e+00 8.68575e+02 1.85735e+04
2.47220e+01 1.00121e+00 8.71729e+02 1.82610e+04
2.47366e+01 1.00120e+00 8.74824e+02 1.79537e+04
2.47512e+01 1.00120e+00 8.77860e+02 1.76516e+04
2.47658e+01 1.00120e+00 8.80839e+02 1.73546e+04
2.47804e+01 1.00119e+00 8.83760e+02 1.70625e+04
2.47953e+01 1.00119e+00 8.86662e+02 1.67718e+04
2.48054e+01 1.00119e+00 8.88613e+02 1.65759e+04
2.48155e+01 1.00119e+00 8.90537e+02 1.63823e+04
2.48256e+01 1.00118e+00 8.92437e+02 1.61910e+04
2.48357e+01 1.00118e+00 8.94310e+02 1.60019e+04
2.48458e+01 1.00118e+00 8.96159e+02 1.58151e+04
2.48560e+01 1.00118e+00 8.97983e+02 1.56304e+04
2.48661e+01 1.00118e+00 8.99782e+02 1.54478e+04
2.48762e+01 1.00117e+00 9.01557e+02 1.52674e+04
2.48863e+01 1.00117e+00 9.03308e+02 1.50891e+04
2.48968e+01 1.00117e+00 9.05101e+02 1.49063e+04
2.49073e+01 1.00117e+00 9.06868e+02 1.47257e+04
2.49178e+01 1.00117e+00 9.08610e+02 1.45472e+04
2.49283e+01 1.00116e+00 9.10328e+02 1.43710e+04
2.49388e+01 1.00116e+00 9.12021e+02 1.41968e+04
2.49493e+01 1.00116e+00 9.13691e+02 1.40248e+04
2.49598e+01 1.00116e+00 9.15336e+02 1.38549e+04
2.49703e+01 1.00116e+00 9.16959e+02 1.36870e+04
2.49810e+01 1.00116e+00 9.18586e+02 1.35182e+04
2.49919e+01 1.00115e+00 9.20217e+02 1.33487e+04
2.50028e+01 1.00115e+00 9.21824e+02 1.31813e+04
2.50136e+01 1.00115e+00 9.23407e+02 1.30160e+04
2.50245e+01 1.00115e+00 9.24966e+02 1.28528e+04
2.50354e+01 1.00115e+00 9.26503e+02 1.26916e+04
2.50462e+01 1.00115e+00 9.28016e+02 1.25324e+04
2.50571e+01 1.00114e+00 9.29506e+02 1.23753e+04
2.50684e+01 1.00114e+00 9.31025e+02 1.22147e+04
2.50796e+01 1.00114e+00 9.32520e+02 1.20563e+04
2.50909e+01 1.00114e+00 9.33992e+02 1.18998e+04
2.51021e+01 1.00114e+00 9.35441e+02 1.17455e+04
2.51134e+01 1.00114e+00 9.36867e+02 1.15931e+04
2.51246e+01 1.00114e+00 9.38270e+02 1.14427e+04
2.51359e+01 1.00114e+00 9.39652e+02 1.12942e+04
2.51475e+01 1.00114e+00 9.41059e+02 1.11426e+04
2.51591e+01 1.00113e+00 9.42443e+02 1.09930e+04
2.51708e+01 1.00113e+00 9.43804e+02 1.08454e+04
2.51824e+01 1.00113e+00 9.45142e+02 1.06998e+04
2.51941e+01 1.00113e+00 9.46459e+02 1.05561e+04
2.52057e+01 1.00113e+00 9.47753e+02 1.04143e+04
2.52174e+01 1.00113e+00 9.49026e+02 1.02745e+04
2.52295e+01 1.00113e+00 9.50328e+02 1.01310e+04
2.52416e+01 1.00113e+00 9.51608e+02 9.98941e+03
2.52537e+01 1.00113e+00 9.52865e+02 9.84984e+03
2.52658e+01 1.00113e+00 9.54100e+02 9.71221e+03
2.52780e+01 1.00112e+00 9.55313e+02 9.57652e+03
2.52901e+01 1.00112e+00 9.56505e+02 9.44271e+03
2.53022e+01 1.00112e+00 9.57675e+02 9.31078e+03
2.53148e+01 1.00112e+00 9.58869e+02 9.17567e+03
2.53274e+01 1.00112e+00 9.60040e+02 9.04252e+03
2.53400e+01 1.00112e+00 9.61190e+02 8.91130e+03
2.53526e+01 1.00112e+00 9.62318e+02 8.78198e+03
2.53652e+01 1.00112e+00 9.63425e+02 8.65455e+03
2.53778e+01 1.00112e+00 9.64510e+02 8.52896e+03
2.53908e+01 1.00112e+00 9.65612e+02 8.40095e+03
2.54038e+01 1.00112e+00 9.66691e+02 8.27487e+03
2.54168e+01 1.00112e+00 9.67750e+02 8.15068e+03
2.54299e+01 1.00111e+00 9.68787e+02 8.02835e+03
2.54429e+01 1.00111e+00 9.69803e+02 7.90786e+03
2.54562e+01 1.00111e+00 9.70819e+02 7.78683e+03
2.54697e+01 1.00111e+00 9.71832e+02 7.66535e+03
2.54833e+01 1.00111e+00 9.72824e+02 7.54576e+03
2.54968e+01 1.00111e+00 9.73795e+02 7.42803e+03
2.55104e+01 1.00111e+00 9.74746e+02 7.31215e+03
2.55239e+01 1.00111e+00 9.75675e+02 7.19807e+03
2.55380e+01 1.00111e+00 9.76620e+02 7.08144e+03
2.55521e+01 1.00111e+00 9.77543e+02 6.96670e+03
2.55661e+01 1.00111e+00 9.78445e+02 6.85381e+03
2.55802e+01 1.00111e+00 9.79326e+02 6.74276e+03
2.55943e+01 1.00111e+00 9.80187e+02 6.63351e+03
2.56089e+01 1.00111e+00 9.81060e+02 6.52189e+03
2.56235e+01 1.00111e+00 9.81912e+02 6.41216e+03
2.56381e+01 1.00111e+00 9.82743e+02 6.30427e+03
2.56527e+01 1.00111e+00 9.83554e+02 6.19820e+03
2.56676e+01 1.00111e+00 9.84358e+02 6.09203e+03
2.56828e+01 1.00111e+00 9.85156e+02 5.98581e+03
2.56979e+01 1.00111e+00 9.85933e+02 5.88144e+03
2.57131e+01 1.00111e+00 9.86689e+02 5.77890e+03
2.57285e+01 1.00111e+00 9.87438e+02 5.67634e+03
2.57442e+01 1.00111e+00 9.88179e+02 5.57384e+03
2.57599e+01 1.00111e+00 9.88899e+02 5.47319e+03
2.57756e+01 1.00111e+00 9.89599e+02 5.37436e+03
2.57916e+01 1.00111e+00 9.90293e+02 5.27520e+03
2.58080e+01 1.00111e+00 9.90981e+02 5.17580e+03
2.58244e+01 1.00111e+00 9.91648e+02 5.07828e+03
2.58408e+01 1.00111e+00 9.92294e+02 4.98259e+03
2.58575e+01 1.00111e+00 9.92932e+02 4.88673e+03
2.58746e+01 1.00111e+00 9.93563e+02 4.79079e+03
2.58917e+01 1.00111e+00 9.94172e+02 4.69673e+03
2.59088e+01 1.00111e+00 9.94760e+02 4.60451e+03
2.59266e+01 1.00111e+00 9.95350e+02 4.51046e+03
2.59444e+01 1.00111e+00 9.95919e+02 4.41833e+03
2.59621e+01 1.00111e+00 9.96467e+02 4.32809e+03
2.59806e+01 1.00111e+00 9.97013e+02 4.23640e+03
2.59990e+01 1.00111e+00 9.97537e+02 4.14666e+03
2.60178e+01 1.00111e+00 9.98048e+02 4.05734e+03
2.60369e+01 1.00111e+00 9.98545e+02 3.96851e+03
2.60559e+01 1.00111e+00 9.99021e+02 3.88162e+03
2.60759e+01 1.00111e+00 9.99495e+02 3.79284e+03
2.60958e+01 1.00111e+00 9.99946e+02 3.70610e+03
2.61161e+01 1.00111e+00 1.00038e+03 3.61957e+03
2.61265e+01 1.00111e+00 1.00060e+03 3.57620e+03
2.61369e+01 1.00111e+00 1.00081e+03 3.53334e+03
2.61473e+01 1.00111e+00 1.00101e+03 3.49100e+03
2.61581e+01 1.00111e+00 1.00121e+03 3.44768e+03
2.61688e+01 1.00111e+00 1.00141e+03 3.40490e+03
2.61796e+01 1.00111e+00 1.00160e+03 3.36265e+03
2.61903e+01 1.00111e+00 1.00179e+03 3.32093e+03
2.62016e+01 1.00111e+00 1.00198e+03 3.27763e+03
2.62130e+01 1.00111e+00 1.00216e+03 3.23489e+03
2.62243e+01 1.00111e+00 1.00234e+03 3.19271e+03
2.62356e+01 1.00111e+00 1.00251e+03 3.15108e+03
2.62474e+01 1.00111e+00 1.00268e+03 3.10805e+03
2.62593e+01 1.00111e+00 1.00285e+03 3.06560e+03
2.62711e+01 1.00111e+00 1.00301e+03 3.02374e+03
2.62834e+01 1.00111e+00 1.00317e+03 2.98092e+03
2.62957e+01 1.00111e+00 1.00332e+03 2.93871e+03
2.63080e+01 1.00111e+00 1.00346e+03 2.89710e+03
2.63210e+01 1.00112e+00 1.00361e+03 2.85374e+03
2.63340e+01 1.00112e+00 1.00375e+03 2.81103e+03
2.63470e+01 1.00112e+00 1.00388e+03 2.76896e+03
2.63607e+01 1.00112e+00 1.00401e+03 2.72528e+03
2.63744e+01 1.00112e+00 1.00413e+03 2.68229e+03
2.63885e+01 1.00112e+00 1.00425e+03 2.63852e+03
2.64027e+01 1.00112e+00 1.00436e+03 2.59546e+03
2.64177e+01 1.00112e+00 1.00447e+03 2.55056e+03
2.64328e+01 1.00112e+00 1.00457e+03 2.50644e+03
2.64487e+01 1.00112e+00 1.00467e+03 2.46062e+03
2.64646e+01 1.00112e+00 1.00476e+03 2.41564e+03
2.64818e+01 1.00112e+00 1.00484e+03 2.36783e+03
2.64990e+01 1.00112e+00 1.00492e+03 2.32097e+03
2.65180e+01 1.00112e+00 1.00499e+03 2.27039e+03
2.65377e+01 1.00112e+00 1.00505e+03 2.21918e+03
2.65592e+01 1.00112e+00 1.00510e+03 2.16444e+03
2.65829e+01 1.00112e+00 1.00513e+03 2.10583e+03
2.66107e+01 1.00112e+00 1.00516e+03 2.03899e+03
2.66497e+01 1.00112e+00 1.00515e+03 1.94862e+03
2.66730e+01 1.00100e+00 1.00512e+03 1.89673e+03
2.67262e+01 1.00100e+00 1.00500e+03 1.78323e+03
2.67793e+01 1.00100e+00 1.00481e+03 1.67653e+03
2.68325e+01 1.00100e+00 1.00454e+03 1.57621e+03
2.68877e+01 1.00100e+00 1.00420e+03 1.47845e+03
2.69429e+01 1.00100e+00 1.00379e+03 1.38677e+03
2.69981e+01 1.00100e+00 1.00331e+03 1.30077e+03
2.70554e+01 1.00100e+00 1.00276e+03 1.21705e+03
2.71127e+01 1.00100e+00 1.00214e+03 1.13873e+03
2.71701e+01 1.00100e+00 1.00147e+03 1.06545e+03
2.72298e+01 1.00100e+00 1.00072e+03 9.94189e+02
2.72895e+01 1.00100e+00 9.99916e+02 9.27701e+02
2.73491e+01 1.00100e+00 9.99064e+02 8.65664e+02
2.74113e+01 1.00100e+00 9.98127e+02 8.05410e+02
2.74736e+01 1.00100e+00 9.97146e+02 7.49355e+02
2.75358e+01 1.00101e+00 9.96122e+02 6.97207e+02
2.76007e+01 1.00101e+00 9.95012e+02 6.46624e+02
2.76657e+01 1.00101e+00 9.93862e+02 5.99716e+02
2.77307e+01 1.00101e+00 9.92677e+02 5.56216e+02
2.77987e+01 1.00101e+00 9.91401e+02 5.14082e+02
2.78666e+01 1.00101e+00 9.90092e+02 4.75145e+02
2.79346e+01 1.00101e+00 9.88752e+02 4.39163e+02
2.80059e+01 1.00101e+00 9.87317e+02 4.04365e+02
2.80772e+01 1.00102e+00 9.85854e+02 3.72331e+02
2.81484e+01 1.00102e+00 9.84366e+02 3.42841e+02
2.82233e+01 1.00102e+00 9.82776e+02 3.14371e+02
2.82982e+01 1.00102e+00 9.81163e+02 2.88271e+02
2.83758e+01 1.00102e+00 9.79471e+02 2.63537e+02
2.84397e+01 1.00103e+00 9.78062e+02 2.44769e+02
2.84925e+01 1.00102e+00 9.76887e+02 2.30262e+02
2.85454e+01 1.00103e+00 9.75703e+02 2.16618e+02
2.85982e+01 1.00103e+00 9.74513e+02 2.03786e+02
2.86511e+01 1.00103e+00 9.73315e+02 1.91718e+02
2.87039e+01 1.00103e+00 9.72111e+02 1.80368e+02
2.87593e+01 1.00103e+00 9.70843e+02 1.69199e+02
2.88177e+01 1.00103e+00 9.69500e+02 1.58177e+02
2.88761e+01 1.00104e+00 9.68151e+02 1.47877e+02
2.89344e+01 1.00103e+00 9.66796e+02 1.38252e+02
2.89928e+01 1.00104e+00 9.65437e+02 1.29257e+02
2.90412e+01 1.00104e+00 9.64306e+02 1.22251e+02
2.90896e+01 1.00104e+00 9.63173e+02 1.15628e+02
2.91380e+01 1.00104e+00 9.62038e+02 1.09367e+02
2.91916e+01 1.00104e+00 9.60775e+02 1.02822e+02
2.92534e+01 1.00104e+00 9.59319e+02 9.57744e+01
2.93238e+01 1.00105e+00 9.57654e+02 8.83311e+01
2.93715e+01 1.00105e+00 9.56526e+02 8.36318e+01
2.94191e+01 1.00105e+00 9.55397e+02 7.91854e+01
2.94668e+01 1.00105e+00 9.54266e+02 7.49783e+01
2.95217e+01 1.00105e+00 9.52961e+02 7.04083e+01
2.95861e+01 1.00105e+00 9.51430e+02 6.54095e+01
2.96594e+01 1.00106e+00 9.49685e+02 6.01526e+01
2.97042e+01 1.00105e+00 9.48618e+02 5.71547e+01
2.97490e+01 1.00106e+00 9.47550e+02 5.43087e+01
2.97978e+01 1.00106e+00 9.46388e+02 5.13747e+01
2.98613e+01 1.00106e+00 9.44873e+02 4.77937e+01
2.99338e+01 1.00106e+00 9.43144e+02 4.40174e+01
2.99919e+01 1.00107e+00 9.41757e+02 4.12090e+01
3.00417e+01 1.00106e+00 9.40569e+02 3.89504e+01
3.00915e+01 1.00107e+00 9.39381e+02 3.68187e+01
3.01413e+01 1.00107e+00 9.38194e+02 3.48068e+01
3.01931e+01 1.00107e+00 9.36959e+02 3.28340e+01
3.02494e+01 1.00107e+00 9.35617e+02 3.08204e+01
3.03115e+01 1.00107e+00 9.34137e+02 2.87448e+01
3.03737e+01 1.00107e+00 9.32657e+02 2.68136e+01
3.04235e+01 1.00108e+00 9.31470e+02 2.53616e+01
3.04734e+01 1.00108e+00 9.30284e+02 2.39912e+01
3.05233e+01 1.00108e+00 9.29098e+02 2.26980e+01
3.05750e+01 1.00108e+00 9.27869e+02 2.14333e+01
3.06319e+01 1.00108e+00 9.26518e+02 2.01270e+01
3.06930e+01 1.00108e+00 9.25068e+02 1.88171e+01
3.07541e+01 1.00109e+00 9.23620e+02 1.75970e+01
3.08052e+01 1.00108e+00 9.22409e+02 1.66406e+01
3.08564e+01 1.00109e+00 9.21199e+02 1.57393e+01
3.09075e+01 1.00109e+00 9.19991e+02 1.48899e+01
3.09586e+01 1.00109e+00 9.18783e+02 1.40895e+01
3.10097e+01 1.00109e+00 9.17576e+02 1.33352e+01
3.10651e+01 1.00109e+00 9.16271e+02 1.25676e+01
3.11250e+01 1.00109e+00 9.14861e+02 1.17908e+01
3.11876e+01 1.00110e+00 9.13387e+02 1.10338e+01
3.12406e+01 1.00110e+00 9.12143e+02 1.04357e+01
3.12935e+01 1.00110e+00 9.10900e+02 9.87323e+00
3.13465e+01 1.00110e+00 9.09658e+02 9.34428e+00
3.13994e+01 1.00110e+00 9.08418e+02 8.84688e+00
3.14523e+01 1.00110e+00 9.07179e+02 8.37912e+00
3.15053e+01 1.00111e+00 9.05942e+02 7.93926e+00
3.15582e+01 1.00111e+00 9.04706e+02 7.52561e+00
3.16112e+01 1.00111e+00 9.03471e+02 7.13663e+00
3.16662e+01 1.00111e+00 9.02190e+02 6.75697e+00
3.17242e+01 1.00111e+00 9.00842e+02 6.38246e+00
3.17821e+01 1.00111e+00 8.99496e+02 6.03232e+00
3.18400e+01 1.00112e+00 8.98151e+02 5.70496e+00
3.18980e+01 1.00111e+00 8.96808e+02 5.39890e+00
3.19461e+01 1.00112e+00 8.95694e+02 5.15988e+00
3.19943e+01 1.00112e+00 8.94582e+02 4.93385e+00
3.20424e+01 1.00112e+00 8.93470e+02 4.72011e+00
3.20983e+01 1.00112e+00 8.92182e+02 4.48659e+00
3.21715e+01 1.00113e+00 8.90495e+02 4.20242e+00
3.22349e+01 1.00112e+00 8.89038e+02 3.97534e+00
3.22844e+01 1.00113e+00 8.87901e+02 3.80917e+00
3.23339e+01 1.00113e+00 8.86766e+02 3.65228e+00
3.23834e+01 1.00113e+00 8.85632e+02 3.50416e+00
3.24369e+01 1.00113e+00 8.84409e+02 3.35353e+00
3.24995e+01 1.00114e+00 8.82980e+02 3.18872e+00
3.25667e+01 1.00113e+00 8.81447e+02 3.02454e+00
3.26223e+01 1.00114e+00 8.80180e+02 2.89800e+00
3.26779e+01 1.00114e+00 8.78915e+02 2.77937e+00
3.27335e+01 1.00114e+00 8.77652e+02 2.66817e+00
3.27892e+01 1.00114e+00 8.76390e+02 2.56391e+00
3.28448e+01 1.00115e+00 8.75131e+02 2.46618e+00
3.29004e+01 1.00114e+00 8.73873e+02 2.37456e+00
3.29560e+01 1.00115e+00 8.72616e+02 2.28866e+00
3.30049e+01 1.00115e+00 8.71515e+02 2.21771e+00
3.30537e+01 1.00115e+00 8.70415e+02 2.15067e+00
3.31025e+01 1.00115e+00 8.69317e+02 2.08732e+00
3.31591e+01 1.00115e+00 8.68044e+02 2.01819e+00
3.32254e+01 1.00116e+00 8.66558e+02 1.94294e+00
3.33010e+01 1.00116e+00 8.64864e+02 1.86376e+00
3.33469e+01 1.00116e+00 8.63838e+02 1.81901e+00
3.33928e+01 1.00116e+00 8.62814e+02 1.77659e+00
3.34431e+01 1.00116e+00 8.61691e+02 1.73258e+00
3.35104e+01 1.00117e+00 8.60190e+02 1.67756e+00
3.35858e+01 1.00117e+00 8.58516e+02 1.62093e+00
3.36438e+01 1.00117e+00 8.57228e+02 1.58056e+00
3.36944e+01 1.00117e+00 8.56106e+02 1.54750e+00
3.37450e+01 1.00117e+00 8.54986e+02 1.51633e+00
3.37956e+01 1.00117e+00 8.53867e+02 1.48693e+00
3.38508e+01 1.00118e+00 8.52648e+02 1.45675e+00
3.39130e+01 1.00118e+00 8.51276e+02 1.42501e+00
3.39829e+01 1.00118e+00 8.49739e+02 1.39199e+00
3.40400e+01 1.00118e+00 8.48484e+02 1.36692e+00
3.40895e+01 1.00118e+00 8.47398e+02 1.34650e+00
3.41390e+01 1.00118e+00 8.46314e+02 1.32722e+00
3.41908e+01 1.00119e+00 8.45179e+02 1.30817e+00
3.42501e+01 1.00119e+00 8.43883e+02 1.28775e+00
3.43224e+01 1.00119e+00 8.42305e+02 1.26467e+00
3.43837e+01 1.00119e+00 8.40971e+02 1.24659e+00
3.44345e+01 1.00119e+00 8.39866e+02 1.23253e+00
3.44853e+01 1.00119e+00 8.38762e+02 1.21928e+00
3.45361e+01 1.00120e+00 8.37660e+02 1.20678e+00
3.45924e+01 1.00120e+00 8.36441e+02 1.19379e+00
3.46602e+01 1.00120e+00 8.34974e+02 1.17920e+00
3.47316e+01 1.00120e+00 8.33432e+02 1.16504e+00
3.47858e+01 1.00121e+00 8.32264e+02 1.15505e+00
3.48400e+01 1.00120e+00 8.31097e+02 1.14566e+00
3.48942e+01 1.00121e+00 8.29932e+02 1.13685e+00
3.49484e+01 1.00121e+00 8.28769e+02 1.12858e+00
3.50026e+01 1.00121e+00 8.27607e+02 1.12081e+00
3.50588e+01 1.00121e+00 8.26405e+02 1.11326e+00
3.51188e+01 1.00122e+00 8.25123e+02 1.10573e+00
3.51809e+01 1.00121e+00 8.23798e+02 1.09845e+00
3.52430e+01 1.00122e+00 8.22474e+02 1.09169e+00
3.52963e+01 1.00122e+00 8.21339e+02 1.08625e+00
3.53497e+01 1.00122e+00 8.20206e+02 1.08115e+00
3.54031e+01 1.00122e+00 8.19074e+02 1.07635e+00
3.54564e+01 1.00123e+00 8.17944e+02 1.07183e+00
3.55138e+01 1.00123e+00 8.16730e+02 1.06728e+00
3.55785e+01 1.00123e+00 8.15362e+02 1.06250e+00
3.56457e+01 1.00123e+00 8.13946e+02 1.05790e+00
3.57013e+01 1.00123e+00 8.12777e+02 1.05436e+00
3.57568e+01 1.00123e+00 8.11609e+02 1.05104e+00
3.58124e+01 1.00124e+00 8.10442e+02 1.04793e+00
3.58680e+01 1.00124e+00 8.09277e+02 1.04501e+00
3.59235e+01 1.00124e+00 8.08114e+02 1.04228e+00
3.59791e+01 1.00124e+00 8.06953e+02 1.03972e+00
3.60375e+01 1.00124e+00 8.05735e+02 1.03720e+00
3.60986e+01 1.00124e+00 8.04461e+02 1.03473e+00
3.61598e+01 1.00125e+00 8.03188e+02 1.03244e+00
3.62209e+01 1.00125e+00 8.01918e+02 1.03030e+00
3.62821e+01 1.00125e+00 8.00649e+02 1.02831e+00
3.63339e+01 1.00125e+00 7.99576e+02 1.02673e+00
3.63857e+01 1.00126e+00 7.98504e+02 1.02524e+00
3.64376e+01 1.00126e+00 7.97434e+02 1.02384e+00
3.64945e+01 1.00126e+00 7.96259e+02 1.02239e+00
3.65592e+01 1.00126e+00 7.94927e+02 1.02086e+00
3.66333e+01 1.00126e+00 7.93405e+02 1.01925e+00
3.66848e+01 1.00126e+00 7.92347e+02 1.01820e+00
3.67364e+01 1.00127e+00 7.91290e+02 1.01722e+00
3.67880e+01 1.00127e+00 7.90234e+02 1.01629e+00
3.68465e+01 1.00127e+00 7.89038e+02 1.01531e+00
3.69139e+01 1.00127e+00 7.87663e+02 1.01425e+00
3.69909e+01 1.00128e+00 7.86094e+02 1.01314e+00
3.70403e+01 1.00127e+00 7.85091e+02 1.01248e+00
3.70896e+01 1.00128e+00 7.84089e+02 1.01186e+00
3.71421e+01 1.00128e+00 7.83023e+02 1.01123e+00
3.72080e+01 1.00128e+00 7.81690e+02 1.01050e+00
3.72822e+01 1.00128e+00 7.80189e+02 1.00974e+00
3.73466e+01 1.00129e+00 7.78891e+02 1.00913e+00
3.74031e+01 1.00129e+00 7.77752e+02 1.00863e+00
3.74596e+01 1.00129e+00 7.76616e+02 1.00816e+00
3.75161e+01 1.00129e+00 7.75481e+02 1.00773e+00
3.75726e+01 1.00129e+00 7.74348e+02 1.00732e+00
3.76291e+01 1.00129e+00 7.73216e+02 1.00694e+00
3.76856e+01 1.00130e+00 7.72086e+02 1.00658e+00
3.77458e+01 1.00130e+00 7.70884e+02 1.00622e+00
3.78114e+01 1.00130e+00 7.69576e+02 1.00586e+00
3.78770e+01 1.00130e+00 7.68270e+02 1.00553e+00
3.79332e+01 1.00131e+00 7.67153e+02 1.00526e+00
3.79895e+01 1.00131e+00 7.66037e+02 1.00501e+00
3.80457e+01 1.00131e+00 7.64923e+02 1.00478e+00
3.81019e+01 1.00131e+00 7.63811e+02 1.00456e+00
3.81612e+01 1.00131e+00 7.62640e+02 1.00434e+00
3.82241e+01 1.00132e+00 7.61400e+02 1.00413e+00
3.82901e+01 1.00132e+00 7.60100e+02 1.00392e+00
3.83562e+01 1.00132e+00 7.58801e+02 1.00373e+00
3.84100e+01 1.00132e+00 7.57744e+02 1.00358e+00
3.84639e+01 1.00132e+00 7.56689e+02 1.00345e+00
3.85177e+01 1.00133e+00 7.55635e+02 1.00332e+00
3.85763e+01 1.00133e+00 7.54489e+02 1.00319e+00
3.86455e+01 1.00133e+00 7.53139e+02 1.00304e+00
3.87183e+01 1.00133e+00 7.51722e+02 1.00290e+00
3.87764e+01 1.00134e+00 7.50593e+02 1.00280e+00
3.88344e+01 1.00134e+00 7.49465e+02 1.00271e+00
3.88925e+01 1.00134e+00 7.48340e+02 1.00262e+00
3.89506e+01 1.00134e+00 7.47216e+02 1.00253e+00
3.90087e+01 1.00134e+00 7.46093e+02 1.00246e+00
3.90668e+01 1.00134e+00 7.44972e+02 1.00238e+00
3.91248e+01 1.00135e+00 7.43853e+02 1.00232e+00
3.91856e+01 1.00135e+00 7.42685e+02 1.00225e+00
3.92502e+01 1.00135e+00 7.41444e+02 1.00218e+00
3.93148e+01 1.00135e+00 7.40204e+02 1.00212e+00
3.93795e+01 1.00136e+00 7.38967e+02 1.00207e+00
3.94342e+01 1.00136e+00 7.37921e+02 1.00202e+00
3.94890e+01 1.00136e+00 7.36876e+02 1.00198e+00
3.95437e+01 1.00136e+00 7.35832e+02 1.00195e+00
3.96020e+01 1.00136e+00 7.34724e+02 1.00191e+00
3.96666e+01 1.00137e+00 7.33496e+02 1.00187e+00
3.97398e+01 1.00137e+00 7.32106e+02 1.00183e+00
3.98025e+01 1.00137e+00 7.30921e+02 1.00179e+00
3.98569e+01 1.00137e+00 7.29891e+02 1.00177e+00
3.99114e+01 1.00137e+00 7.28863e+02 1.00174e+00
3.99658e+01 1.00138e+00 7.27837e+02 1.00172e+00
4.00273e+01 1.00138e+00 7.26679e+02 1.00170e+00
4.01044e+01 1.00138e+00 7.25231e+02 1.00167e+00
4.01708e+01 1.00138e+00 7.23985e+02 1.00165e+00
4.02259e+01 1.00139e+00 7.22953e+02 1.00163e+00
4.02810e+01 1.00139e+00 7.21922e+02 1.00162e+00
4.03361e+01 1.00139e+00 7.20894e+02 1.00160e+00
4.03966e+01 1.00139e+00 7.19767e+02 1.00159e+00
4.04688e+01 1.00140e+00 7.18422e+02 1.00157e+00
4.05441e+01 1.00140e+00 7.17023e+02 1.00156e+00
4.06022e+01 1.00140e+00 7.15945e+02 1.00155e+00
4.06604e+01 1.00140e+00 7.14869e+02 1.00154e+00
4.07185e+01 1.00140e+00 7.13794e+02 1.00153e+00
4.07766e+01 1.00141e+00 7.12721e+02 1.00152e+00
4.08347e+01 1.00141e+00 7.11650e+02 1.00151e+00
4.08968e+01 1.00141e+00 7.10508e+02 1.00151e+00
4.09654e+01 1.00141e+00 7.09246e+02 1.00150e+00
4.10341e+01 1.00141e+00 7.07987e+02 1.00149e+00
4.10931e+01 1.00142e+00 7.06906e+02 1.00149e+00
4.11521e+01 1.00142e+00 7.05827e+02 1.00148e+00
4.12111e+01 1.00142e+00 7.04750e+02 1.00148e+00
4.12701e+01 1.00142e+00 7.03675e+02 1.00147e+00
4.13313e+01 1.00143e+00 7.02561e+02 1.00147e+00
4.13955e+01 1.00143e+00 7.01395e+02 1.00147e+00
4.14627e+01 1.00143e+00 7.00177e+02 1.00147e+00
4.15299e+01 1.00143e+00 6.98960e+02 1.00146e+00
4.15878e+01 1.00144e+00 6.97912e+02 1.00146e+00
4.16458e+01 1.00144e+00 6.96866e+02 1.00146e+00
4.17038e+01 1.00144e+00 6.95821e+02 1.00146e+00
4.17644e+01 1.00144e+00 6.94730e+02 1.00146e+00
4.18311e+01 1.00145e+00 6.93531e+02 1.00146e+00
4.19009e+01 1.00145e+00 6.92280e+02 1.00145e+00
4.19707e+01 1.00145e+00 6.91030e+02 1.00145e+00
4.20275e+01 1.00145e+00 6.90015e+02 1.00145e+00
4.20843e+01 1.00146e+00 6.89001e+02 1.00145e+00
4.21412e+01 1.00146e+00 6.87988e+02 1.00145e+00
4.22000e+01 1.00146e+00 6.86941e+02 1.00145e+00
4.22644e+01 1.00146e+00 6.85797e+02 1.00145e+00
4.23383e+01 1.00147e+00 6.84487e+02 1.00146e+00
4.24121e+01 1.00146e+00 6.83180e+02 1.00146e+00
4.24694e+01 1.00147e+00 6.82168e+02 1.00146e+00
4.25266e+01 1.00147e+00 6.81158e+02 1.00146e+00
4.25839e+01 1.00147e+00 6.80150e+02 1.00146e+00
4.26443e+01 1.00148e+00 6.79086e+02 1.00146e+00
4.27131e+01 1.00148e+00 6.77879e+02 1.00146e+00
4.27860e+01 1.00148e+00 6.76601e+02 1.00146e+00
4.28589e+01 1.00149e+00 6.75324e+02 1.00146e+00
4.29072e+01 1.00149e+00 6.74482e+02 1.00146e+00
4.29554e+01 1.00149e+00 6.73640e+02 1.00147e+00
4.30167e+01 1.00149e+00 6.72573e+02 1.00147e+00
4.31127e+01 1.00150e+00 6.70904e+02 1.00147e+00
4.31704e+01 1.00149e+00 6.69902e+02 1.00147e+00
4.32282e+01 1.00150e+00 6.68901e+02 1.00147e+00
4.32859e+01 1.00150e+00 6.67903e+02 1.00147e+00
4.33436e+01 1.00150e+00 6.66905e+02 1.00148e+00
4.34080e+01 1.00150e+00 6.65795e+02 1.00148e+00
4.34864e+01 1.00151e+00 6.64445e+02 1.00148e+00
4.35548e+01 1.00151e+00 6.63270e+02 1.00148e+00
4.36125e+01 1.00151e+00 6.62279e+02 1.00148e+00
4.36703e+01 1.00151e+00 6.61290e+02 1.00149e+00
4.37280e+01 1.00152e+00 6.60303e+02 1.00149e+00
4.37915e+01 1.00152e+00 6.59218e+02 1.00149e+00
4.38678e+01 1.00152e+00 6.57917e+02 1.00149e+00
4.39442e+01 1.00152e+00 6.56619e+02 1.00150e+00
4.40036e+01 1.00153e+00 6.55610e+02 1.00150e+00
4.40630e+01 1.00153e+00 6.54603e+02 1.00150e+00
4.41224e+01 1.00153e+00 6.53597e+02 1.00150e+00
4.41818e+01 1.00154e+00 6.52593e+02 1.00150e+00
4.42467e+01 1.00154e+00 6.51497e+02 1.00151e+00
4.43173e+01 1.00154e+00 6.50307e+02 1.00151e+00
4.43930e+01 1.00155e+00 6.49035e+02 1.00151e+00
4.44563e+01 1.00154e+00 6.47973e+02 1.00151e+00
4.45195e+01 1.00155e+00 6.46913e+02 1.00152e+00
4.45828e+01 1.00155e+00 6.45855e+02 1.00152e+00
4.46460e+01 1.00156e+00 6.44799e+02 1.00152e+00
4.47092e+01 1.00156e+00 6.43744e+02 1.00152e+00
4.47725e+01 1.00156e+00 6.42691e+02 1.00153e+00
4.48357e+01 1.00156e+00 6.41640e+02 1.00153e+00
4.48990e+01 1.00157e+00 6.40591e+02 1.00153e+00
4.49622e+01 1.00157e+00 6.39543e+02 1.00153e+00
4.50255e+01 1.00157e+00 6.38497e+02 1.00154e+00
4.50887e+01 1.00157e+00 6.37453e+02 1.00154e+00
4.51519e+01 1.00158e+00 6.36410e+02 1.00154e+00
4.52178e+01 1.00158e+00 6.35327e+02 1.00154e+00
4.52873e+01 1.00158e+00 6.34185e+02 1.00155e+00
4.53568e+01 1.00158e+00 6.33045e+02 1.00155e+00
4.54263e+01 1.00159e+00 6.31907e+02 1.00155e+00
4.54855e+01 1.00159e+00 6.30940e+02 1.00155e+00
4.55446e+01 1.00159e+00 6.29974e+02 1.00156e+00
4.56038e+01 1.00159e+00 6.29010e+02 1.00156e+00
4.56668e+01 1.00160e+00 6.27986e+02 1.00156e+00
4.57363e+01 1.00160e+00 6.26857e+02 1.00156e+00
4.58156e+01 1.00160e+00 6.25571e+02 1.00157e+00
4.58829e+01 1.00160e+00 6.24482e+02 1.00157e+00
4.59412e+01 1.00161e+00 6.23541e+02 1.00157e+00
4.59995e+01 1.00161e+00 6.22601e+02 1.00157e+00
4.60603e+01 1.00161e+00 6.21622e+02 1.00158e+00
4.61285e+01 1.00161e+00 6.20525e+02 1.00158e+00
4.62116e+01 1.00162e+00 6.19192e+02 1.00158e+00
4.62724e+01 1.00162e+00 6.18219e+02 1.00159e+00
4.63331e+01 1.00162e+00 6.17247e+02 1.00159e+00
4.63939e+01 1.00163e+00 6.16277e+02 1.00159e+00
4.64574e+01 1.00163e+00 6.15265e+02 1.00159e+00
4.65262e+01 1.00163e+00 6.14170e+02 1.00160e+00
4.66030e+01 1.00164e+00 6.12951e+02 1.00160e+00
4.66798e+01 1.00164e+00 6.11733e+02 1.00160e+00
4.67397e+01 1.00164e+00 6.10787e+02 1.00160e+00
4.67995e+01 1.00164e+00 6.09841e+02 1.00161e+00
4.68593e+01 1.00165e+00 6.08898e+02 1.00161e+00
4.69242e+01 1.00165e+00 6.07876e+02 1.00161e+00
4.70017e+01 1.00165e+00 6.06658e+02 1.00162e+00
4.70818e+01 1.00165e+00 6.05401e+02 1.00162e+00
4.71452e+01 1.00166e+00 6.04409e+02 1.00162e+00
4.72086e+01 1.00166e+00 6.03418e+02 1.00162e+00
4.72719e+01 1.00166e+00 6.02429e+02 1.00163e+00
4.73353e+01 1.00167e+00 6.01442e+02 1.00163e+00
4.74009e+01 1.00167e+00 6.00421e+02 1.00163e+00
4.74700e+01 1.00167e+00 5.99349e+02 1.00163e+00
4.75433e+01 1.00168e+00 5.98213e+02 1.00164e+00
4.76166e+01 1.00168e+00 5.97079e+02 1.00164e+00
4.76793e+01 1.00168e+00 5.96111e+02 1.00164e+00
4.77420e+01 1.00168e+00 5.95145e+02 1.00165e+00
4.78046e+01 1.00169e+00 5.94180e+02 1.00165e+00
4.78704e+01 1.00169e+00 5.93169e+02 1.00165e+00
4.79433e+01 1.00169e+00 5.92051e+02 1.00165e+00
4.80189e+01 1.00170e+00 5.90894e+02 1.00166e+00
4.80945e+01 1.00170e+00 5.89739e+02 1.00166e+00
4.81471e+01 1.00170e+00 5.88936e+02 1.00166e+00
4.81997e+01 1.00170e+00 5.88135e+02 1.00167e+00
4.82639e+01 1.00171e+00 5.87158e+02 1.00167e+00
4.83588e+01 1.00171e+00 5.85718e+02 1.00167e+00
4.84219e+01 1.00171e+00 5.84762e+02 1.00168e+00
4.84850e+01 1.00172e+00 5.83808e+02 1.00168e+00
4.85481e+01 1.00172e+00 5.82856e+02 1.00168e+00
4.86112e+01 1.00172e+00 5.81905e+02 1.00168e+00
4.86782e+01 1.00173e+00 5.80896e+02 1.00169e+00
4.87538e+01 1.00173e+00 5.79760e+02 1.00169e+00
4.88294e+01 1.00173e+00 5.78626e+02 1.00169e+00
4.88956e+01 1.00174e+00 5.77637e+02 1.00170e+00
4.89617e+01 1.00174e+00 5.76649e+02 1.00170e+00
4.90279e+01 1.00174e+00 5.75662e+02 1.00170e+00
4.90940e+01 1.00174e+00 5.74678e+02 1.00171e+00
4.91601e+01 1.00175e+00 5.73695e+02 1.00171e+00
4.92289e+01 1.00175e+00 5.72675e+02 1.00171e+00
4.93019e+01 1.00176e+00 5.71594e+02 1.00171e+00
4.93749e+01 1.00176e+00 5.70515e+02 1.00172e+00
4.94479e+01 1.00176e+00 5.69438e+02 1.00172e+00
4.95109e+01 1.00176e+00 5.68509e+02 1.00172e+00
4.95740e+01 1.00177e+00 5.67582e+02 1.00173e+00
4.96371e+01 1.00177e+00 5.66656e+02 1.00173e+00
4.97029e+01 1.00177e+00 5.65692e+02 1.00173e+00
4.97744e+01 1.00177e+00 5.64646e+02 1.00174e+00
4.98552e+01 1.00178e+00 5.63466e+02 1.00174e+00
4.99361e+01 1.00178e+00 5.62288e+02 1.00174e+00
4.99980e+01 1.00179e+00 5.61387e+02 1.00175e+00
5.00599e+01 1.00179e+00 5.60488e+02 1.00175e+00
5.01218e+01 1.00179e+00 5.59591e+02 1.00175e+00
5.01899e+01 1.00179e+00 5.58605e+02 1.00175e+00
5.02741e+01 1.00180e+00 5.57389e+02 1.00176e+00
5.03583e+01 1.00180e+00 5.56176e+02 1.00176e+00
5.04209e+01 1.00181e+00 5.55275e+02 1.00176e+00
5.04835e+01 1.00181e+00 5.54377e+02 1.00177e+00
5.05461e+01 1.00181e+00 5.53479e+02 1.00177e+00
5.06136e+01 1.00181e+00 5.52513e+02 1.00177e+00
5.06943e+01 1.00182e+00 5.51361e+02 1.00178e+00
5.07749e+01 1.00182e+00 5.50211e+02 1.00178e+00
5.08411e+01 1.00183e+00 5.49269e+02 1.00178e+00
5.09074e+01 1.00183e+00 5.48328e+02 1.00179e+00
5.09736e+01 1.00183e+00 5.47389e+02 1.00179e+00
5.10398e+01 1.00183e+00 5.46452e+02 1.00179e+00
5.11102e+01 1.00184e+00 5.45457e+02 1.00180e+00
5.11847e+01 1.00184e+00 5.44406e+02 1.00180e+00
5.12631e+01 1.00185e+00 5.43302e+02 1.00180e+00
5.13415e+01 1.00185e+00 5.42201e+02 1.00181e+00
5.14045e+01 1.00185e+00 5.41317e+02 1.00181e+00
5.14675e+01 1.00185e+00 5.40435e+02 1.00181e+00
5.15305e+01 1.00186e+00 5.39555e+02 1.00182e+00
5.16011e+01 1.00186e+00 5.38570e+02 1.00182e+00
5.16921e+01 1.00187e+00 5.37303e+02 1.00182e+00
5.17545e+01 1.00187e+00 5.36436e+02 1.00183e+00
5.18170e+01 1.00187e+00 5.35569e+02 1.00183e+00
5.18794e+01 1.00187e+00 5.34704e+02 1.00183e+00
5.19496e+01 1.00188e+00 5.33734e+02 1.00184e+00
5.20284e+01 1.00188e+00 5.32646e+02 1.00184e+00
5.21203e+01 1.00189e+00 5.31380e+02 1.00184e+00
5.21789e+01 1.00189e+00 5.30576e+02 1.00185e+00
5.22374e+01 1.00189e+00 5.29773e+02 1.00185e+00
5.23009e+01 1.00190e+00 5.28903e+02 1.00185e+00
5.23879e+01 1.00190e+00 5.27712e+02 1.00186e+00
5.24643e+01 1.00190e+00 5.26670e+02 1.00186e+00
5.25286e+01 1.00191e+00 5.25794e+02 1.00186e+00
5.25929e+01 1.00191e+00 5.24920e+02 1.00187e+00
5.26572e+01 1.00191e+00 5.24047e+02 1.00187e+00
5.27295e+01 1.00192e+00 5.23068e+02 1.00187e+00
5.28231e+01 1.00192e+00 5.21802e+02 1.00188e+00
5.28846e+01 1.00192e+00 5.20972e+02 1.00188e+00
5.29461e+01 1.00193e+00 5.20144e+02 1.00188e+00
5.30076e+01 1.00193e+00 5.19316e+02 1.00189e+00
5.30810e+01 1.00194e+00 5.18330e+02 1.00189e+00
5.31640e+01 1.00194e+00 5.17219e+02 1.00189e+00
5.32595e+01 1.00195e+00 5.15941e+02 1.00190e+00
5.33092e+01 1.00195e+00 5.15278e+02 1.00190e+00
5.33588e+01 1.00195e+00 5.14617e+02 1.00190e+00
5.34514e+01 1.00196e+00 5.13385e+02 1.00191e+00
5.35096e+01 1.00195e+00 5.12612e+02 1.00191e+00
5.35679e+01 1.00196e+00 5.11839e+02 1.00191e+00
5.36331e+01 1.00196e+00 5.10976e+02 1.00192e+00
5.37362e+01 1.00197e+00 5.09615e+02 1.00192e+00
5.37825e+01 1.00197e+00 5.09004e+02 1.00193e+00
5.38289e+01 1.00197e+00 5.08394e+02 1.00193e+00
5.38899e+01 1.00198e+00 5.07591e+02 1.00193e+00
5.39785e+01 1.00198e+00 5.06428e+02 1.00194e+00
5.40730e+01 1.00198e+00 5.05191e+02 1.00194e+00
5.41446e+01 1.00199e+00 5.04255e+02 1.00194e+00
5.42162e+01 1.00199e+00 5.03322e+02 1.00195e+00
5.42878e+01 1.00200e+00 5.02390e+02 1.00195e+00
5.43595e+01 1.00200e+00 5.01459e+02 1.00195e+00
5.44311e+01 1.00200e+00 5.00531e+02 1.00196e+00
5.45027e+01 1.00201e+00 4.99604e+02 1.00196e+00
5.45743e+01 1.00201e+00 4.98679e+02 1.00197e+00
5.46459e+01 1.00201e+00 4.97755e+02 1.00197e+00
5.47175e+01 1.00202e+00 4.96834e+02 1.00197e+00
5.47918e+01 1.00202e+00 4.95879e+02 1.00198e+00
5.48703e+01 1.00203e+00 4.94872e+02 1.00198e+00
5.49489e+01 1.00203e+00 4.93866e+02 1.00198e+00
5.50275e+01 1.00204e+00 4.92863e+02 1.00199e+00
5.50943e+01 1.00204e+00 4.92011e+02 1.00199e+00
5.51611e+01 1.00204e+00 4.91161e+02 1.00200e+00
5.52280e+01 1.00204e+00 4.90312e+02 1.00200e+00
5.52989e+01 1.00205e+00 4.89413e+02 1.00200e+00
5.53766e+01 1.00205e+00 4.88429e+02 1.00201e+00
5.54670e+01 1.00206e+00 4.87288e+02 1.00201e+00
5.55321e+01 1.00206e+00 4.86467e+02 1.00201e+00
5.55973e+01 1.00207e+00 4.85648e+02 1.00202e+00
5.56624e+01 1.00207e+00 4.84830e+02 1.00202e+00
5.57371e+01 1.00207e+00 4.83893e+02 1.00203e+00
5.58204e+01 1.00208e+00 4.82851e+02 1.00203e+00
5.59159e+01 1.00208e+00 4.81659e+02 1.00204e+00
5.59760e+01 1.00208e+00 4.80911e+02 1.00204e+00
5.60360e+01 1.00209e+00 4.80163e+02 1.00204e+00
5.61032e+01 1.00209e+00 4.79330e+02 1.00204e+00
5.61961e+01 1.00210e+00 4.78179e+02 1.00205e+00
5.62756e+01 1.00210e+00 4.77195e+02 1.00205e+00
5.63416e+01 1.00211e+00 4.76381e+02 1.00206e+00
5.64076e+01 1.00211e+00 4.75568e+02 1.00206e+00
5.64770e+01 1.00211e+00 4.74714e+02 1.00206e+00
5.65551e+01 1.00212e+00 4.73755e+02 1.00207e+00
5.66554e+01 1.00213e+00 4.72527e+02 1.00207e+00
5.67081e+01 1.00212e+00 4.71884e+02 1.00208e+00
5.67607e+01 1.00213e+00 4.71241e+02 1.00208e+00
5.68541e+01 1.00214e+00 4.70103e+02 1.00209e+00
5.69157e+01 1.00214e+00 4.69355e+02 1.00209e+00
5.69773e+01 1.00214e+00 4.68607e+02 1.00209e+00
5.70452e+01 1.00214e+00 4.67784e+02 1.00210e+00
5.71468e+01 1.00215e+00 4.66555e+02 1.00210e+00
5.71977e+01 1.00215e+00 4.65941e+02 1.00210e+00
5.72486e+01 1.00215e+00 4.65328e+02 1.00211e+00
5.73268e+01 1.00216e+00 4.64387e+02 1.00211e+00
5.74120e+01 1.00216e+00 4.63364e+02 1.00212e+00
5.75044e+01 1.00217e+00 4.62257e+02 1.00212e+00
5.75663e+01 1.00217e+00 4.61516e+02 1.00212e+00
5.76283e+01 1.00218e+00 4.60777e+02 1.00213e+00
5.76970e+01 1.00218e+00 4.59958e+02 1.00213e+00
5.78032e+01 1.00219e+00 4.58696e+02 1.00214e+00
5.78507e+01 1.00219e+00 4.58132e+02 1.00214e+00
5.78982e+01 1.00219e+00 4.57569e+02 1.00214e+00
5.79577e+01 1.00220e+00 4.56865e+02 1.00215e+00
5.80576e+01 1.00220e+00 4.55685e+02 1.00215e+00
5.81097e+01 1.00220e+00 4.55071e+02 1.00215e+00
5.81617e+01 1.00221e+00 4.54459e+02 1.00216e+00
5.82468e+01 1.00221e+00 4.53459e+02 1.00216e+00
5.83318e+01 1.00222e+00 4.52462e+02 1.00217e+00
5.84053e+01 1.00222e+00 4.51603e+02 1.00217e+00
5.84787e+01 1.00222e+00 4.50746e+02 1.00217e+00
5.85521e+01 1.00223e+00 4.49890e+02 1.00218e+00
5.86255e+01 1.00223e+00 4.49036e+02 1.00218e+00
5.87044e+01 1.00224e+00 4.48120e+02 1.00219e+00
5.87867e+01 1.00224e+00 4.47166e+02 1.00219e+00
5.88691e+01 1.00225e+00 4.46213e+02 1.00220e+00
5.89515e+01 1.00225e+00 4.45263e+02 1.00220e+00
5.90339e+01 1.00226e+00 4.44314e+02 1.00221e+00
5.91032e+01 1.00226e+00 4.43518e+02 1.00221e+00
5.91725e+01 1.00227e+00 4.42723e+02 1.00221e+00
5.92418e+01 1.00227e+00 4.41930e+02 1.00222e+00
5.93171e+01 1.00227e+00 4.41070e+02 1.00222e+00
5.94002e+01 1.00228e+00 4.40122e+02 1.00223e+00
5.94986e+01 1.00229e+00 4.39002e+02 1.00223e+00
5.95627e+01 1.00229e+00 4.38275e+02 1.00224e+00
5.96267e+01 1.00229e+00 4.37549e+02 1.00224e+00
5.96963e+01 1.00230e+00 4.36762e+02 1.00224e+00
5.97961e+01 1.00231e+00 4.35635e+02 1.00225e+00
5.98596e+01 1.00231e+00 4.34919e+02 1.00225e+00
5.99231e+01 1.00231e+00 4.34205e+02 1.00226e+00
5.99931e+01 1.00231e+00 4.33419e+02 1.00226e+00
