0.00000e+00 1.00000e+00 1.00000e-01
3.50000e-01 1.31500e+00 1.22050e-01
7.00000e-01 1.71908e+00 1.83484e-01
1.05000e+00 2.21036e+00 3.38941e-01
1.40000e+00 2.72177e+00 7.47445e-01
1.75000e+00 2.96235e+00 1.77417e+00
2.10000e+00 2.15967e+00 3.21440e+00
2.45000e+00 4.85844e-01 2.05750e+00
2.80000e+00 3.06020e-01 1.05800e+00
3.15000e+00 2.99808e-01 5.39437e-01
3.50000e+00 3.48136e-01 2.93289e-01
3.85000e+00 4.34247e-01 1.77139e-01
4.20000e+00 5.59311e-01 1.22495e-01
4.55000e+00 7.31091e-01 9.94368e-02
4.90000e+00 9.61529e-01 9.67590e-02
5.25000e+00 1.26550e+00 1.14742e-01
5.60000e+00 1.65760e+00 1.67560e-01
5.95000e+00 2.14055e+00 3.01338e-01
6.30000e+00 2.66399e+00 6.52333e-01
6.65000e+00 2.98815e+00 1.56019e+00
7.00000e+00 2.40228e+00 3.09166e+00
7.35000e+00 6.43617e-01 2.32039e+00
7.70000e+00 3.46178e-01 1.25840e+00
8.05000e+00 3.14870e-01 6.54884e-01
8.40000e+00 3.52903e-01 3.58243e-01
8.75000e+00 4.32170e-01 2.15848e-01
9.10000e+00 5.50781e-01 1.47974e-01
9.45000e+00 7.15028e-01 1.18456e-01
9.80000e+00 9.35644e-01 1.13120e-01
1.01500e+01 1.22607e+00 1.31021e-01
1.05000e+01 1.59898e+00 1.85956e-01
1.08500e+01 2.05455e+00 3.23226e-01
1.12000e+01 2.54121e+00 6.71938e-01
1.15500e+01 2.83300e+00 1.53410e+00
1.19000e+01 2.30341e+00 2.93380e+00
1.22500e+01 7.44397e-01 2.40887e+00
1.26000e+01 3.77330e-01 1.35892e+00
1.29500e+01 3.29929e-01 7.21520e-01
1.33000e+01 3.62087e-01 3.99333e-01
1.36500e+01 4.38209e-01 2.42294e-01
1.40000e+01 5.54421e-01 1.66721e-01
1.43500e+01 7.16117e-01 1.33591e-01
1.47000e+01 9.33275e-01 1.27351e-01
1.50500e+01 1.21832e+00 1.46813e-01
1.54000e+01 1.58213e+00 2.06639e-01
1.57500e+01 2.02145e+00 3.54389e-01
1.61000e+01 2.47823e+00 7.21096e-01
1.64500e+01 2.72014e+00 1.58937e+00
1.68000e+01 2.15904e+00 2.87886e+00
1.71500e+01 7.39250e-01 2.35340e+00
1.75000e+01 3.89075e-01 1.34697e+00
1.78500e+01 3.41826e-01 7.26393e-01
1.82000e+01 3.74560e-01 4.08372e-01
1.85500e+01 4.52120e-01 2.51755e-01
1.89000e+01 5.70523e-01 1.76069e-01
1.92500e+01 7.35048e-01 1.43414e-01
1.96000e+01 9.55420e-01 1.38939e-01
1.99500e+01 1.24336e+00 1.62607e-01
2.03000e+01 1.60777e+00 2.31786e-01
2.06500e+01 2.04006e+00 4.00535e-01
2.10000e+01 2.46809e+00 8.12149e-01
2.13500e+01 2.63036e+00 1.73902e+00
2.17000e+01 1.95000e+00 2.89546e+00
2.20500e+01 6.56348e-01 2.19894e+00
2.24000e+01 3.80925e-01 1.24602e+00
2.27500e+01 3.48124e-01 6.77447e-01
2.31000e+01 3.87425e-01 3.86956e-01
2.34500e+01 4.70553e-01 2.43545e-01
2.38000e+01 5.95137e-01 1.74524e-01
2.41500e+01 7.67082e-01 1.46069e-01
2.45000e+01 9.96344e-01 1.45695e-01
2.48500e+01 1.29426e+00 1.75705e-01
2.52000e+01 1.66765e+00 2.57823e-01
2.55500e+01 2.10085e+00 4.56499e-01
2.59000e+01 2.50048e+00 9.35977e-01
2.62500e+01 2.55651e+00 1.95578e+00
2.66000e+01 1.70130e+00 2.91589e+00
2.69500e+01 5.60472e-01 2.01876e+00
2.73000e+01 3.60626e-01 1.11524e+00
2.76500e+01 3.46081e-01 6.04747e-01
2.80000e+01 3.93957e-01 3.48195e-01
2.83500e+01 4.83831e-01 2.22386e-01
2.87000e+01 6.15513e-01 1.62533e-01
2.90500e+01 7.95928e-01 1.39315e-01
2.94000e+01 1.03569e+00 1.42796e-01
2.97500e+01 1.34642e+00 1.77423e-01
3.01000e+01 1.73406e+00 2.68591e-01
3.04500e+01 2.17797e+00 4.90065e-01
3.08000e+01 2.56669e+00 1.02751e+00
3.11500e+01 2.54197e+00 2.13659e+00
3.15000e+01 1.53076e+00 2.93040e+00
3.18500e+01 4.96518e-01 1.89762e+00
3.22000e+01 3.40529e-01 1.02162e+00
3.25500e+01 3.37952e-01 5.48167e-01
3.29000e+01 3.91396e-01 3.14635e-01
3.32500e+01 4.85283e-01 2.01272e-01
3.36000e+01 6.20946e-01 1.47867e-01
3.39500e+01 8.06141e-01 1.27801e-01
3.43000e+01 1.05223e+00 1.32474e-01
3.46500e+01 1.37173e+00 1.66944e-01
3.50000e+01 1.77168e+00 2.57124e-01
3.53500e+01 2.23233e+00 4.78926e-01
3.57000e+01 2.63945e+00 1.02855e+00
3.60500e+01 2.61308e+00 2.18994e+00
3.64000e+01 1.52479e+00 2.99441e+00
3.67500e+01 4.60417e-01 1.86340e+00
3.71000e+01 3.21284e-01 9.78096e-01
3.74500e+01 3.23747e-01 5.15088e-01
3.78000e+01 3.78693e-01 2.91069e-01
3.81500e+01 4.72657e-01 1.83623e-01
3.85000e+01 6.07710e-01 1.33200e-01
3.88500e+01 7.92077e-01 1.13813e-01
3.92000e+01 1.03775e+00 1.16821e-01
3.95500e+01 1.35853e+00 1.46140e-01
3.99000e+01 1.76453e+00 2.24350e-01
4.02500e+01 2.24356e+00 4.19645e-01
4.06000e+01 2.69929e+00 9.18812e-01
4.09500e+01 2.77599e+00 2.06107e+00
4.13000e+01 1.74505e+00 3.13600e+00
4.16500e+01 4.40451e-01 1.90768e+00
4.20000e+01 3.00525e-01 9.73618e-01
4.23500e+01 3.03300e-01 4.98794e-01
4.27000e+01 3.56506e-01 2.74114e-01
4.30500e+01 4.47080e-01 1.68020e-01
4.34000e+01 5.77266e-01 1.18301e-01
4.37500e+01 7.55407e-01 9.80458e-02
4.41000e+01 9.93877e-01 9.76256e-02
4.44500e+01 1.30777e+00 1.18658e-01
4.48000e+01 1.71118e+00 1.77730e-01
4.51500e+01 2.20365e+00 3.27477e-01
4.55000e+01 2.72236e+00 7.22299e-01
4.58500e+01 2.98696e+00 1.72692e+00
4.62000e+01 2.22700e+00 3.21018e+00
4.65500e+01 5.04274e-01 2.09622e+00
4.69000e+01 3.10795e-01 1.08491e+00
4.72500e+01 3.01558e-01 5.54489e-01
4.76000e+01 3.48580e-01 3.01645e-01
4.79500e+01 4.33781e-01 1.82087e-01
4.83000e+01 5.57959e-01 1.25744e-01
4.86500e+01 7.28689e-01 1.01863e-01
4.90000e+01 9.57751e-01 9.88507e-02
4.93500e+01 1.25983e+00 1.16830e-01
4.97000e+01 1.64925e+00 1.69926e-01
5.00500e+01 2.12840e+00 3.04148e-01
5.04000e+01 2.64677e+00 6.54751e-01
5.07500e+01 2.96660e+00 1.55609e+00
5.11000e+01 2.38920e+00 3.06931e+00
5.14500e+01 6.58806e-01 2.33625e+00
5.18000e+01 3.50692e-01 1.27439e+00
5.21500e+01 3.17013e-01 6.65113e-01
5.25000e+01 3.54170e-01 3.64428e-01
5.28500e+01 4.32956e-01 2.19775e-01
5.32000e+01 5.51186e-01 1.50729e-01
5.35500e+01 7.15024e-01 1.20661e-01
5.39000e+01 9.35086e-01 1.15178e-01
5.42500e+01 1.22467e+00 1.33292e-01
5.46000e+01 1.59617e+00 1.88917e-01
5.49500e+01 2.04929e+00 3.27678e-01
5.53000e+01 2.53152e+00 6.78969e-01
5.56500e+01 2.81596e+00 1.54205e+00
5.60000e+01 2.28172e+00 2.92559e+00
5.63500e+01 7.43940e-01 2.40120e+00
5.67000e+01 3.79097e-01 1.35756e+00
5.70500e+01 3.31654e-01 7.22437e-01
5.74000e+01 3.63873e-01 4.00744e-01
5.77500e+01 4.40192e-01 2.43706e-01
5.81000e+01 5.56712e-01 1.68084e-01
5.84500e+01 7.18810e-01 1.34999e-01
5.88000e+01 9.36430e-01 1.28992e-01
5.91500e+01 1.22190e+00 1.49029e-01
5.95000e+01 1.58584e+00 2.10143e-01
5.98500e+01 2.02424e+00 3.60809e-01
6.02000e+01 2.47710e+00 7.33873e-01
6.05500e+01 2.70782e+00 1.61120e+00
6.09000e+01 2.12856e+00 2.88404e+00
6.12500e+01 7.24958e-01 2.32878e+00
6.16000e+01 3.87800e-01 1.33080e+00
6.19500e+01 3.42900e-01 7.18674e-01
6.23000e+01 3.76663e-01 4.05091e-01
6.26500e+01 4.55091e-01 2.50574e-01
6.30000e+01 5.74461e-01 1.75934e-01
6.33500e+01 7.40149e-01 1.43932e-01
6.37000e+01 9.61916e-01 1.40095e-01
6.40500e+01 1.25142e+00 1.64751e-01
6.44000e+01 1.61726e+00 2.35937e-01
6.47500e+01 2.04975e+00 4.09309e-01
6.51000e+01 2.47352e+00 8.31495e-01
6.54500e+01 2.61940e+00 1.77406e+00
6.58000e+01 1.90975e+00 2.90382e+00
6.61500e+01 6.37213e-01 2.16639e+00
6.65000e+01 3.77079e-01 1.22175e+00
6.68500e+01 3.47813e-01 6.63982e-01
6.72000e+01 3.88718e-01 3.79866e-01
6.75500e+01 4.73088e-01 2.39757e-01
6.79000e+01 5.98970e-01 1.72452e-01
6.82500e+01 7.72457e-01 1.44984e-01
6.86000e+01 1.00362e+00 1.45351e-01
6.89500e+01 1.30383e+00 1.76264e-01
6.93000e+01 1.67973e+00 2.60133e-01
6.96500e+01 2.11470e+00 4.63113e-01
