0.00000e+00 1.00000e+00 1.00000e-01
4.00000e-01 1.36000e+00 1.28800e-01
8.00000e-01 1.83393e+00 2.14728e-01
1.20000e+00 2.40999e+00 4.56940e-01
1.60000e+00 2.93349e+00 1.16373e+00
2.00000e+00 2.74137e+00 2.78492e+00
2.40000e+00 7.84115e-01 2.30395e+00
2.80000e+00 3.75138e-01 1.15223e+00
3.20000e+00 3.52295e-01 5.55185e-01
3.60000e+00 4.14978e-01 2.95348e-01
4.00000e+00 5.31944e-01 1.84757e-01
4.40000e+00 7.05409e-01 1.41215e-01
4.80000e+00 9.47727e-01 1.35309e-01
5.20000e+00 1.27552e+00 1.65134e-01
5.60000e+00 1.70148e+00 2.57804e-01
6.00000e+00 2.20661e+00 5.06660e-01
6.40000e+00 2.64206e+00 1.17223e+00
6.80000e+00 2.46004e+00 2.54143e+00
7.20000e+00 9.43243e-01 2.42604e+00
7.60000e+00 4.05202e-01 1.27164e+00
8.00000e+00 3.61175e-01 6.21755e-01
8.40000e+00 4.15820e-01 3.31182e-01
8.80000e+00 5.27064e-01 2.05879e-01
9.20000e+00 6.94485e-01 1.55560e-01
9.60000e+00 9.29065e-01 1.46732e-01
1.00000e+01 1.24616e+00 1.75628e-01
1.04000e+01 1.65708e+00 2.67950e-01
1.08000e+01 2.14231e+00 5.12814e-01
1.12000e+01 2.55979e+00 1.15272e+00
1.16000e+01 2.40342e+00 2.44692e+00
1.20000e+01 1.01240e+00 2.47119e+00
1.24000e+01 4.16627e-01 1.31789e+00
1.28000e+01 3.63651e-01 6.46979e-01
1.32000e+01 4.15001e-01 3.44193e-01
1.36000e+01 5.23866e-01 2.13087e-01
1.40000e+01 6.88760e-01 1.60030e-01
1.44000e+01 9.20175e-01 1.49811e-01
1.48000e+01 1.23310e+00 1.77748e-01
1.52000e+01 1.63867e+00 2.68567e-01
1.56000e+01 2.11811e+00 5.08795e-01
1.60000e+01 2.53427e+00 1.13330e+00
1.64000e+01 2.39915e+00 2.40182e+00
1.68000e+01 1.05387e+00 2.50534e+00
1.72000e+01 4.19298e-01 1.34146e+00
1.76000e+01 3.62029e-01 6.56809e-01
1.80000e+01 4.11727e-01 3.47703e-01
1.84000e+01 5.19155e-01 2.13950e-01
1.88000e+01 6.82388e-01 1.59587e-01
1.92000e+01 9.11783e-01 1.48325e-01
1.96000e+01 1.22240e+00 1.74714e-01
2.00000e+01 1.62593e+00 2.62202e-01
2.04000e+01 2.10577e+00 4.94151e-01
2.08000e+01 2.53186e+00 1.09973e+00
2.12000e+01 2.43086e+00 2.35857e+00
2.16000e+01 1.10986e+00 2.56587e+00
2.20000e+01 4.14705e-01 1.36443e+00
2.24000e+01 3.54252e-01 6.59569e-01
2.28000e+01 4.02491e-01 3.44290e-01
2.32000e+01 5.08058e-01 2.08794e-01
2.36000e+01 6.68849e-01 1.53480e-01
2.40000e+01 8.95327e-01 1.40628e-01
2.44000e+01 1.20309e+00 1.63476e-01
2.48000e+01 1.60566e+00 2.42685e-01
2.52000e+01 2.09206e+00 4.54706e-01
2.56000e+01 2.54837e+00 1.01795e+00
2.60000e+01 2.53008e+00 2.26398e+00
2.64000e+01 1.25089e+00 2.71839e+00
2.68000e+01 3.91084e-01 1.39417e+00
2.72000e+01 3.29423e-01 6.46252e-01
2.76000e+01 3.76036e-01 3.23661e-01
2.80000e+01 4.77767e-01 1.88440e-01
2.84000e+01 6.32861e-01 1.33093e-01
2.88000e+01 8.52314e-01 1.17368e-01
2.92000e+01 1.15323e+00 1.31755e-01
2.96000e+01 1.55374e+00 1.90122e-01
3.00000e+01 2.05707e+00 3.50900e-01
3.04000e+01 2.59117e+00 7.97573e-01
3.08000e+01 2.80098e+00 1.94671e+00
3.12000e+01 1.74030e+00 3.09962e+00
3.16000e+01 2.78711e-01 1.31104e+00
3.20000e+01 2.44035e-01 5.18161e-01
3.24000e+01 2.91069e-01 2.24289e-01
3.28000e+01 3.81383e-01 1.13290e-01
3.32000e+01 5.16653e-01 6.94831e-02
3.36000e+01 7.08955e-01 5.33049e-02
3.40000e+01 9.77421e-01 5.23421e-02
3.44000e+01 1.34793e+00 6.69110e-02
3.48000e+01 1.85102e+00 1.12465e-01
3.52000e+01 2.50816e+00 2.48157e-01
3.56000e+01 3.26245e+00 6.97312e-01
3.60000e+01 3.65746e+00 2.17977e+00
3.64000e+01 1.93147e+00 3.80409e+00
3.68000e+01 -2.34933e-01 4.58537e-02
3.72000e+01 -3.24597e-01 -2.73643e-03
3.76000e+01 -4.54791e-01 4.48317e-04
3.80000e+01 -6.36626e-01 -1.38665e-04
3.84000e+01 -8.91311e-01 7.11418e-05
3.88000e+01 -1.24781e+00 -5.67888e-05
3.92000e+01 -1.74696e+00 6.80086e-05
3.96000e+01 -2.44570e+00 -1.19461e-04
4.00000e+01 -3.42410e+00 3.03345e-04
4.04000e+01 -4.79332e+00 -1.10256e-03
4.08000e+01 -6.71276e+00 5.70044e-03
4.12000e+01 -9.38256e+00 -4.16477e-02
4.16000e+01 -1.32919e+01 4.34532e-01
4.20000e+01 -1.62983e+01 -5.57882e+00
4.24000e+01 -5.91879e+01 2.63043e+02
4.28000e+01 6.14472e+03 1.29311e+06
4.32000e+01 -3.17832e+09 -3.28795e+15
4.36000e+01 -4.18007e+24 1.09951e+40
4.40000e+01 1.83841e+64 1.61708e+104
4.44000e+01 -1.18914e+168 -1.53834e+272
4.48000e+01 -inf inf
4.52000e+01 -nan -nan
4.56000e+01 -nan -nan
4.60000e+01 -nan -nan
4.64000e+01 -nan -nan
4.68000e+01 -nan -nan
4.72000e+01 -nan -nan
4.76000e+01 -nan -nan
4.80000e+01 -nan -nan
4.84000e+01 -nan -nan
4.88000e+01 -nan -nan
4.92000e+01 -nan -nan
4.96000e+01 -nan -nan
5.00000e+01 -nan -nan
5.04000e+01 -nan -nan
5.08000e+01 -nan -nan
5.12000e+01 -nan -nan
5.16000e+01 -nan -nan
5.20000e+01 -nan -nan
5.24000e+01 -nan -nan
5.28000e+01 -nan -nan
5.32000e+01 -nan -nan
5.36000e+01 -nan -nan
5.40000e+01 -nan -nan
5.44000e+01 -nan -nan
5.48000e+01 -nan -nan
5.52000e+01 -nan -nan
5.56000e+01 -nan -nan
5.60000e+01 -nan -nan
5.64000e+01 -nan -nan
5.68000e+01 -nan -nan
5.72000e+01 -nan -nan
5.76000e+01 -nan -nan
5.80000e+01 -nan -nan
5.84000e+01 -nan -nan
5.88000e+01 -nan -nan
5.92000e+01 -nan -nan
5.96000e+01 -nan -nan
6.00000e+01 -nan -nan
6.04000e+01 -nan -nan
6.08000e+01 -nan -nan
6.12000e+01 -nan -nan
6.16000e+01 -nan -nan
6.20000e+01 -nan -nan
6.24000e+01 -nan -nan
6.28000e+01 -nan -nan
6.32000e+01 -nan -nan
6.36000e+01 -nan -nan
6.40000e+01 -nan -nan
6.44000e+01 -nan -nan
6.48000e+01 -nan -nan
6.52000e+01 -nan -nan
6.56000e+01 -nan -nan
6.60000e+01 -nan -nan
6.64000e+01 -nan -nan
6.68000e+01 -nan -nan
6.72000e+01 -nan -nan
6.76000e+01 -nan -nan
6.80000e+01 -nan -nan
6.84000e+01 -nan -nan
6.88000e+01 -nan -nan
6.92000e+01 -nan -nan
6.96000e+01 -nan -nan
7.00000e+01 -nan -nan
7.04000e+01 -nan -nan
7.08000e+01 -nan -nan
7.12000e+01 -nan -nan
7.16000e+01 -nan -nan
7.20000e+01 -nan -nan
7.24000e+01 -nan -nan
7.28000e+01 -nan -nan
7.32000e+01 -nan -nan
7.36000e+01 -nan -nan
7.40000e+01 -nan -nan
7.44000e+01 -nan -nan
7.48000e+01 -nan -nan
7.52000e+01 -nan -nan
7.56000e+01 -nan -nan
7.60000e+01 -nan -nan
7.64000e+01 -nan -nan
7.68000e+01 -nan -nan
7.72000e+01 -nan -nan
7.76000e+01 -nan -nan
7.80000e+01 -nan -nan
7.84000e+01 -nan -nan
7.88000e+01 -nan -nan
7.92000e+01 -nan -nan
7.96000e+01 -nan -nan
