0.00000e+00 1.00000e+00 1.00000e-01
3.10000e-01 1.27900e+00 1.17298e-01
6.20000e-01 1.62898e+00 1.63041e-01
9.30000e-01 2.05163e+00 2.69345e-01
1.24000e+00 2.51634e+00 5.22564e-01
1.55000e+00 2.88877e+00 1.13451e+00
1.86000e+00 2.76831e+00 2.37833e+00
2.17000e+00 1.58547e+00 3.24163e+00
2.48000e+00 4.83717e-01 2.20400e+00
2.79000e+00 3.03174e-01 1.25180e+00
3.10000e+00 2.79509e-01 6.92616e-01
3.41000e+00 3.06143e-01 3.94659e-01
3.72000e+00 3.63593e-01 2.38937e-01
4.03000e+00 4.49375e-01 1.57367e-01
4.34000e+00 5.66759e-01 1.15097e-01
4.65000e+00 7.22232e-01 9.52752e-02
4.96000e+00 9.24793e-01 9.08327e-02
5.27000e+00 1.18544e+00 1.01276e-01
5.58000e+00 1.51571e+00 1.33658e-01
5.89000e+00 1.92277e+00 2.10126e-01
6.20000e+00 2.39359e+00 3.91680e-01
6.51000e+00 2.84497e+00 8.39714e-01
6.82000e+00 2.98633e+00 1.87384e+00
7.13000e+00 2.17736e+00 3.24168e+00
7.44000e+00 6.64269e-01 2.56691e+00
7.75000e+00 3.41605e-01 1.51909e+00
8.06000e+00 2.86635e-01 8.47215e-01
8.37000e+00 3.00211e-01 4.79635e-01
8.68000e+00 3.48639e-01 2.85937e-01
8.99000e+00 4.25814e-01 1.84145e-01
9.30000e+00 5.33508e-01 1.30886e-01
9.61000e+00 6.77249e-01 1.04695e-01
9.92000e+00 8.65216e-01 9.59458e-02
1.02300e+01 1.10770e+00 1.02352e-01
1.05400e+01 1.41594e+00 1.28747e-01
1.08500e+01 1.79837e+00 1.92476e-01
1.11600e+01 2.24856e+00 3.41472e-01
1.14700e+01 2.70759e+00 7.02990e-01
1.17800e+01 2.95688e+00 1.55590e+00
1.20900e+01 2.44732e+00 2.95208e+00
1.24000e+01 9.66339e-01 2.89047e+00
1.27100e+01 4.00020e-01 1.81525e+00
1.30200e+01 2.98924e-01 1.02622e+00
1.33300e+01 2.96494e-01 5.78611e-01
1.36400e+01 3.35226e-01 3.40130e-01
1.39500e+01 4.03799e-01 2.14403e-01
1.42600e+01 5.02138e-01 1.48222e-01
1.45700e+01 6.34729e-01 1.14655e-01
1.48800e+01 8.08934e-01 1.01073e-01
1.51900e+01 1.03436e+00 1.03226e-01
1.55000e+01 1.32191e+00 1.23828e-01
1.58100e+01 1.68096e+00 1.76107e-01
1.61200e+01 2.11029e+00 2.97335e-01
1.64300e+01 2.56996e+00 5.86755e-01
1.67400e+01 2.89919e+00 1.27766e+00
1.70500e+01 2.64965e+00 2.58442e+00
1.73600e+01 1.34822e+00 3.14238e+00
1.76700e+01 4.52814e-01 2.07631e+00
1.79800e+01 3.01729e-01 1.17742e+00
1.82900e+01 2.85134e-01 6.55568e-01
1.86000e+01 3.15579e-01 3.77383e-01
1.89100e+01 3.76489e-01 2.31496e-01
1.92200e+01 4.66183e-01 1.54878e-01
1.95300e+01 5.88317e-01 1.15347e-01
1.98400e+01 7.49658e-01 9.74435e-02
2.01500e+01 9.59407e-01 9.49911e-02
2.04600e+01 1.22857e+00 1.08453e-01
2.07700e+01 1.56812e+00 1.46654e-01
2.10800e+01 1.98295e+00 2.36029e-01
2.13900e+01 2.45258e+00 4.48596e-01
2.17000e+01 2.87181e+00 9.69200e-01
2.20100e+01 2.89923e+00 2.11045e+00
2.23200e+01 1.90120e+00 3.28965e+00
2.26300e+01 5.51743e-01 2.37539e+00
2.29400e+01 3.16495e-01 1.36877e+00
2.32500e+01 2.80314e-01 7.58015e-01
2.35600e+01 3.01342e-01 4.29668e-01
2.38700e+01 3.54620e-01 2.57742e-01
2.41800e+01 4.36219e-01 1.67650e-01
2.44900e+01 5.48775e-01 1.20748e-01
2.48000e+01 6.98354e-01 9.81659e-02
2.51100e+01 8.93592e-01 9.16896e-02
2.54200e+01 1.14521e+00 9.99442e-02
2.57300e+01 1.46474e+00 1.28742e-01
2.60400e+01 1.86035e+00 1.97415e-01
2.63500e+01 2.32321e+00 3.59372e-01
2.66600e+01 2.78458e+00 7.56996e-01
2.69700e+01 2.99435e+00 1.69302e+00
2.72800e+01 2.35106e+00 3.11118e+00
2.75900e+01 8.12366e-01 2.74925e+00
2.79000e+01 3.71846e-01 1.67854e+00
2.82100e+01 2.93629e-01 9.43424e-01
2.85200e+01 2.98779e-01 5.33264e-01
2.88300e+01 3.42009e-01 3.15716e-01
2.91400e+01 4.14558e-01 2.01120e-01
2.94500e+01 5.17225e-01 1.40920e-01
2.97600e+01 6.54970e-01 1.10775e-01
3.00700e+01 8.35518e-01 9.94782e-02
3.03800e+01 1.06876e+00 1.03719e-01
3.06900e+01 1.36572e+00 1.27237e-01
3.10000e+01 1.73522e+00 1.85236e-01
3.13100e+01 2.17350e+00 3.20008e-01
3.16200e+01 2.63166e+00 6.43737e-01
3.19300e+01 2.92231e+00 1.41096e+00
3.22400e+01 2.55001e+00 2.76691e+00
3.25500e+01 1.15326e+00 3.02983e+00
3.28600e+01 4.27576e-01 1.95453e+00
3.31700e+01 3.01054e-01 1.10754e+00
3.34800e+01 2.91017e-01 6.20701e-01
3.37900e+01 3.25236e-01 3.61029e-01
3.41000e+01 3.89659e-01 2.24411e-01
3.44100e+01 4.83346e-01 1.52527e-01
3.47200e+01 6.10329e-01 1.15677e-01
3.50300e+01 7.77644e-01 9.97294e-02
3.53400e+01 9.94672e-01 9.94000e-02
3.56500e+01 1.27237e+00 1.16186e-01
3.59600e+01 1.62098e+00 1.60918e-01
3.62700e+01 2.04262e+00 2.64939e-01
3.65800e+01 2.50807e+00 5.12658e-01
3.68900e+01 2.88698e+00 1.11243e+00
3.72000e+01 2.78636e+00 2.34449e+00
3.75100e+01 1.62503e+00 3.25302e+00
3.78200e+01 4.90049e-01 2.22451e+00
3.81300e+01 3.04027e-01 1.26463e+00
3.84400e+01 2.79086e-01 6.99382e-01
3.87500e+01 3.05095e-01 3.98059e-01
3.90600e+01 3.62026e-01 2.40609e-01
3.93700e+01 4.47251e-01 1.58151e-01
3.96800e+01 5.63971e-01 1.15397e-01
3.99900e+01 7.18627e-01 9.52660e-02
4.03000e+01 9.20179e-01 9.05513e-02
4.06100e+01 1.17960e+00 1.00635e-01
4.09200e+01 1.50848e+00 1.32361e-01
4.12300e+01 1.91421e+00 2.07384e-01
4.15400e+01 2.38456e+00 3.85408e-01
4.18500e+01 2.83887e+00 8.24813e-01
4.21600e+01 2.99305e+00 1.84402e+00
4.24700e+01 2.20992e+00 3.22732e+00
4.27800e+01 6.84037e-01 2.59510e+00
4.30900e+01 3.45794e-01 1.54251e+00
4.34000e+01 2.87639e-01 8.61238e-01
4.37100e+01 3.00012e-01 4.87467e-01
4.40200e+01 3.47680e-01 2.90317e-01
4.43300e+01 4.24170e-01 1.86669e-01
4.46400e+01 5.31117e-01 1.32403e-01
4.49500e+01 6.73964e-01 1.05639e-01
4.52600e+01 8.60821e-01 9.65232e-02
4.55700e+01 1.10192e+00 1.02622e-01
4.58800e+01 1.40846e+00 1.28611e-01
4.61900e+01 1.78893e+00 1.91519e-01
4.65000e+01 2.23728e+00 3.38436e-01
4.68100e+01 2.69611e+00 6.94332e-01
4.71200e+01 2.95159e+00 1.53446e+00
4.74300e+01 2.46256e+00 2.92590e+00
4.77400e+01 9.92343e-01 2.91201e+00
4.80500e+01 4.04160e-01 1.83625e+00
4.83600e+01 2.99386e-01 1.03862e+00
4.86700e+01 2.95802e-01 5.85155e-01
4.89800e+01 3.33843e-01 3.43476e-01
4.92900e+01 4.01787e-01 2.16083e-01
4.96000e+01 4.99427e-01 1.49021e-01
4.99100e+01 6.31178e-01 1.14944e-01
5.02200e+01 8.04353e-01 1.01001e-01
5.05300e+01 1.02852e+00 1.02787e-01
5.08400e+01 1.31458e+00 1.22835e-01
5.11500e+01 1.67205e+00 1.74017e-01
5.14600e+01 2.10018e+00 2.92716e-01
5.17700e+01 2.56067e+00 5.75952e-01
5.20800e+01 2.89728e+00 1.25345e+00
5.23900e+01 2.66964e+00 2.55100e+00
5.27000e+01 1.38605e+00 3.16159e+00
5.30100e+01 4.57271e-01 2.09774e+00
5.33200e+01 3.01662e-01 1.18948e+00
5.36300e+01 2.83943e-01 6.61405e-01
5.39400e+01 3.13747e-01 3.79992e-01
5.42500e+01 3.74050e-01 2.32521e-01
5.45600e+01 4.63043e-01 1.55112e-01
5.48700e+01 5.84321e-01 1.15136e-01
5.51800e+01 7.44605e-01 9.69051e-02
5.54900e+01 9.53064e-01 9.40852e-02
5.58000e+01 1.22072e+00 1.06960e-01
5.61100e+01 1.55866e+00 1.44008e-01
5.64200e+01 1.97227e+00 2.30817e-01
5.67300e+01 2.44255e+00 4.37255e-01
5.70400e+01 2.86865e+00 9.43842e-01
5.73500e+01 2.91859e+00 2.06657e+00
5.76600e+01 1.95360e+00 3.28839e+00
5.79700e+01 5.67716e-01 2.40705e+00
5.82800e+01 3.20087e-01 1.39237e+00
5.85900e+01 2.81154e-01 7.71810e-01
5.89000e+01 3.01042e-01 4.37343e-01
5.92100e+01 3.53551e-01 2.62057e-01
5.95200e+01 4.34430e-01 1.70166e-01
5.98300e+01 5.46187e-01 1.22287e-01
6.01400e+01 6.94800e-01 9.91475e-02
6.04500e+01 8.88832e-01 9.23138e-02
6.07600e+01 1.13893e+00 1.00266e-01
6.10700e+01 1.45660e+00 1.28650e-01
6.13800e+01 1.85006e+00 1.96454e-01
6.16900e+01 2.31091e+00 3.56124e-01
