0.00000e+00 1.00000e+00 1.00000e-01
3.30000e-01 1.29700e+00 1.19602e-01
6.60000e-01 1.67382e+00 1.72791e-01
9.90000e-01 2.13074e+00 3.01743e-01
1.32000e+00 2.62171e+00 6.24708e-01
1.65000e+00 2.94640e+00 1.42722e+00
1.98000e+00 2.53101e+00 2.86938e+00
2.31000e+00 9.69640e-01 2.81188e+00
2.64000e+00 3.89871e-01 1.67958e+00
2.97000e+00 3.02438e-01 9.06317e-01
3.30000e+00 3.11788e-01 4.94650e-01
3.63000e+00 3.63783e-01 2.86945e-01
3.96000e+00 4.49385e-01 1.82667e-01
4.29000e+00 5.70593e-01 1.30898e-01
4.62000e+00 7.34241e-01 1.07938e-01
4.95000e+00 9.50387e-01 1.04404e-01
5.28000e+00 1.23127e+00 1.20340e-01
5.61000e+00 1.58869e+00 1.67096e-01
5.94000e+00 2.02536e+00 2.80177e-01
6.27000e+00 2.50647e+00 5.58747e-01
6.60000e+00 2.87144e+00 1.24888e+00
6.93000e+00 2.63560e+00 2.59705e+00
7.26000e+00 1.24657e+00 3.01968e+00
7.59000e+00 4.15735e-01 1.85525e+00
7.92000e+00 2.98401e-01 9.96167e-01
8.25000e+00 2.98779e-01 5.35135e-01
8.58000e+00 3.44613e-01 3.03659e-01
8.91000e+00 4.23803e-01 1.88181e-01
9.24000e+00 5.37339e-01 1.30719e-01
9.57000e+00 6.91482e-01 1.04101e-01
9.90000e+00 8.95916e-01 9.69502e-02
1.02300e+01 1.16291e+00 1.07374e-01
1.05600e+01 1.50546e+00 1.43194e-01
1.08900e+01 1.93112e+00 2.31193e-01
1.12200e+01 2.42106e+00 4.48028e-01
1.15500e+01 2.86206e+00 9.98635e-01
1.18800e+01 2.86334e+00 2.22676e+00
1.22100e+01 1.70417e+00 3.26166e+00
1.25400e+01 4.32267e-01 2.03950e+00
1.28700e+01 2.83984e-01 1.07569e+00
1.32000e+01 2.76890e-01 5.62317e-01
1.35300e+01 3.16883e-01 3.08792e-01
1.38600e+01 3.89164e-01 1.84302e-01
1.41900e+01 4.93919e-01 1.22743e-01
1.45200e+01 6.36906e-01 9.33284e-02
1.48500e+01 8.27469e-01 8.27010e-02
1.51800e+01 1.07795e+00 8.69558e-02
1.55100e+01 1.40274e+00 1.10070e-01
1.58400e+01 1.81470e+00 1.69254e-01
1.61700e+01 2.31219e+00 3.15835e-01
1.65000e+01 2.83422e+00 6.98182e-01
1.68300e+01 3.11651e+00 1.67347e+00
1.71600e+01 2.42388e+00 3.24613e+00
1.74900e+01 6.27244e-01 2.44752e+00
1.78200e+01 3.27621e-01 1.36138e+00
1.81500e+01 2.88550e-01 7.22136e-01
1.84800e+01 3.15008e-01 3.95662e-01
1.88100e+01 3.77831e-01 2.33191e-01
1.91400e+01 4.73440e-01 1.52150e-01
1.94700e+01 6.05904e-01 1.12575e-01
1.98000e+01 7.83343e-01 9.64778e-02
2.01300e+01 1.01691e+00 9.75543e-02
2.04600e+01 1.31975e+00 1.18142e-01
2.07900e+01 1.70381e+00 1.73020e-01
2.11200e+01 2.16879e+00 3.06488e-01
2.14500e+01 2.66513e+00 6.43315e-01
2.17800e+01 2.97884e+00 1.48350e+00
2.21100e+01 2.50354e+00 2.95564e+00
2.24400e+01 8.87850e-01 2.73687e+00
2.27700e+01 3.78963e-01 1.61507e+00
2.31000e+01 3.02044e-01 8.71087e-01
2.34300e+01 3.14893e-01 4.77207e-01
2.37600e+01 3.69219e-01 2.78538e-01
2.40900e+01 4.57124e-01 1.78739e-01
2.44200e+01 5.81012e-01 1.29312e-01
2.47500e+01 7.47952e-01 1.07800e-01
2.50800e+01 9.68168e-01 1.05536e-01
2.54100e+01 1.25395e+00 1.23224e-01
2.57400e+01 1.61676e+00 1.73383e-01
2.60700e+01 2.05778e+00 2.94429e-01
2.64000e+01 2.53691e+00 5.93086e-01
2.67300e+01 2.87757e+00 1.32804e+00
2.70600e+01 2.56607e+00 2.70071e+00
2.73900e+01 1.12591e+00 2.92513e+00
2.77200e+01 4.10626e-01 1.78729e+00
2.80500e+01 3.03943e-01 9.66214e-01
2.83800e+01 3.07331e-01 5.24499e-01
2.87100e+01 3.55556e-01 3.01412e-01
2.90400e+01 4.37524e-01 1.89518e-01
2.93700e+01 5.54544e-01 1.33799e-01
2.97000e+01 7.13058e-01 1.08460e-01
3.00300e+01 9.22846e-01 1.02937e-01
3.03600e+01 1.19604e+00 1.16256e-01
3.06900e+01 1.54484e+00 1.58061e-01
3.10200e+01 1.97406e+00 2.59675e-01
3.13500e+01 2.45634e+00 5.09271e-01
3.16800e+01 2.85412e+00 1.13248e+00
3.20100e+01 2.72935e+00 2.42505e+00
3.23400e+01 1.44583e+00 3.13861e+00
3.26700e+01 4.25447e-01 1.94843e+00
3.30000e+01 2.92289e-01 1.03834e+00
3.33300e+01 2.88591e-01 5.50809e-01
3.36600e+01 3.31370e-01 3.07739e-01
3.39900e+01 4.07070e-01 1.87310e-01
3.43200e+01 5.16241e-01 1.27506e-01
3.46500e+01 6.64878e-01 9.93039e-02
3.49800e+01 8.62500e-01 9.02921e-02
3.53100e+01 1.12143e+00 9.75282e-02
3.56400e+01 1.45540e+00 1.26842e-01
3.59700e+01 1.87477e+00 2.00074e-01
3.63000e+01 2.36966e+00 3.80935e-01
3.66300e+01 2.85376e+00 8.47003e-01
3.69600e+01 2.99784e+00 1.96384e+00
3.72900e+01 2.04433e+00 3.31743e+00
3.76200e+01 4.80924e-01 2.18091e+00
3.79500e+01 2.93507e-01 1.16398e+00
3.82800e+01 2.77624e-01 6.09034e-01
3.86100e+01 3.13443e-01 3.33064e-01
3.89400e+01 3.82428e-01 1.97308e-01
3.92700e+01 4.83729e-01 1.30077e-01
3.96000e+01 6.22595e-01 9.76769e-02
3.99300e+01 8.07984e-01 8.52982e-02
4.02600e+01 1.05187e+00 8.82186e-02
4.05900e+01 1.36837e+00 1.09667e-01
4.09200e+01 1.77041e+00 1.65429e-01
4.12500e+01 2.25800e+00 3.02782e-01
4.15800e+01 2.77752e+00 6.57995e-01
4.19100e+01 3.09100e+00 1.56607e+00
4.22400e+01 2.51360e+00 3.13052e+00
4.25700e+01 7.46354e-01 2.60646e+00
4.29000e+01 3.50689e-01 1.48947e+00
4.32300e+01 2.94044e-01 7.95481e-01
4.35600e+01 3.13889e-01 4.35261e-01
4.38900e+01 3.72387e-01 2.54965e-01
4.42200e+01 4.63943e-01 1.64759e-01
4.45500e+01 5.91819e-01 1.20373e-01
4.48800e+01 7.63610e-01 1.01593e-01
4.52100e+01 9.90001e-01 1.00922e-01
4.55400e+01 1.28373e+00 1.19821e-01
4.58700e+01 1.65660e+00 1.71747e-01
4.62000e+01 2.10939e+00 2.97499e-01
4.65300e+01 2.59840e+00 6.11344e-01
4.68600e+01 2.93166e+00 1.39074e+00
4.71900e+01 2.55364e+00 2.81681e+00
4.75200e+01 1.02261e+00 2.85884e+00
4.78500e+01 3.95321e-01 1.71791e+00
4.81800e+01 3.01665e-01 9.26126e-01
4.85100e+01 3.09019e-01 5.03769e-01
4.88400e+01 3.59623e-01 2.90852e-01
4.91700e+01 4.43782e-01 1.84079e-01
4.95000e+01 5.63272e-01 1.31020e-01
4.98300e+01 7.24798e-01 1.07222e-01
5.01600e+01 9.38335e-01 1.02858e-01
5.04900e+01 1.21614e+00 1.17531e-01
5.08200e+01 1.57029e+00 1.61769e-01
5.11500e+01 2.00466e+00 2.69034e-01
5.14800e+01 2.48822e+00 5.33287e-01
5.18100e+01 2.87145e+00 1.19198e+00
5.21400e+01 2.68953e+00 2.52114e+00
5.24700e+01 1.33945e+00 3.08597e+00
5.28000e+01 4.17412e-01 1.89939e+00
5.31300e+01 2.93525e-01 1.01375e+00
5.34600e+01 2.92193e-01 5.40176e-01
5.37900e+01 3.36531e-01 3.03638e-01
5.41200e+01 4.13865e-01 1.86176e-01
5.44500e+01 5.25013e-01 1.27812e-01
5.47800e+01 6.76124e-01 1.00491e-01
5.51100e+01 8.76823e-01 9.23213e-02
5.54400e+01 1.13946e+00 1.00819e-01
5.57700e+01 1.47757e+00 1.32597e-01
5.61000e+01 1.90052e+00 2.11405e-01
5.64300e+01 2.39510e+00 4.06060e-01
5.67600e+01 2.86454e+00 9.05757e-01
5.70900e+01 2.95363e+00 2.07364e+00
5.74200e+01 1.90716e+00 3.31518e+00
5.77500e+01 4.50074e-01 2.11193e+00
5.80800e+01 2.84926e-01 1.11521e+00
5.84100e+01 2.74093e-01 5.80913e-01
5.87400e+01 3.12000e-01 3.17132e-01
5.90700e+01 3.82308e-01 1.87845e-01
5.94000e+01 4.84771e-01 1.23968e-01
5.97300e+01 6.24914e-01 9.32787e-02
6.00600e+01 8.11899e-01 8.16985e-02
6.03900e+01 1.05794e+00 8.48225e-02
6.07200e+01 1.37744e+00 1.05953e-01
6.10500e+01 1.78384e+00 1.60766e-01
6.13800e+01 2.27787e+00 2.96354e-01
6.17100e+01 2.80679e+00 6.49751e-01
6.20400e+01 3.13121e+00 1.56369e+00
6.23700e+01 2.54875e+00 3.16205e+00
6.27000e+01 7.30273e-01 2.59915e+00
6.30300e+01 3.44895e-01 1.47535e+00
6.33600e+01 2.90792e-01 7.84775e-01
6.36900e+01 3.11445e-01 4.28137e-01
6.40200e+01 3.70220e-01 2.50180e-01
6.43500e+01 4.61827e-01 1.61317e-01
6.46800e+01 5.89645e-01 1.17627e-01
6.50100e+01 7.61340e-01 9.90990e-02
6.53400e+01 9.87684e-01 9.82935e-02
6.56700e+01 1.28158e+00 1.16561e-01
