0.00000e+00 1.00000e+00 1.00000e-01
3.80000e-01 1.34200e+00 1.25992e-01
7.60000e-01 1.78771e+00 2.01418e-01
1.14000e+00 2.33021e+00 4.05044e-01
1.52000e+00 2.85703e+00 9.76700e-01
1.90000e+00 2.88233e+00 2.37394e+00
2.28000e+00 1.37748e+00 3.05498e+00
2.66000e+00 3.01818e-01 1.43395e+00
3.04000e+00 2.52048e-01 6.18830e-01
3.42000e+00 2.88555e-01 2.84230e-01
3.80000e+00 3.67040e-01 1.47501e-01
4.18000e+00 4.85943e-01 8.98750e-02
4.56000e+00 6.54005e-01 6.62418e-02
4.94000e+00 8.86065e-01 6.05059e-02
5.32000e+00 1.20240e+00 6.98130e-02
5.70000e+00 1.62741e+00 1.03102e-01
6.08000e+00 2.18206e+00 1.95726e-01
6.46000e+00 2.84896e+00 4.70761e-01
6.84000e+00 3.42191e+00 1.33727e+00
7.22000e+00 2.98335e+00 3.35300e+00
7.60000e+00 3.15820e-01 1.60952e+00
7.98000e+00 2.42671e-01 6.83127e-01
8.36000e+00 2.71891e-01 3.05110e-01
8.74000e+00 3.43686e-01 1.52922e-01
9.12000e+00 4.54316e-01 8.95020e-02
9.50000e+00 6.11504e-01 6.30759e-02
9.88000e+00 8.29218e-01 5.48890e-02
1.02600e+01 1.12703e+00 6.01880e-02
1.06400e+01 1.52952e+00 8.44097e-02
1.10200e+01 2.06168e+00 1.52518e-01
1.14000e+01 2.72562e+00 3.52541e-01
1.17800e+01 3.39622e+00 9.94562e-01
1.21600e+01 3.40324e+00 2.81109e+00
1.25400e+01 1.06108e+00 2.94158e+00
1.29200e+01 2.78213e-01 1.32795e+00
1.33000e+01 2.43542e-01 5.64502e-01
1.36800e+01 2.83845e-01 2.57256e-01
1.40600e+01 3.63958e-01 1.32901e-01
1.44400e+01 4.83882e-01 8.07705e-02
1.48200e+01 6.52905e-01 5.94639e-02
1.52000e+01 8.86256e-01 5.43235e-02
1.55800e+01 1.20474e+00 6.27764e-02
1.59600e+01 1.63380e+00 9.30150e-02
1.63400e+01 2.19690e+00 1.77625e-01
1.67200e+01 2.88343e+00 4.31880e-01
1.71000e+01 3.50592e+00 1.25440e+00
1.74800e+01 3.16701e+00 3.32029e+00
1.78600e+01 3.74625e-01 1.74221e+00
1.82400e+01 2.68966e-01 7.74262e-01
1.86200e+01 2.92039e-01 3.57670e-01
1.90000e+01 3.63321e-01 1.84602e-01
1.93800e+01 4.75896e-01 1.11071e-01
1.97600e+01 6.36651e-01 8.03996e-02
2.01400e+01 8.59127e-01 7.17918e-02
2.05200e+01 1.16216e+00 8.06394e-02
2.09000e+01 1.56817e+00 1.15460e-01
2.12800e+01 2.09527e+00 2.11569e-01
2.16600e+01 2.72302e+00 4.88617e-01
2.20400e+01 3.25217e+00 1.32496e+00
2.24200e+01 2.85058e+00 3.18843e+00
2.28000e+01 4.80029e-01 1.92843e+00
2.31800e+01 3.10673e-01 9.18148e-01
2.35600e+01 3.20336e-01 4.43884e-01
2.39400e+01 3.88031e-01 2.37435e-01
2.43200e+01 5.00472e-01 1.47295e-01
2.47000e+01 6.62639e-01 1.09529e-01
2.50800e+01 8.86862e-01 1.00111e-01
2.54600e+01 1.19013e+00 1.14577e-01
2.58400e+01 1.59056e+00 1.66003e-01
2.62200e+01 2.09464e+00 3.04106e-01
2.66000e+01 2.64855e+00 6.85119e-01
2.69800e+01 2.96546e+00 1.70852e+00
2.73600e+01 2.16705e+00 3.22390e+00
2.77400e+01 3.35714e-01 1.59629e+00
2.81200e+01 2.59644e-01 6.98106e-01
2.85000e+01 2.89431e-01 3.21106e-01
2.88800e+01 3.64098e-01 1.65920e-01
2.92600e+01 4.79499e-01 1.00285e-01
2.96400e+01 6.43436e-01 7.31091e-02
3.00200e+01 8.70066e-01 6.58896e-02
3.04000e+01 1.17891e+00 7.48485e-02
3.07800e+01 1.59336e+00 1.08602e-01
3.11600e+01 2.13308e+00 2.02123e-01
3.15400e+01 2.77982e+00 4.75527e-01
3.19200e+01 3.33383e+00 1.31897e+00
3.23000e+01 2.92974e+00 3.25338e+00
3.26800e+01 4.21046e-01 1.82188e+00
3.30600e+01 2.89547e-01 8.38166e-01
3.34400e+01 3.07354e-01 3.96946e-01
3.38200e+01 3.77787e-01 2.09237e-01
3.42000e+01 4.91308e-01 1.28345e-01
3.45800e+01 6.54044e-01 9.45997e-02
3.49600e+01 8.79069e-01 8.59052e-02
3.53400e+01 1.18442e+00 9.79456e-02
3.57200e+01 1.59041e+00 1.41895e-01
3.61000e+01 2.10902e+00 2.61492e-01
3.64800e+01 2.70088e+00 5.99514e-01
3.68600e+01 3.11191e+00 1.56176e+00
3.72400e+01 2.44761e+00 3.27999e+00
3.76200e+01 3.27010e-01 1.60237e+00
3.80000e+01 2.52158e-01 6.91645e-01
3.83800e+01 2.81704e-01 3.14073e-01
3.87600e+01 3.55131e-01 1.60146e-01
3.91400e+01 4.68470e-01 9.54528e-02
3.95200e+01 6.29496e-01 6.85749e-02
3.99000e+01 8.52300e-01 6.08772e-02
4.02800e+01 1.15646e+00 6.81160e-02
4.06600e+01 1.56598e+00 9.74157e-02
4.10400e+01 2.10308e+00 1.79083e-01
4.14200e+01 2.75913e+00 4.18507e-01
4.18000e+01 3.36881e+00 1.17194e+00
4.21800e+01 3.14870e+00 3.08574e+00
4.25600e+01 6.53098e-01 2.27220e+00
4.29400e+01 3.37367e-01 1.12792e+00
4.33200e+01 3.20968e-01 5.45840e-01
4.37000e+01 3.76361e-01 2.87131e-01
4.40800e+01 4.78314e-01 1.73289e-01
4.44600e+01 6.28576e-01 1.24372e-01
4.48400e+01 8.37728e-01 1.09034e-01
4.52200e+01 1.12135e+00 1.19090e-01
4.56000e+01 1.49672e+00 1.64048e-01
4.59800e+01 1.97218e+00 2.85255e-01
4.63600e+01 2.50782e+00 6.12142e-01
4.67400e+01 2.87744e+00 1.48558e+00
4.71200e+01 2.34650e+00 3.00583e+00
4.75000e+01 5.57961e-01 1.99602e+00
4.78800e+01 3.46779e-01 1.00510e+00
4.82600e+01 3.46107e-01 5.05607e-01
4.86400e+01 4.11130e-01 2.79327e-01
4.90200e+01 5.23720e-01 1.78218e-01
4.94000e+01 6.87266e-01 1.35860e-01
4.97800e+01 9.12945e-01 1.26871e-01
5.01600e+01 1.21585e+00 1.47684e-01
5.05400e+01 1.60964e+00 2.16110e-01
5.09200e+01 2.08912e+00 3.94990e-01
5.13000e+01 2.56941e+00 8.66116e-01
5.16800e+01 2.70013e+00 1.98523e+00
5.20600e+01 1.68924e+00 3.02514e+00
5.24400e+01 3.89283e-01 1.62103e+00
5.28200e+01 2.97415e-01 7.55460e-01
5.32000e+01 3.25052e-01 3.67939e-01
5.35800e+01 4.03125e-01 2.01033e-01
5.39600e+01 5.25516e-01 1.28539e-01
5.43400e+01 6.99544e-01 9.91873e-02
5.47200e+01 9.39004e-01 9.45893e-02
5.51000e+01 1.26207e+00 1.13429e-01
5.54800e+01 1.68726e+00 1.72675e-01
5.58600e+01 2.21771e+00 3.32480e-01
5.62400e+01 2.78025e+00 7.82321e-01
5.66200e+01 3.01023e+00 1.97753e+00
5.70000e+01 1.89204e+00 3.31820e+00
5.73800e+01 2.25311e-01 1.36456e+00
5.77600e+01 1.94097e-01 5.28788e-01
5.81400e+01 2.28853e-01 2.18880e-01
5.85200e+01 2.96782e-01 1.01901e-01
5.89000e+01 3.98067e-01 5.52842e-02
5.92800e+01 5.40970e-01 3.59976e-02
5.96600e+01 7.39138e-01 2.88609e-02
6.00400e+01 1.01190e+00 2.91220e-02
6.04200e+01 1.38523e+00 3.76482e-02
6.08000e+01 1.89180e+00 6.31650e-02
6.11800e+01 2.56528e+00 1.38307e-01
6.15600e+01 3.40526e+00 3.91131e-01
6.19400e+01 4.19313e+00 1.34032e+00
6.23200e+01 3.65087e+00 4.04061e+00
6.27000e+01 -5.67467e-01 -7.72869e-01
6.30800e+01 -9.49765e-01 3.72385e-01
6.34600e+01 -1.17628e+00 -2.43529e-01
6.38400e+01 -1.73212e+00 2.62137e-01
6.42200e+01 -2.21778e+00 -3.78922e-01
6.46000e+01 -3.37988e+00 8.82399e-01
6.49800e+01 -3.53092e+00 -2.15614e+00
6.53600e+01 -7.76567e+00 1.22079e+01
6.57400e+01 2.53083e+01 2.37740e+02
6.61200e+01 -2.25145e+03 -4.06740e+05
6.65000e+01 -3.47990e+08 1.07572e+14
6.68800e+01 1.42249e+22 1.16294e+36
6.72600e+01 -6.28624e+57 -5.55601e+93
6.76400e+01 -1.32720e+151 5.60421e+244
6.80200e+01 inf inf
6.84000e+01 -nan -nan
6.87800e+01 -nan -nan
6.91600e+01 -nan -nan
6.95400e+01 -nan -nan
6.99200e+01 -nan -nan
7.03000e+01 -nan -nan
7.06800e+01 -nan -nan
7.10600e+01 -nan -nan
7.14400e+01 -nan -nan
7.18200e+01 -nan -nan
7.22000e+01 -nan -nan
7.25800e+01 -nan -nan
7.29600e+01 -nan -nan
7.33400e+01 -nan -nan
7.37200e+01 -nan -nan
7.41000e+01 -nan -nan
7.44800e+01 -nan -nan
7.48600e+01 -nan -nan
7.52400e+01 -nan -nan
7.56200e+01 -nan -nan
