0.00000e+00 1.00000e+00 1.00000e-01
3.90000e-01 1.35100e+00 1.27378e-01
7.80000e-01 1.81078e+00 2.07933e-01
1.17000e+00 2.37014e+00 4.30151e-01
1.56000e+00 2.89688e+00 1.06659e+00
1.95000e+00 2.82165e+00 2.58209e+00
2.34000e+00 1.08065e+00 2.74452e+00
2.73000e+00 3.45416e-01 1.34324e+00
3.12000e+00 2.99178e-01 6.08967e-01
3.51000e+00 3.44803e-01 2.97752e-01
3.90000e+00 4.39236e-01 1.67517e-01
4.29000e+00 5.81843e-01 1.12879e-01
4.68000e+00 7.83147e-01 9.37861e-02
5.07000e+00 1.05993e+00 9.81701e-02
5.46000e+00 1.43272e+00 1.31305e-01
5.85000e+00 1.91811e+00 2.25336e-01
6.24000e+00 2.49761e+00 4.88559e-01
6.63000e+00 2.99579e+00 1.24911e+00
7.02000e+00 2.70474e+00 2.91005e+00
7.41000e+00 6.89930e-01 2.20624e+00
7.80000e+00 3.65364e-01 1.11412e+00
8.19000e+00 3.49103e-01 5.48480e-01
8.58000e+00 4.10578e-01 2.96317e-01
8.97000e+00 5.23256e-01 1.86128e-01
9.36000e+00 6.89342e-01 1.41027e-01
9.75000e+00 9.20272e-01 1.32257e-01
1.01400e+01 1.23171e+00 1.56160e-01
1.05300e+01 1.63706e+00 2.33757e-01
1.09200e+01 2.12627e+00 4.39111e-01
1.13100e+01 2.59139e+00 9.84173e-01
1.17000e+01 2.60738e+00 2.21809e+00
1.20900e+01 1.36873e+00 2.85604e+00
1.24800e+01 3.77969e-01 1.47033e+00
1.28700e+01 3.08638e-01 6.77438e-01
1.32600e+01 3.47464e-01 3.32637e-01
1.36500e+01 4.37899e-01 1.86796e-01
1.40400e+01 5.76779e-01 1.25132e-01
1.44300e+01 7.73575e-01 1.03033e-01
1.48200e+01 1.04418e+00 1.06583e-01
1.52100e+01 1.40801e+00 1.40504e-01
1.56000e+01 1.87998e+00 2.36944e-01
1.59900e+01 2.43945e+00 5.02977e-01
1.63800e+01 2.91231e+00 1.25322e+00
1.67700e+01 2.62471e+00 2.84139e+00
1.71600e+01 7.39797e-01 2.26470e+00
1.75500e+01 3.74904e-01 1.16049e+00
1.79400e+01 3.51438e-01 5.73423e-01
1.83300e+01 4.09905e-01 3.09491e-01
1.87200e+01 5.20292e-01 1.93688e-01
1.91100e+01 6.83903e-01 1.45933e-01
1.95000e+01 9.11702e-01 1.35883e-01
1.98900e+01 1.21895e+00 1.59089e-01
2.02800e+01 1.61871e+00 2.35864e-01
2.06700e+01 2.10111e+00 4.38440e-01
2.10600e+01 2.56127e+00 9.72368e-01
2.14500e+01 2.58887e+00 2.17744e+00
2.18400e+01 1.40005e+00 2.85690e+00
2.22300e+01 3.86149e-01 1.48900e+00
2.26200e+01 3.12506e-01 6.90532e-01
2.30100e+01 3.50223e-01 3.40552e-01
2.34000e+01 4.40295e-01 1.91877e-01
2.37900e+01 5.79062e-01 1.28878e-01
2.41800e+01 7.75791e-01 1.06339e-01
2.45700e+01 1.04617e+00 1.10169e-01
2.49600e+01 1.40923e+00 1.45336e-01
2.53500e+01 1.87896e+00 2.44976e-01
2.57400e+01 2.43223e+00 5.18649e-01
2.61300e+01 2.88883e+00 1.28277e+00
2.65200e+01 2.57025e+00 2.85390e+00
2.69100e+01 7.11909e-01 2.21259e+00
2.73000e+01 3.75239e-01 1.13437e+00
2.76900e+01 3.55575e-01 5.64176e-01
2.80800e+01 4.16013e-01 3.07188e-01
2.84700e+01 5.28418e-01 1.94194e-01
2.88600e+01 6.94481e-01 1.47916e-01
2.92500e+01 9.25266e-01 1.39294e-01
2.96400e+01 1.23585e+00 1.64919e-01
3.00300e+01 1.63835e+00 2.47035e-01
3.04200e+01 2.11946e+00 4.62741e-01
3.08100e+01 2.56355e+00 1.02709e+00
3.12000e+01 2.53647e+00 2.25800e+00
3.15900e+01 1.29203e+00 2.77233e+00
3.19800e+01 3.98966e-01 1.47265e+00
3.23700e+01 3.25424e-01 6.97784e-01
3.27600e+01 3.63779e-01 3.51507e-01
3.31500e+01 4.55784e-01 2.02296e-01
3.35400e+01 5.97580e-01 1.38798e-01
3.39300e+01 7.98288e-01 1.16960e-01
3.43200e+01 1.07321e+00 1.23639e-01
3.47100e+01 1.44001e+00 1.66073e-01
3.51000e+01 1.90835e+00 2.83737e-01
3.54900e+01 2.44143e+00 6.02746e-01
3.58800e+01 2.81968e+00 1.45825e+00
3.62700e+01 2.31575e+00 2.95483e+00
3.66600e+01 5.50258e-01 1.91828e+00
3.70500e+01 3.53194e-01 9.50492e-01
3.74400e+01 3.60014e-01 4.76017e-01
3.78300e+01 4.33584e-01 2.65710e-01
3.82200e+01 5.57751e-01 1.74052e-01
3.86100e+01 7.37413e-01 1.38403e-01
3.90000e+01 9.85201e-01 1.36806e-01
3.93900e+01 1.31686e+00 1.70618e-01
3.97800e+01 1.74282e+00 2.69473e-01
4.01700e+01 2.23935e+00 5.29972e-01
4.05600e+01 2.64985e+00 1.21198e+00
4.09500e+01 2.43078e+00 2.56457e+00
4.13400e+01 9.47562e-01 2.45967e+00
4.17300e+01 4.08141e-01 1.32417e+00
4.21200e+01 3.56542e-01 6.59570e-01
4.25100e+01 4.03879e-01 3.52887e-01
4.29000e+01 5.05808e-01 2.16860e-01
4.32900e+01 6.60294e-01 1.59398e-01
4.36800e+01 8.76761e-01 1.44076e-01
4.40700e+01 1.16943e+00 1.63117e-01
4.44600e+01 1.55112e+00 2.33236e-01
4.48500e+01 2.01496e+00 4.17883e-01
4.52400e+01 2.47241e+00 8.97812e-01
4.56300e+01 2.57094e+00 1.99793e+00
4.60200e+01 1.57035e+00 2.88676e+00
4.64100e+01 4.14831e-01 1.56915e+00
4.68000e+01 3.22752e-01 7.40240e-01
4.71900e+01 3.55449e-01 3.68084e-01
4.75800e+01 4.43048e-01 2.08180e-01
4.79700e+01 5.79865e-01 1.39958e-01
4.83600e+01 7.74361e-01 1.15326e-01
4.87500e+01 1.04153e+00 1.19062e-01
4.91400e+01 1.39937e+00 1.56151e-01
4.95300e+01 1.85990e+00 2.60885e-01
4.99200e+01 2.39603e+00 5.44964e-01
5.03100e+01 2.82124e+00 1.31912e+00
5.07000e+01 2.47011e+00 2.83174e+00
5.10900e+01 7.05514e-01 2.18130e+00
5.14800e+01 3.80480e-01 1.12724e+00
5.18700e+01 3.61600e-01 5.65927e-01
5.22600e+01 4.22814e-01 3.11144e-01
5.26500e+01 5.36405e-01 1.98633e-01
5.30400e+01 7.04049e-01 1.52780e-01
5.34300e+01 9.36678e-01 1.45234e-01
5.38200e+01 1.24893e+00 1.73434e-01
5.42100e+01 1.65153e+00 2.61572e-01
5.46000e+01 2.12715e+00 4.91541e-01
5.49900e+01 2.54897e+00 1.08542e+00
5.53800e+01 2.46405e+00 2.32492e+00
5.57700e+01 1.19083e+00 2.67098e+00
5.61600e+01 4.14788e-01 1.45177e+00
5.65500e+01 3.41706e-01 7.06330e-01
5.69400e+01 3.80842e-01 3.65213e-01
5.73300e+01 4.75126e-01 2.15694e-01
5.77200e+01 6.20458e-01 1.51840e-01
5.81100e+01 8.25694e-01 1.31196e-01
5.85000e+01 1.10547e+00 1.41988e-01
5.88900e+01 1.47538e+00 1.94638e-01
5.92800e+01 1.93879e+00 3.37162e-01
5.96700e+01 2.43998e+00 7.15857e-01
6.00600e+01 2.71037e+00 1.67087e+00
6.04500e+01 2.00123e+00 2.97575e+00
6.08400e+01 4.59196e-01 1.72050e+00
6.12300e+01 3.30164e-01 8.21586e-01
6.16200e+01 3.53138e-01 4.07053e-01
6.20100e+01 4.34801e-01 2.27601e-01
6.24000e+01 5.65778e-01 1.50514e-01
6.27900e+01 7.53220e-01 1.21542e-01
6.31800e+01 1.01127e+00 1.22611e-01
6.35700e+01 1.35731e+00 1.56783e-01
6.39600e+01 1.80367e+00 2.55064e-01
6.43500e+01 2.32768e+00 5.19205e-01
6.47400e+01 2.76414e+00 1.23365e+00
6.51300e+01 2.51227e+00 2.68882e+00
6.55200e+01 8.57588e-01 2.39014e+00
6.59100e+01 3.92642e-01 1.25784e+00
6.63000e+01 3.53159e-01 6.23214e-01
6.66900e+01 4.05055e-01 3.34007e-01
6.70800e+01 5.10262e-01 2.06418e-01
6.74700e+01 6.68187e-01 1.52994e-01
6.78600e+01 8.88911e-01 1.39737e-01
6.82500e+01 1.18714e+00 1.60135e-01
6.86400e+01 1.57599e+00 2.32079e-01
6.90300e+01 2.04798e+00 4.21786e-01
6.94200e+01 2.50981e+00 9.18501e-01
6.98100e+01 2.58958e+00 2.05733e+00
7.02000e+01 1.52175e+00 2.89458e+00
7.05900e+01 3.97348e-01 1.53393e+00
7.09800e+01 3.14607e-01 7.13881e-01
7.13700e+01 3.49713e-01 3.51783e-01
7.17600e+01 4.38122e-01 1.97609e-01
7.21500e+01 5.75224e-01 1.32136e-01
7.25400e+01 7.69919e-01 1.08423e-01
7.29300e+01 1.03763e+00 1.11605e-01
7.33200e+01 1.39714e+00 1.46177e-01
7.37100e+01 1.86238e+00 2.44504e-01
7.41000e+01 2.41112e+00 5.13622e-01
7.44900e+01 2.86848e+00 1.26218e+00
7.48800e+01 2.57517e+00 2.81294e+00
7.52700e+01 7.54405e-01 2.27408e+00
7.56600e+01 3.79547e-01 1.17353e+00
7.60500e+01 3.53860e-01 5.82085e-01
7.64400e+01 4.11535e-01 3.14906e-01
7.68300e+01 5.21491e-01 1.97372e-01
7.72200e+01 6.84731e-01 1.48836e-01
7.76100e+01 9.12030e-01 1.38624e-01
