0.00000e+00 1.00000e+00 1.00000e-01
3.20000e-01 1.28800e+00 1.18432e-01
6.40000e-01 1.65135e+00 1.67802e-01
9.60000e-01 2.09111e+00 2.84979e-01
1.28000e+00 2.56957e+00 5.71247e-01
1.60000e+00 2.92211e+00 1.27397e+00
1.92000e+00 2.66593e+00 2.63227e+00
2.24000e+00 1.27345e+00 3.09293e+00
2.56000e+00 4.20571e-01 1.94597e+00
2.88000e+00 2.93261e-01 1.06578e+00
3.20000e+00 2.87088e-01 5.79503e-01
3.52000e+00 3.25718e-01 3.29424e-01
3.84000e+00 3.95612e-01 2.02000e-01
4.16000e+00 4.96635e-01 1.36925e-01
4.48000e+00 6.33798e-01 1.04834e-01
4.80000e+00 8.15351e-01 9.24452e-02
5.12000e+00 1.05214e+00 9.55303e-02
5.44000e+00 1.35667e+00 1.17337e-01
5.76000e+00 1.73986e+00 1.72897e-01
6.08000e+00 2.20035e+00 3.05720e-01
6.40000e+00 2.68920e+00 6.36232e-01
6.72000e+00 3.00224e+00 1.45152e+00
7.04000e+00 2.56846e+00 2.90858e+00
7.36000e+00 9.99785e-01 2.90818e+00
7.68000e+00 3.89299e-01 1.77152e+00
8.00000e+00 2.93186e-01 9.70154e-01
8.32000e+00 2.95986e-01 5.33033e-01
8.64000e+00 3.40216e-01 3.07954e-01
8.96000e+00 4.15558e-01 1.92766e-01
9.28000e+00 5.22903e-01 1.33906e-01
9.60000e+00 6.67825e-01 1.05439e-01
9.92000e+00 8.58997e-01 9.59238e-02
1.02400e+01 1.10751e+00 1.02524e-01
1.05600e+01 1.42558e+00 1.30448e-01
1.08800e+01 1.82225e+00 1.99095e-01
1.12000e+01 2.28928e+00 3.63376e-01
1.15200e+01 2.75565e+00 7.71671e-01
1.18400e+01 2.95699e+00 1.73817e+00
1.21600e+01 2.25851e+00 3.13817e+00
1.24800e+01 7.13207e-01 2.56216e+00
1.28000e+01 3.56680e-01 1.50726e+00
1.31200e+01 2.98783e-01 8.30833e-01
1.34400e+01 3.14957e-01 4.66573e-01
1.37600e+01 3.68719e-01 2.78068e-01
1.40800e+01 4.53900e-01 1.80882e-01
1.44000e+01 5.72876e-01 1.31436e-01
1.47200e+01 7.32101e-01 1.08901e-01
1.50400e+01 9.40861e-01 1.04779e-01
1.53600e+01 1.21039e+00 1.18888e-01
1.56800e+01 1.55167e+00 1.60863e-01
1.60000e+01 1.96833e+00 2.60554e-01
1.63200e+01 2.43408e+00 4.99693e-01
1.66400e+01 2.82377e+00 1.08294e+00
1.69600e+01 2.74882e+00 2.29502e+00
1.72800e+01 1.60970e+00 3.19054e+00
1.76000e+01 4.81340e-01 2.13147e+00
1.79200e+01 3.07062e-01 1.18620e+00
1.82400e+01 2.88765e-01 6.46255e-01
1.85600e+01 3.21453e-01 3.65606e-01
1.88800e+01 3.86710e-01 2.22104e-01
1.92000e+01 4.82972e-01 1.48610e-01
1.95200e+01 6.14556e-01 1.11950e-01
1.98400e+01 7.89198e-01 9.68467e-02
2.01600e+01 1.01728e+00 9.79179e-02
2.04800e+01 1.31094e+00 1.17404e-01
2.08000e+01 1.68119e+00 1.68587e-01
2.11200e+01 2.12847e+00 2.90344e-01
2.14400e+01 2.61183e+00 5.89854e-01
2.17600e+01 2.95462e+00 1.32774e+00
2.20800e+01 2.64475e+00 2.72536e+00
2.24000e+01 1.18454e+00 3.04725e+00
2.27200e+01 4.08526e-01 1.89373e+00
2.30400e+01 2.91690e-01 1.03527e+00
2.33600e+01 2.88398e-01 5.63780e-01
2.36800e+01 3.28655e-01 3.21546e-01
2.40000e+01 4.00008e-01 1.98074e-01
2.43200e+01 5.02657e-01 1.35027e-01
2.46400e+01 6.41788e-01 1.04071e-01
2.49600e+01 8.25787e-01 9.24678e-02
2.52800e+01 1.06560e+00 9.63502e-02
2.56000e+01 1.37374e+00 1.19397e-01
2.59200e+01 1.76085e+00 1.77536e-01
2.62400e+01 2.22429e+00 3.16644e-01
2.65600e+01 2.71068e+00 6.63318e-01
2.68800e+01 3.00273e+00 1.51352e+00
2.72000e+01 2.50930e+00 2.97551e+00
2.75200e+01 9.23013e-01 2.82890e+00
2.78400e+01 3.82821e-01 1.71150e+00
2.81600e+01 2.95660e-01 9.39995e-01
2.84800e+01 3.01338e-01 5.19682e-01
2.88000e+01 3.47654e-01 3.02714e-01
2.91200e+01 4.25226e-01 1.91359e-01
2.94400e+01 5.35260e-01 1.34442e-01
2.97600e+01 6.83515e-01 1.07211e-01
3.00800e+01 8.78791e-01 9.88943e-02
3.04000e+01 1.13219e+00 1.07261e-01
3.07200e+01 1.45563e+00 1.38539e-01
3.10400e+01 1.85691e+00 2.14517e-01
3.13600e+01 2.32365e+00 3.96241e-01
3.16800e+01 2.77258e+00 8.45758e-01
3.20000e+01 2.90943e+00 1.87930e+00
3.23200e+01 2.09078e+00 3.19125e+00
3.26400e+01 6.24727e-01 2.42479e+00
3.29600e+01 3.39893e-01 1.40039e+00
3.32800e+01 2.96344e-01 7.69741e-01
3.36000e+01 3.18180e-01 4.33853e-01
3.39200e+01 3.75823e-01 2.60540e-01
3.42400e+01 4.64753e-01 1.71290e-01
3.45600e+01 5.88000e-01 1.26124e-01
3.48800e+01 7.52428e-01 1.06141e-01
3.52000e+01 9.67649e-01 1.03943e-01
3.55200e+01 1.24511e+00 1.20249e-01
3.58400e+01 1.59564e+00 1.66088e-01
3.61600e+01 2.02143e+00 2.74663e-01
3.64800e+01 2.49062e+00 5.36691e-01
3.68000e+01 2.85988e+00 1.17553e+00
3.71200e+01 2.69925e+00 2.45393e+00
3.74400e+01 1.44340e+00 3.15030e+00
3.77600e+01 4.50203e-01 2.04180e+00
3.80800e+01 3.00116e-01 1.12723e+00
3.84000e+01 2.87897e-01 6.13497e-01
3.87200e+01 3.23505e-01 3.47879e-01
3.90400e+01 3.91013e-01 2.12293e-01
3.93600e+01 4.89574e-01 1.42943e-01
3.96800e+01 6.23844e-01 1.08531e-01
4.00000e+01 8.01808e-01 9.47644e-02
4.03200e+01 1.03407e+00 9.68308e-02
4.06400e+01 1.33293e+00 1.17463e-01
4.09600e+01 1.70937e+00 1.70791e-01
4.12800e+01 2.16295e+00 2.97909e-01
4.16000e+01 2.64889e+00 6.12290e-01
4.19200e+01 2.97753e+00 1.38722e+00
4.22400e+01 2.60859e+00 2.81535e+00
4.25600e+01 1.09322e+00 2.98333e+00
4.28800e+01 3.99393e-01 1.83657e+00
4.32000e+01 2.92474e-01 1.00494e+00
4.35200e+01 2.92012e-01 5.49590e-01
4.38400e+01 3.34100e-01 3.15368e-01
4.41600e+01 4.07295e-01 1.95739e-01
4.44800e+01 5.12118e-01 1.34621e-01
4.48000e+01 6.53934e-01 1.04805e-01
4.51200e+01 8.41262e-01 9.41572e-02
4.54400e+01 1.08512e+00 9.92865e-02
4.57600e+01 1.39788e+00 1.24569e-01
4.60800e+01 1.78948e+00 1.87510e-01
4.64000e+01 2.25474e+00 3.38086e-01
4.67200e+01 2.73232e+00 7.12918e-01
4.70400e+01 2.98333e+00 1.61785e+00
4.73600e+01 2.39349e+00 3.06070e+00
4.76800e+01 8.15168e-01 2.69864e+00
4.80000e+01 3.72071e-01 1.61413e+00
4.83200e+01 2.98952e-01 8.89915e-01
4.86400e+01 3.09483e-01 4.96634e-01
4.89600e+01 3.59334e-01 2.93001e-01
4.92800e+01 4.40629e-01 1.88107e-01
4.96000e+01 5.55107e-01 1.34547e-01
4.99200e+01 7.08841e-01 1.09476e-01
5.02400e+01 9.10838e-01 1.03228e-01
5.05600e+01 1.17222e+00 1.14606e-01
5.08800e+01 1.50434e+00 1.51599e-01
5.12000e+01 1.91275e+00 2.40156e-01
5.15200e+01 2.37783e+00 4.51929e-01
5.18400e+01 2.79486e+00 9.71067e-01
5.21600e+01 2.82074e+00 2.10263e+00
5.24800e+01 1.82547e+00 3.21345e+00
5.28000e+01 5.32485e-01 2.25195e+00
5.31200e+01 3.19158e-01 1.27069e+00
5.34400e+01 2.91513e-01 6.94518e-01
5.37600e+01 3.20009e-01 3.92268e-01
5.40800e+01 3.82243e-01 2.37179e-01
5.44000e+01 4.75549e-01 1.57570e-01
5.47200e+01 6.03747e-01 1.17610e-01
5.50400e+01 7.74224e-01 1.00616e-01
5.53600e+01 9.97047e-01 1.00426e-01
5.56800e+01 1.28406e+00 1.18683e-01
5.60000e+01 1.64619e+00 1.67766e-01
5.63200e+01 2.08460e+00 2.84220e-01
5.66400e+01 2.56208e+00 5.68363e-01
5.69600e+01 2.91596e+00 1.26530e+00
5.72800e+01 2.66841e+00 2.61636e+00
5.76000e+01 1.28821e+00 3.09897e+00
5.79200e+01 4.22961e-01 1.95450e+00
5.82400e+01 2.93771e-01 1.07109e+00
5.85600e+01 2.87088e-01 5.82392e-01
5.88800e+01 3.25453e-01 3.30968e-01
5.92000e+01 3.95129e-01 2.02844e-01
5.95200e+01 4.95923e-01 1.37405e-01
5.98400e+01 6.32812e-01 1.05115e-01
6.01600e+01 8.14027e-01 9.26037e-02
6.04800e+01 1.05039e+00 9.55903e-02
6.08000e+01 1.35439e+00 1.17271e-01
6.11200e+01 1.73697e+00 1.72583e-01
6.14400e+01 2.19687e+00 3.04781e-01
6.17600e+01 2.68561e+00 6.33575e-01
6.20800e+01 3.00051e+00 1.44476e+00
6.24000e+01 2.57347e+00 2.89966e+00
6.27200e+01 1.00908e+00 2.91651e+00
6.30400e+01 3.90228e-01 1.77833e+00
6.33600e+01 2.93035e-01 9.73712e-01
6.36800e+01 2.95500e-01 5.34685e-01
