0.00000e+00 1.00000e+00 1.00000e-01
3.40000e-01 1.30600e+00 1.20808e-01
6.80000e-01 1.69640e+00 1.78017e-01
1.02000e+00 2.17050e+00 3.19707e-01
1.36000e+00 2.67253e+00 6.83316e-01
1.70000e+00 2.96029e+00 1.59417e+00
2.04000e+00 2.36226e+00 3.07091e+00
2.38000e+00 6.98970e-01 2.44229e+00
2.72000e+00 3.56209e-01 1.37311e+00
3.06000e+00 3.11021e-01 7.29801e-01
3.40000e+00 3.39594e-01 4.02065e-01
3.74000e+00 4.08633e-01 2.40383e-01
4.08000e+00 5.14171e-01 1.60969e-01
4.42000e+00 6.60848e-01 1.23846e-01
4.76000e+00 8.57710e-01 1.11863e-01
5.10000e+00 1.11671e+00 1.20741e-01
5.44000e+00 1.45055e+00 1.57732e-01
5.78000e+00 1.86594e+00 2.50611e-01
6.12000e+00 2.34137e+00 4.79202e-01
6.46000e+00 2.75596e+00 1.05139e+00
6.80000e+00 2.70780e+00 2.27239e+00
7.14000e+00 1.53638e+00 3.10121e+00
7.48000e+00 4.38773e-01 1.91768e+00
7.82000e+00 3.01871e-01 1.00730e+00
8.16000e+00 3.01121e-01 5.28596e-01
8.50000e+00 3.49384e-01 2.94735e-01
8.84000e+00 4.33163e-01 1.81130e-01
9.18000e+00 5.53763e-01 1.26168e-01
9.52000e+00 7.18287e-01 1.01998e-01
9.86000e+00 9.37595e-01 9.76700e-02
1.02000e+01 1.22524e+00 1.12630e-01
1.05400e+01 1.59491e+00 1.58192e-01
1.08800e+01 2.05139e+00 2.71291e-01
1.12200e+01 2.55964e+00 5.59011e-01
1.15600e+01 2.94343e+00 1.29776e+00
1.19000e+01 2.64544e+00 2.74982e+00
1.22400e+01 1.07156e+00 2.88363e+00
1.25800e+01 3.85295e-01 1.67828e+00
1.29200e+01 2.96440e-01 8.75355e-01
1.32600e+01 3.09003e-01 4.64045e-01
1.36000e+01 3.65312e-01 2.63769e-01
1.39400e+01 4.56756e-01 1.66331e-01
1.42800e+01 5.86222e-01 1.19531e-01
1.46200e+01 7.61713e-01 1.00162e-01
1.49600e+01 9.94755e-01 9.98052e-02
1.53000e+01 1.29922e+00 1.20112e-01
1.56400e+01 1.68789e+00 1.76297e-01
1.59800e+01 2.16060e+00 3.15432e-01
1.63200e+01 2.66349e+00 6.72240e-01
1.66600e+01 2.96030e+00 1.56834e+00
1.70000e+01 2.38827e+00 3.04889e+00
1.73400e+01 7.24548e-01 2.47781e+00
1.76800e+01 3.60495e-01 1.40030e+00
1.80200e+01 3.11431e-01 7.44642e-01
1.83600e+01 3.38470e-01 4.09672e-01
1.87000e+01 4.06405e-01 2.44310e-01
1.90400e+01 5.10824e-01 1.63043e-01
1.93800e+01 6.56187e-01 1.24925e-01
1.97200e+01 8.51420e-01 1.12303e-01
2.00600e+01 1.10839e+00 1.20580e-01
2.04000e+01 1.43980e+00 1.56642e-01
2.07400e+01 1.85266e+00 2.47464e-01
2.10800e+01 2.32668e+00 4.70712e-01
2.14200e+01 2.74539e+00 1.02938e+00
2.17600e+01 2.71796e+00 2.23192e+00
2.21000e+01 1.57953e+00 3.11148e+00
2.24400e+01 4.45580e-01 1.93844e+00
2.27800e+01 3.03410e-01 1.02023e+00
2.31200e+01 3.01322e-01 5.35520e-01
2.34600e+01 3.48908e-01 2.98423e-01
2.38000e+01 4.32135e-01 1.83187e-01
2.41400e+01 5.52146e-01 1.27399e-01
2.44800e+01 7.15959e-01 1.02792e-01
2.48200e+01 9.34363e-01 9.82045e-02
2.51600e+01 1.22085e+00 1.12953e-01
2.55000e+01 1.58905e+00 1.58196e-01
2.58400e+01 2.04386e+00 2.70488e-01
2.61800e+01 2.55081e+00 5.55730e-01
2.65200e+01 2.93611e+00 1.28738e+00
2.68600e+01 2.64923e+00 2.73114e+00
2.72000e+01 1.08992e+00 2.89814e+00
2.75400e+01 3.86520e-01 1.68914e+00
2.78800e+01 2.95956e-01 8.80463e-01
2.82200e+01 3.07985e-01 4.66143e-01
2.85600e+01 3.63887e-01 2.64510e-01
2.89000e+01 4.54883e-01 1.66462e-01
2.92400e+01 5.83799e-01 1.19350e-01
2.95800e+01 7.58600e-01 9.97586e-02
2.99200e+01 9.90794e-01 9.91341e-02
3.02600e+01 1.29427e+00 1.18971e-01
3.06000e+01 1.68197e+00 1.74143e-01
3.09400e+01 2.15425e+00 3.10825e-01
3.12800e+01 2.65903e+00 6.61480e-01
3.16200e+01 2.96508e+00 1.54538e+00
3.19600e+01 2.41526e+00 3.03263e+00
3.23000e+01 7.46090e-01 2.50902e+00
3.26400e+01 3.63296e-01 1.42272e+00
3.29800e+01 3.11082e-01 7.56225e-01
3.33200e+01 3.36866e-01 4.15220e-01
3.36600e+01 4.03843e-01 2.46895e-01
3.40000e+01 5.07249e-01 1.64168e-01
3.43400e+01 6.51401e-01 1.25252e-01
3.46800e+01 8.45137e-01 1.12062e-01
3.50200e+01 1.10028e+00 1.19704e-01
3.53600e+01 1.42960e+00 1.54673e-01
3.57000e+01 1.84048e+00 2.43073e-01
3.60400e+01 2.31414e+00 4.60285e-01
3.63800e+01 2.73879e+00 1.00452e+00
3.67200e+01 2.73458e+00 2.18936e+00
3.70600e+01 1.62877e+00 3.12544e+00
3.74000e+01 4.51736e-01 1.96022e+00
3.77400e+01 3.04256e-01 1.03283e+00
3.80800e+01 3.00860e-01 5.41806e-01
3.84200e+01 3.47730e-01 3.01491e-01
3.87600e+01 4.30313e-01 1.84697e-01
3.91000e+01 5.49597e-01 1.28129e-01
3.94400e+01 7.12518e-01 1.03082e-01
3.97800e+01 9.29802e-01 9.81611e-02
4.01200e+01 1.21490e+00 1.12506e-01
4.04600e+01 1.58150e+00 1.56993e-01
4.08000e+01 2.03479e+00 2.67461e-01
4.11400e+01 2.54158e+00 5.47834e-01
4.14800e+01 2.93231e+00 1.26767e+00
4.18200e+01 2.66545e+00 2.70332e+00
4.21600e+01 1.12181e+00 2.92724e+00
4.25000e+01 3.86732e-01 1.70651e+00
4.28400e+01 2.93833e-01 8.87057e-01
4.31800e+01 3.05117e-01 4.67904e-01
4.35200e+01 3.60316e-01 2.64373e-01
4.38600e+01 4.50436e-01 1.65576e-01
4.42000e+01 5.78226e-01 1.18088e-01
4.45400e+01 7.51607e-01 9.81418e-02
4.48800e+01 9.82074e-01 9.69455e-02
4.52200e+01 1.28361e+00 1.15642e-01
4.55600e+01 1.66957e+00 1.68294e-01
4.59000e+01 2.14169e+00 2.98949e-01
4.62400e+01 2.65217e+00 6.34811e-01
4.65800e+01 2.98148e+00 1.49016e+00
4.69200e+01 2.48460e+00 2.99452e+00
4.72600e+01 7.99702e-01 2.58666e+00
4.76000e+01 3.68292e-01 1.47553e+00
4.79400e+01 3.08746e-01 7.81953e-01
4.82800e+01 3.31635e-01 4.26565e-01
4.86200e+01 3.96294e-01 2.51451e-01
4.89600e+01 4.97153e-01 1.65471e-01
4.93000e+01 6.38215e-01 1.24763e-01
4.96400e+01 8.28136e-01 1.10182e-01
4.99800e+01 1.07868e+00 1.16077e-01
5.03200e+01 1.40286e+00 1.47876e-01
5.06600e+01 1.80930e+00 2.29255e-01
5.10000e+01 2.28343e+00 4.29333e-01
5.13400e+01 2.72648e+00 9.33371e-01
5.16800e+01 2.78824e+00 2.06835e+00
5.20200e+01 1.77544e+00 3.15899e+00
5.23600e+01 4.72164e-01 2.02514e+00
5.27000e+01 3.07592e-01 1.07163e+00
5.30400e+01 3.00101e-01 5.61607e-01
5.33800e+01 3.44832e-01 3.11403e-01
5.37200e+01 4.25565e-01 1.89764e-01
5.40600e+01 5.42800e-01 1.30767e-01
5.44000e+01 7.03219e-01 1.04377e-01
5.47400e+01 9.17357e-01 9.85114e-02
5.50800e+01 1.19853e+00 1.11811e-01
5.54200e+01 1.56047e+00 1.54424e-01
5.57600e+01 2.00910e+00 2.60388e-01
5.61000e+01 2.51432e+00 5.28520e-01
5.64400e+01 2.91738e+00 1.21761e+00
5.67800e+01 2.70153e+00 2.62644e+00
5.71200e+01 1.20761e+00 2.99723e+00
5.74600e+01 3.87574e-01 1.74903e+00
5.78000e+01 2.88870e-01 9.03256e-01
5.81400e+01 2.98371e-01 4.72306e-01
5.84800e+01 3.51904e-01 2.64158e-01
5.88200e+01 4.39946e-01 1.63557e-01
5.91600e+01 5.65062e-01 1.15184e-01
5.95000e+01 7.35054e-01 9.44319e-02
5.98400e+01 9.61372e-01 9.19514e-02
6.01800e+01 1.25818e+00 1.08095e-01
6.05200e+01 1.63972e+00 1.55117e-01
6.08600e+01 2.11075e+00 2.72279e-01
6.12000e+01 2.63300e+00 5.74630e-01
6.15400e+01 3.01380e+00 1.36152e+00
6.18800e+01 2.64336e+00 2.88300e+00
6.22200e+01 9.51031e-01 2.78700e+00
6.25600e+01 3.73205e-01 1.59912e+00
6.29000e+01 2.97183e-01 8.34876e-01
6.32400e+01 3.13867e-01 4.45348e-01
6.35800e+01 3.73057e-01 2.55487e-01
6.39200e+01 4.67491e-01 1.62973e-01
6.42600e+01 6.00533e-01 1.18704e-01
6.46000e+01 7.80478e-01 1.00984e-01
6.49400e+01 1.01904e+00 1.02292e-01
6.52800e+01 1.33008e+00 1.25251e-01
6.56200e+01 1.72566e+00 1.87056e-01
6.59600e+01 2.20263e+00 3.40029e-01
6.63000e+01 2.69688e+00 7.32382e-01
6.66400e+01 2.94227e+00 1.69967e+00
6.69800e+01 2.24234e+00 3.13554e+00
6.73200e+01 6.14214e-01 2.31298e+00
6.76600e+01 3.40021e-01 1.27495e+00
