0.00000e+00 1.00000e+00 1.00000e-01
2.00000e-01 1.18000e+00 1.07200e-01
4.00000e-01 1.39070e+00 1.23953e-01
6.00000e-01 1.63436e+00 1.55406e-01
8.00000e-01 1.91044e+00 2.12001e-01
1.00000e+00 2.21152e+00 3.14739e-01
1.20000e+00 2.51462e+00 5.05422e-01
1.40000e+00 2.76335e+00 8.61918e-01
1.60000e+00 2.83967e+00 1.49617e+00
1.80000e+00 2.55787e+00 2.42851e+00
2.00000e+00 1.82708e+00 3.23195e+00
2.20000e+00 1.01149e+00 3.24680e+00
2.40000e+00 5.56967e-01 2.67143e+00
2.60000e+00 3.70781e-01 1.99906e+00
2.80000e+00 2.96694e-01 1.43668e+00
3.00000e+00 2.70782e-01 1.01762e+00
3.20000e+00 2.69828e-01 7.20405e-01
3.40000e+00 2.84917e-01 5.14345e-01
3.60000e+00 3.12591e-01 3.72919e-01
3.80000e+00 3.51795e-01 2.76228e-01
4.00000e+00 4.02719e-01 2.10233e-01
4.20000e+00 4.66329e-01 1.65355e-01
4.40000e+00 5.44173e-01 1.35206e-01
4.60000e+00 6.38293e-01 1.15644e-01
4.80000e+00 7.51188e-01 1.04135e-01
5.00000e+00 8.85781e-01 9.93769e-02
5.20000e+00 1.04533e+00 1.01179e-01
5.40000e+00 1.23325e+00 1.10619e-01
5.60000e+00 1.45261e+00 1.30646e-01
5.80000e+00 1.70518e+00 1.67497e-01
6.00000e+00 1.98909e+00 2.33765e-01
6.20000e+00 2.29391e+00 3.54753e-01
6.40000e+00 2.58994e+00 5.80367e-01
6.60000e+00 2.80731e+00 9.99928e-01
6.80000e+00 2.80735e+00 1.72281e+00
7.00000e+00 2.40151e+00 2.68863e+00
7.20000e+00 1.59046e+00 3.32364e+00
7.40000e+00 8.51328e-01 3.12598e+00
7.60000e+00 4.89346e-01 2.48747e+00
7.80000e+00 3.43769e-01 1.83452e+00
8.00000e+00 2.86392e-01 1.31087e+00
8.20000e+00 2.68586e-01 9.27356e-01
8.40000e+00 2.72488e-01 6.57491e-01
8.60000e+00 2.91154e-01 4.71067e-01
8.80000e+00 3.21954e-01 3.43305e-01
9.00000e+00 3.64239e-01 2.56001e-01
9.20000e+00 4.18438e-01 1.96449e-01
9.40000e+00 4.85685e-01 1.56034e-01
9.60000e+00 5.67666e-01 1.29051e-01
9.80000e+00 6.66547e-01 1.11838e-01
1.00000e+01 7.84948e-01 1.02217e-01
1.02000e+01 9.25890e-01 9.91873e-02
1.04000e+01 1.09270e+00 1.02865e-01
1.06000e+01 1.28876e+00 1.14747e-01
1.08000e+01 1.51694e+00 1.38473e-01
1.10000e+01 1.77831e+00 1.81584e-01
1.12000e+01 2.06939e+00 2.59257e-01
1.14000e+01 2.37597e+00 4.01950e-01
1.16000e+01 2.66016e+00 6.68870e-01
1.18000e+01 2.83633e+00 1.16018e+00
1.20000e+01 2.74547e+00 1.97020e+00
1.22000e+01 2.21274e+00 2.92593e+00
1.24000e+01 1.36042e+00 3.34776e+00
1.26000e+01 7.21632e-01 2.97500e+00
1.28000e+01 4.36588e-01 2.30454e+00
1.30000e+01 3.22679e-01 1.68017e+00
1.32000e+01 2.78783e-01 1.19547e+00
1.34000e+01 2.67885e-01 8.45378e-01
1.36000e+01 2.76169e-01 6.00614e-01
1.38000e+01 2.98229e-01 4.32016e-01
1.40000e+01 3.32106e-01 3.16600e-01
1.42000e+01 3.77499e-01 2.37766e-01
1.44000e+01 4.35047e-01 1.84036e-01
1.46000e+01 5.06044e-01 1.47673e-01
1.48000e+01 5.92307e-01 1.23591e-01
1.50000e+01 6.96127e-01 1.08569e-01
1.52000e+01 8.20237e-01 1.00762e-01
1.54000e+01 9.67755e-01 9.94625e-02
1.56000e+01 1.14205e+00 1.05114e-01
1.58000e+01 1.34646e+00 1.19681e-01
1.60000e+01 1.58352e+00 1.47616e-01
1.62000e+01 1.85347e+00 1.98010e-01
1.64000e+01 2.15076e+00 2.89155e-01
1.66000e+01 2.45654e+00 4.57621e-01
1.68000e+01 2.72301e+00 7.73015e-01
1.70000e+01 2.84663e+00 1.34400e+00
1.72000e+01 2.65078e+00 2.23146e+00
1.74000e+01 1.99791e+00 3.12219e+00
1.76000e+01 1.14992e+00 3.30942e+00
1.78000e+01 6.18792e-01 2.80479e+00
1.80000e+01 3.95434e-01 2.12652e+00
1.82000e+01 3.06341e-01 1.53649e+00
1.84000e+01 2.73472e-01 1.08997e+00
1.86000e+01 2.68551e-01 7.71064e-01
1.88000e+01 2.80847e-01 5.49259e-01
1.90000e+01 3.06165e-01 3.96821e-01
1.92000e+01 3.43100e-01 2.92552e-01
1.94000e+01 3.91645e-01 2.21362e-01
1.96000e+01 4.52635e-01 1.72896e-01
1.98000e+01 5.27510e-01 1.40219e-01
2.00000e+01 6.18218e-01 1.18806e-01
2.02000e+01 7.27172e-01 1.05840e-01
2.04000e+01 8.57214e-01 9.97955e-02
2.06000e+01 1.01155e+00 1.00256e-01
2.08000e+01 1.19357e+00 1.08019e-01
2.10000e+01 1.40650e+00 1.25583e-01
2.12000e+01 1.65248e+00 1.58359e-01
2.14000e+01 1.93064e+00 2.17309e-01
2.16000e+01 2.23285e+00 3.24474e-01
2.18000e+01 2.53452e+00 5.23639e-01
2.20000e+01 2.77599e+00 8.95631e-01
2.22000e+01 2.83394e+00 1.55264e+00
2.24000e+01 2.52071e+00 2.49709e+00
2.26000e+01 1.76596e+00 3.26216e+00
2.28000e+01 9.66984e-01 3.21908e+00
2.30000e+01 5.37821e-01 2.62396e+00
2.32000e+01 3.63141e-01 1.95552e+00
2.34000e+01 2.93743e-01 1.40308e+00
2.36000e+01 2.70062e-01 9.93418e-01
2.38000e+01 2.70418e-01 7.03506e-01
2.40000e+01 2.86453e-01 5.02712e-01
2.42000e+01 3.14943e-01 3.64957e-01
2.44000e+01 3.54943e-01 2.70790e-01
2.46000e+01 4.06709e-01 2.06527e-01
2.48000e+01 4.71252e-01 1.62847e-01
2.50000e+01 5.50153e-01 1.33544e-01
2.52000e+01 6.45490e-01 1.14607e-01
2.54000e+01 7.59793e-01 1.03595e-01
2.56000e+01 8.96009e-01 9.92863e-02
2.58000e+01 1.05742e+00 1.01567e-01
2.60000e+01 1.24742e+00 1.11619e-01
2.62000e+01 1.46906e+00 1.32561e-01
2.64000e+01 1.72392e+00 1.70946e-01
2.66000e+01 2.00977e+00 2.39993e-01
2.68000e+01 2.31526e+00 3.66254e-01
2.70000e+01 2.60871e+00 6.01933e-01
2.72000e+01 2.81640e+00 1.03927e+00
2.74000e+01 2.79428e+00 1.78517e+00
2.76000e+01 2.35548e+00 2.75308e+00
2.78000e+01 1.52961e+00 3.33631e+00
2.80000e+01 8.14883e-01 3.08926e+00
2.82000e+01 4.74382e-01 2.43975e+00
2.84000e+01 3.37783e-01 1.79350e+00
2.86000e+01 2.84177e-01 1.27997e+00
2.88000e+01 2.68265e-01 9.05328e-01
2.90000e+01 2.73345e-01 6.42183e-01
2.92000e+01 2.92906e-01 4.60550e-01
2.94000e+01 3.24508e-01 3.36111e-01
2.96000e+01 3.67595e-01 2.51088e-01
2.98000e+01 4.22655e-01 1.93102e-01
3.00000e+01 4.90863e-01 1.53776e-01
3.02000e+01 5.73939e-01 1.27569e-01
3.04000e+01 6.74083e-01 1.10938e-01
3.06000e+01 7.93943e-01 1.01794e-01
3.08000e+01 9.36568e-01 9.92113e-02
3.10000e+01 1.10530e+00 1.03390e-01
3.12000e+01 1.30350e+00 1.15942e-01
3.14000e+01 1.53398e+00 1.40706e-01
3.16000e+01 1.79760e+00 1.85597e-01
3.18000e+01 2.09040e+00 2.66547e-01
3.20000e+01 2.39704e+00 4.15498e-01
3.22000e+01 2.67726e+00 6.94256e-01
3.24000e+01 2.84097e+00 1.20550e+00
3.26000e+01 2.72421e+00 2.03691e+00
3.28000e+01 2.15926e+00 2.98143e+00
3.30000e+01 1.30357e+00 3.34346e+00
3.32000e+01 6.92599e-01 2.93235e+00
3.34000e+01 4.24931e-01 2.25783e+00
3.36000e+01 3.18033e-01 1.64192e+00
3.38000e+01 2.77202e-01 1.16721e+00
3.40000e+01 2.67932e-01 8.25420e-01
3.42000e+01 2.77287e-01 5.86803e-01
3.44000e+01 3.00202e-01 4.22546e-01
3.46000e+01 3.34873e-01 3.10127e-01
3.48000e+01 3.81077e-01 2.33349e-01
3.50000e+01 4.39507e-01 1.81033e-01
3.52000e+01 5.11496e-01 1.45659e-01
3.54000e+01 5.98894e-01 1.22289e-01
3.56000e+01 7.04025e-01 1.07811e-01
3.58000e+01 8.29650e-01 1.00465e-01
3.60000e+01 9.78910e-01 9.96174e-02
3.62000e+01 1.15519e+00 1.05801e-01
3.64000e+01 1.36178e+00 1.21112e-01
3.66000e+01 1.60115e+00 1.50235e-01
3.68000e+01 1.87327e+00 2.02713e-01
3.70000e+01 2.17198e+00 2.97744e-01
3.72000e+01 2.47704e+00 4.73655e-01
3.74000e+01 2.73779e+00 8.02901e-01
3.76000e+01 2.84572e+00 1.39567e+00
3.78000e+01 2.62052e+00 2.30036e+00
3.80000e+01 1.93900e+00 3.16437e+00
3.82000e+01 1.09965e+00 3.29051e+00
3.84000e+01 5.95900e-01 2.75863e+00
3.86000e+01 3.86306e-01 2.08145e+00
3.88000e+01 3.02752e-01 1.50094e+00
3.90000e+01 2.72420e-01 1.06412e+00
3.92000e+01 2.68927e-01 7.52937e-01
3.94000e+01 2.82215e-01 5.36758e-01
3.96000e+01 3.08362e-01 3.88261e-01
3.98000e+01 3.46089e-01 2.86706e-01
