0.00000e+00 1.00000e+00 1.00000e-01
3.00000e-01 1.27000e+00 1.16200e-01
6.00000e-01 1.60673e+00 1.58501e-01
9.00000e-01 2.01235e+00 2.54776e-01
1.20000e+00 2.46224e+00 4.78302e-01
1.50000e+00 2.84760e+00 1.00853e+00
1.80000e+00 2.84032e+00 2.12214e+00
2.10000e+00 1.88415e+00 3.24791e+00
2.40000e+00 6.13530e-01 2.49478e+00
2.70000e+00 3.38403e-01 1.50445e+00
3.00000e+00 2.87190e-01 8.61020e-01
3.30000e+00 2.99164e-01 4.98960e-01
3.60000e+00 3.44132e-01 3.02609e-01
3.90000e+00 4.16130e-01 1.96598e-01
4.20000e+00 5.16426e-01 1.39556e-01
4.50000e+00 6.49733e-01 1.10227e-01
4.80000e+00 8.23167e-01 9.85322e-02
5.10000e+00 1.04579e+00 1.01239e-01
5.40000e+00 1.32776e+00 1.21148e-01
5.70000e+00 1.67783e+00 1.70419e-01
6.00000e+00 2.09540e+00 2.82425e-01
6.30000e+00 2.54648e+00 5.44483e-01
6.60000e+00 2.89447e+00 1.16339e+00
6.90000e+00 2.75259e+00 2.38675e+00
7.20000e+00 1.60744e+00 3.25664e+00
7.50000e+00 5.19215e-01 2.31720e+00
7.80000e+00 3.14043e-01 1.36350e+00
8.10000e+00 2.79796e-01 7.74300e-01
8.40000e+00 2.98741e-01 4.48510e-01
8.70000e+00 3.48167e-01 2.73098e-01
9.00000e+00 4.24093e-01 1.78730e-01
9.30000e+00 5.28581e-01 1.28176e-01
9.60000e+00 6.66830e-01 1.02553e-01
9.90000e+00 8.46363e-01 9.30998e-02
1.02000e+01 1.07663e+00 9.73805e-02
1.05000e+01 1.36817e+00 1.18892e-01
1.08000e+01 1.72982e+00 1.70954e-01
1.11000e+01 2.16005e+00 2.89943e-01
1.14000e+01 2.62018e+00 5.71799e-01
1.17000e+01 2.95677e+00 1.24313e+00
1.20000e+01 2.74111e+00 2.54178e+00
1.23000e+01 1.47325e+00 3.26352e+00
1.26000e+01 4.72832e-01 2.23127e+00
1.29000e+01 2.98177e-01 1.29169e+00
1.32000e+01 2.72084e-01 7.27547e-01
1.35000e+01 2.94323e-01 4.19499e-01
1.38000e+01 3.45580e-01 2.54782e-01
1.41000e+01 4.22839e-01 1.66552e-01
1.44000e+01 5.28564e-01 1.19441e-01
1.47000e+01 6.68193e-01 9.56620e-02
1.50000e+01 8.49475e-01 8.70223e-02
1.53000e+01 1.08214e+00 9.13111e-02
1.56000e+01 1.37714e+00 1.11973e-01
1.59000e+01 1.74402e+00 1.61960e-01
1.62000e+01 2.18249e+00 2.76869e-01
1.65000e+01 2.65596e+00 5.51958e-01
1.68000e+01 3.01295e+00 1.21860e+00
1.71000e+01 2.81536e+00 2.54591e+00
1.74000e+01 1.50967e+00 3.32446e+00
1.77000e+01 4.56920e-01 2.24119e+00
1.80000e+01 2.86782e-01 1.28212e+00
1.83000e+01 2.62511e-01 7.14788e-01
1.86000e+01 2.84972e-01 4.08132e-01
1.89000e+01 3.35572e-01 2.45427e-01
1.92000e+01 4.11535e-01 1.58772e-01
1.95000e+01 5.15394e-01 1.12607e-01
1.98000e+01 6.52601e-01 8.91353e-02
2.01000e+01 8.30931e-01 8.00932e-02
2.04000e+01 1.06024e+00 8.29883e-02
2.07000e+01 1.35192e+00 1.00512e-01
2.10000e+01 1.71673e+00 1.43735e-01
2.13000e+01 2.15773e+00 2.43579e-01
2.16000e+01 2.64737e+00 4.84338e-01
2.19000e+01 3.05691e+00 1.08208e+00
2.22000e+01 2.98164e+00 2.36866e+00
2.25000e+01 1.75738e+00 3.44505e+00
2.28000e+01 4.68316e-01 2.34604e+00
2.31000e+01 2.79204e-01 1.33143e+00
2.34000e+01 2.51443e-01 7.33440e-01
2.37000e+01 2.71550e-01 4.12875e-01
2.40000e+01 3.19380e-01 2.44269e-01
2.43000e+01 3.91790e-01 1.55129e-01
2.46000e+01 4.91094e-01 1.07761e-01
2.49000e+01 6.22545e-01 8.33561e-02
2.52000e+01 7.93741e-01 7.30404e-02
2.55000e+01 1.01447e+00 7.36745e-02
2.58000e+01 1.29639e+00 8.67764e-02
2.61000e+01 1.65156e+00 1.20700e-01
2.64000e+01 2.08722e+00 1.99437e-01
2.67000e+01 2.58851e+00 3.89522e-01
2.70000e+01 3.06258e+00 8.71573e-01
2.73000e+01 3.18057e+00 2.01189e+00
2.76000e+01 2.21506e+00 3.47862e+00
2.79000e+01 5.67969e-01 2.57690e+00
2.82000e+01 2.99280e-01 1.49349e+00
2.85000e+01 2.54973e-01 8.25874e-01
2.88000e+01 2.68292e-01 4.63295e-01
2.91000e+01 3.11490e-01 2.71905e-01
2.94000e+01 3.79528e-01 1.70679e-01
2.97000e+01 4.73953e-01 1.16808e-01
3.00000e+01 5.99531e-01 8.87413e-02
3.03000e+01 7.63429e-01 7.61451e-02
3.06000e+01 9.75018e-01 7.50037e-02
3.09000e+01 1.24558e+00 8.60556e-02
3.12000e+01 1.58710e+00 1.16370e-01
3.15000e+01 2.00783e+00 1.86738e-01
3.18000e+01 2.49769e+00 3.54544e-01
3.21000e+01 2.98134e+00 7.76026e-01
3.24000e+01 3.18166e+00 1.79184e+00
3.27000e+01 2.42585e+00 3.32478e+00
3.30000e+01 7.33979e-01 2.79410e+00
3.33000e+01 3.38929e-01 1.68584e+00
3.36000e+01 2.69193e-01 9.46627e-01
3.39000e+01 2.73503e-01 5.33994e-01
3.42000e+01 3.11740e-01 3.13478e-01
3.45000e+01 3.75944e-01 1.96101e-01
3.48000e+01 4.66611e-01 1.33342e-01
3.51000e+01 5.87928e-01 1.00374e-01
3.54000e+01 7.46603e-01 8.51137e-02
3.57000e+01 9.51520e-01 8.26379e-02
3.60000e+01 1.21339e+00 9.32182e-02
3.63000e+01 1.54347e+00 1.23615e-01
3.66000e+01 1.94927e+00 1.94022e-01
3.69000e+01 2.42059e+00 3.59397e-01
3.72000e+01 2.88578e+00 7.66044e-01
3.75000e+01 3.08833e+00 1.72590e+00
3.78000e+01 2.41579e+00 3.19200e+00
3.81000e+01 8.27169e-01 2.86099e+00
3.84000e+01 3.65363e-01 1.77158e+00
3.87000e+01 2.80791e-01 1.00710e+00
3.90000e+01 2.80194e-01 5.72148e-01
3.93000e+01 3.16158e-01 3.37392e-01
3.96000e+01 3.79005e-01 2.11681e-01
3.99000e+01 4.68638e-01 1.44193e-01
4.02000e+01 5.88957e-01 1.08632e-01
4.05000e+01 7.46450e-01 9.21054e-02
4.08000e+01 9.49759e-01 8.93289e-02
4.11000e+01 1.20923e+00 1.00543e-01
4.14000e+01 1.53553e+00 1.32850e-01
4.17000e+01 1.93499e+00 2.07378e-01
4.20000e+01 2.39511e+00 3.80966e-01
4.23000e+01 2.83990e+00 8.01531e-01
4.26000e+01 3.00899e+00 1.76769e+00
4.29000e+01 2.31600e+00 3.16346e+00
4.32000e+01 8.12827e-01 2.80819e+00
4.35000e+01 3.71903e-01 1.74990e+00
4.38000e+01 2.88236e-01 1.00259e+00
4.41000e+01 2.88012e-01 5.74291e-01
4.44000e+01 3.24794e-01 3.41632e-01
4.47000e+01 3.88945e-01 2.16379e-01
4.50000e+01 4.80380e-01 1.48918e-01
4.53000e+01 6.03033e-01 1.13449e-01
4.56000e+01 7.63419e-01 9.73447e-02
4.59000e+01 9.70150e-01 9.56013e-02
4.62000e+01 1.23337e+00 1.08988e-01
4.65000e+01 1.56306e+00 1.45807e-01
4.68000e+01 1.96360e+00 2.30107e-01
4.71000e+01 2.41713e+00 4.25763e-01
4.74000e+01 2.83353e+00 8.94152e-01
4.77000e+01 2.92351e+00 1.92610e+00
4.80000e+01 2.11127e+00 3.21035e+00
4.83000e+01 7.11278e-01 2.65421e+00
4.86000e+01 3.58297e-01 1.63228e+00
4.89000e+01 2.90334e-01 9.37256e-01
4.92000e+01 2.95799e-01 5.41246e-01
4.95000e+01 3.36508e-01 3.25779e-01
4.98000e+01 4.04573e-01 2.09392e-01
5.01000e+01 5.00530e-01 1.46641e-01
5.04000e+01 6.28670e-01 1.13970e-01
5.07000e+01 7.95776e-01 1.00005e-01
5.10000e+01 1.01063e+00 1.00643e-01
5.13000e+01 1.28331e+00 1.17751e-01
5.16000e+01 1.62297e+00 1.61764e-01
5.19000e+01 2.03110e+00 2.61840e-01
5.22000e+01 2.48088e+00 4.94494e-01
5.25000e+01 2.85711e+00 1.04549e+00
5.28000e+01 2.81812e+00 2.18599e+00
5.31000e+01 1.81544e+00 3.25552e+00
5.34000e+01 5.87012e-01 2.44883e+00
5.37000e+01 3.31869e-01 1.46714e+00
5.40000e+01 2.85360e-01 8.38055e-01
5.43000e+01 2.99223e-01 4.85681e-01
5.46000e+01 3.45392e-01 2.94923e-01
5.49000e+01 4.18451e-01 1.92016e-01
5.52000e+01 5.19881e-01 1.36701e-01
5.55000e+01 6.54525e-01 1.08365e-01
5.58000e+01 8.29604e-01 9.72862e-02
5.61000e+01 1.05427e+00 1.00454e-01
5.64000e+01 1.33878e+00 1.20873e-01
5.67000e+01 1.69187e+00 1.71051e-01
5.70000e+01 2.11261e+00 2.85238e-01
5.73000e+01 2.56562e+00 5.53183e-01
5.76000e+01 2.90953e+00 1.18697e+00
5.79000e+01 2.74632e+00 2.43068e+00
5.82000e+01 1.56759e+00 3.25846e+00
5.85000e+01 5.05490e-01 2.29165e+00
5.88000e+01 3.09614e-01 1.34238e+00
5.91000e+01 2.77813e-01 7.60710e-01
5.94000e+01 2.97756e-01 4.40188e-01
5.97000e+01 3.47762e-01 2.67923e-01
