0.00000e+00 1.00000e+00 1.00000e-01
1.00000e-01 1.09000e+00 1.01800e-01
2.00000e-01 1.18790e+00 1.05626e-01
3.00000e-01 1.29415e+00 1.11840e-01
4.00000e-01 1.40909e+00 1.20990e-01
5.00000e-01 1.53295e+00 1.33886e-01
6.00000e-01 1.66572e+00 1.51712e-01
7.00000e-01 1.80702e+00 1.76199e-01
8.00000e-01 1.95588e+00 2.09885e-01
9.00000e-01 2.11042e+00 2.56497e-01
1.00000e+00 2.26733e+00 3.21510e-01
1.10000e+00 2.42117e+00 4.12894e-01
1.20000e+00 2.56331e+00 5.41990e-01
1.30000e+00 2.68072e+00 7.24176e-01
1.40000e+00 2.75466e+00 9.78312e-01
1.50000e+00 2.76063e+00 1.32280e+00
1.60000e+00 2.67152e+00 1.76502e+00
1.70000e+00 2.46714e+00 2.28293e+00
1.80000e+00 2.15063e+00 2.80828e+00
1.90000e+00 1.76173e+00 3.23612e+00
2.00000e+00 1.36779e+00 3.47416e+00
2.10000e+00 1.02938e+00 3.49457e+00
2.20000e+00 7.72591e-01 3.33563e+00
2.30000e+00 5.92142e-01 3.06354e+00
2.40000e+00 4.69952e-01 2.73877e+00
2.50000e+00 3.88238e-01 2.40368e+00
2.60000e+00 3.33742e-01 2.08338e+00
2.70000e+00 2.97585e-01 1.79070e+00
2.80000e+00 2.74055e-01 1.53071e+00
2.90000e+00 2.59510e-01 1.30402e+00
3.00000e+00 2.51621e-01 1.10884e+00
3.10000e+00 2.48882e-01 9.42264e-01
3.20000e+00 2.50319e-01 8.00984e-01
3.30000e+00 2.55301e-01 6.81686e-01
3.40000e+00 2.63428e-01 5.81264e-01
3.50000e+00 2.74458e-01 4.96917e-01
3.60000e+00 2.88266e-01 4.26183e-01
3.70000e+00 3.04807e-01 3.66927e-01
3.80000e+00 3.24103e-01 3.17326e-01
3.90000e+00 3.46229e-01 2.75834e-01
4.00000e+00 3.71302e-01 2.41151e-01
4.10000e+00 3.99478e-01 2.12188e-01
4.20000e+00 4.30949e-01 1.88039e-01
4.30000e+00 4.65941e-01 1.67954e-01
4.40000e+00 5.04709e-01 1.51317e-01
4.50000e+00 5.47543e-01 1.37624e-01
4.60000e+00 5.94762e-01 1.26470e-01
4.70000e+00 6.46716e-01 1.17534e-01
4.80000e+00 7.03787e-01 1.10571e-01
4.90000e+00 7.66383e-01 1.05404e-01
5.00000e+00 8.34944e-01 1.01925e-01
5.10000e+00 9.09928e-01 1.00089e-01
5.20000e+00 9.91813e-01 9.99250e-02
5.30000e+00 1.08108e+00 1.01545e-01
5.40000e+00 1.17821e+00 1.05165e-01
5.50000e+00 1.28365e+00 1.11131e-01
5.60000e+00 1.39774e+00 1.19971e-01
5.70000e+00 1.52075e+00 1.32466e-01
5.80000e+00 1.65268e+00 1.49758e-01
5.90000e+00 1.79320e+00 1.73515e-01
6.00000e+00 1.94140e+00 2.06185e-01
6.10000e+00 2.09552e+00 2.51360e-01
6.20000e+00 2.25239e+00 3.14321e-01
6.30000e+00 2.40684e+00 4.02760e-01
6.40000e+00 2.55058e+00 5.27663e-01
6.50000e+00 2.67105e+00 7.04014e-01
6.60000e+00 2.75011e+00 9.50435e-01
6.70000e+00 2.76375e+00 1.28570e+00
6.80000e+00 2.68479e+00 1.71892e+00
6.90000e+00 2.49177e+00 2.23177e+00
7.00000e+00 2.18484e+00 2.76063e+00
7.10000e+00 1.80017e+00 3.20243e+00
7.20000e+00 1.40370e+00 3.46099e+00
7.30000e+00 1.05825e+00 3.50131e+00
7.40000e+00 7.93548e-01 3.35674e+00
7.50000e+00 6.06529e-01 3.09258e+00
7.60000e+00 4.79608e-01 2.77071e+00
7.70000e+00 3.94683e-01 2.43528e+00
7.80000e+00 3.38035e-01 2.11287e+00
7.90000e+00 3.00417e-01 1.81724e+00
8.00000e+00 2.75865e-01 1.55405e+00
8.10000e+00 2.60581e-01 1.32424e+00
8.20000e+00 2.52132e-01 1.12616e+00
8.30000e+00 2.48951e-01 9.57004e-01
8.40000e+00 2.50021e-01 8.13457e-01
8.50000e+00 2.54685e-01 6.92201e-01
8.60000e+00 2.62524e-01 5.90105e-01
8.70000e+00 2.73285e-01 5.04337e-01
8.80000e+00 2.86831e-01 4.32402e-01
8.90000e+00 3.03111e-01 3.72134e-01
9.00000e+00 3.22143e-01 3.21684e-01
9.10000e+00 3.43994e-01 2.79478e-01
9.20000e+00 3.68780e-01 2.44196e-01
9.30000e+00 3.96652e-01 2.14729e-01
9.40000e+00 4.27800e-01 1.90155e-01
9.50000e+00 4.62445e-01 1.69712e-01
9.60000e+00 5.00842e-01 1.52769e-01
9.70000e+00 5.43275e-01 1.38814e-01
9.80000e+00 5.90061e-01 1.27433e-01
9.90000e+00 6.41547e-01 1.18297e-01
1.00000e+01 6.98113e-01 1.11155e-01
1.01000e+01 7.60164e-01 1.05823e-01
1.02000e+01 8.28136e-01 1.02186e-01
1.03000e+01 9.02488e-01 1.00193e-01
1.04000e+01 9.83694e-01 9.98661e-02
1.05000e+01 1.07224e+00 1.01309e-01
1.06000e+01 1.16860e+00 1.04725e-01
1.07000e+01 1.27322e+00 1.10448e-01
1.08000e+01 1.38648e+00 1.18985e-01
1.09000e+01 1.50863e+00 1.31089e-01
1.10000e+01 1.63972e+00 1.47861e-01
1.11000e+01 1.77945e+00 1.70911e-01
1.12000e+01 1.92698e+00 2.02597e-01
1.13000e+01 2.08064e+00 2.46384e-01
1.14000e+01 2.23744e+00 3.07361e-01
1.15000e+01 2.39241e+00 3.92956e-01
1.16000e+01 2.53764e+00 5.13801e-01
1.17000e+01 2.66102e+00 6.84487e-01
1.18000e+01 2.74498e+00 9.23371e-01
1.19000e+01 2.76601e+00 1.24951e+00
1.20000e+01 2.69700e+00 1.67359e+00
1.21000e+01 2.51533e+00 2.18080e+00
1.22000e+01 2.21832e+00 2.71218e+00
1.23000e+01 1.83850e+00 3.16702e+00
1.24000e+01 1.44010e+00 3.44578e+00
1.25000e+01 1.08788e+00 3.50634e+00
1.26000e+01 8.15221e-01 3.37676e+00
1.27000e+01 6.21462e-01 3.12112e+00
1.28000e+01 4.89643e-01 2.80254e+00
1.29000e+01 4.01383e-01 2.46701e+00
1.30000e+01 3.42499e-01 2.14260e+00
1.31000e+01 3.03366e-01 1.84408e+00
1.32000e+01 2.77759e-01 1.57770e+00
1.33000e+01 2.61713e-01 1.34474e+00
1.34000e+01 2.52691e-01 1.14376e+00
1.35000e+01 2.49058e-01 9.71977e-01
1.36000e+01 2.49756e-01 8.26133e-01
1.37000e+01 2.54098e-01 7.02890e-01
1.38000e+01 2.61648e-01 5.99094e-01
1.39000e+01 2.72138e-01 5.11882e-01
1.40000e+01 2.85421e-01 4.38726e-01
1.41000e+01 3.01441e-01 3.77431e-01
1.42000e+01 3.20208e-01 3.26116e-01
1.43000e+01 3.41786e-01 2.83185e-01
1.44000e+01 3.66286e-01 2.47294e-01
1.45000e+01 3.93856e-01 2.17314e-01
1.46000e+01 4.24683e-01 1.92310e-01
1.47000e+01 4.58984e-01 1.71501e-01
1.48000e+01 4.97011e-01 1.54248e-01
1.49000e+01 5.39046e-01 1.40028e-01
1.50000e+01 5.85402e-01 1.28417e-01
1.51000e+01 6.36425e-01 1.19079e-01
1.52000e+01 6.92489e-01 1.11756e-01
1.53000e+01 7.53999e-01 1.06257e-01
1.54000e+01 8.21387e-01 1.02461e-01
1.55000e+01 8.95109e-01 1.00312e-01
1.56000e+01 9.75641e-01 9.98232e-02
1.57000e+01 1.06347e+00 1.01090e-01
1.58000e+01 1.15906e+00 1.04306e-01
1.59000e+01 1.26288e+00 1.09790e-01
1.60000e+01 1.37530e+00 1.18031e-01
1.61000e+01 1.49660e+00 1.29754e-01
1.62000e+01 1.62684e+00 1.46021e-01
1.63000e+01 1.76577e+00 1.68385e-01
1.64000e+01 1.91261e+00 1.99119e-01
1.65000e+01 2.06579e+00 2.41562e-01
1.66000e+01 2.22247e+00 3.00623e-01
1.67000e+01 2.37790e+00 3.83468e-01
1.68000e+01 2.52451e+00 5.00389e-01
1.69000e+01 2.65063e+00 6.65580e-01
1.70000e+01 2.73928e+00 8.97106e-01
1.71000e+01 2.76746e+00 1.21423e+00
1.72000e+01 2.70818e+00 1.62905e+00
1.73000e+01 2.53782e+00 2.13008e+00
1.74000e+01 2.25102e+00 2.66304e+00
1.75000e+01 1.87667e+00 3.12996e+00
1.76000e+01 1.47695e+00 3.42853e+00
1.77000e+01 1.11827e+00 3.50962e+00
1.78000e+01 8.37623e-01 3.39565e+00
1.79000e+01 6.36958e-01 3.14909e+00
1.80000e+01 5.00070e-01 2.83423e+00
1.81000e+01 4.08346e-01 2.49885e+00
1.82000e+01 3.47141e-01 2.17257e+00
1.83000e+01 3.06436e-01 1.87121e+00
1.84000e+01 2.79739e-01 1.60166e+00
1.85000e+01 2.62908e-01 1.36554e+00
1.86000e+01 2.53298e-01 1.16161e+00
1.87000e+01 2.49204e-01 9.87186e-01
1.88000e+01 2.49524e-01 8.39014e-01
1.89000e+01 2.53541e-01 7.13756e-01
1.90000e+01 2.60798e-01 6.08234e-01
1.91000e+01 2.71015e-01 5.19555e-01
1.92000e+01 2.84036e-01 4.45159e-01
1.93000e+01 2.99796e-01 3.82818e-01
1.94000e+01 3.18298e-01 3.30625e-01
1.95000e+01 3.39604e-01 2.86956e-01
1.96000e+01 3.63820e-01 2.50445e-01
1.97000e+01 3.91090e-01 2.19945e-01
1.98000e+01 4.21597e-01 1.94502e-01
1.99000e+01 4.55557e-01 1.73323e-01
