0.00000e+00 8.00000e-01 2.00000e-01
1.00000e-01 8.64000e-01 1.94560e-01
2.00000e-01 9.33590e-01 1.91976e-01
3.00000e-01 1.00903e+00 1.92322e-01
4.00000e-01 1.09052e+00 1.95804e-01
5.00000e-01 1.17822e+00 2.02784e-01
6.00000e-01 1.27215e+00 2.13821e-01
7.00000e-01 1.37217e+00 2.29737e-01
8.00000e-01 1.47786e+00 2.51693e-01
9.00000e-01 1.58845e+00 2.81315e-01
1.00000e+00 1.70261e+00 3.20846e-01
1.10000e+00 1.81824e+00 3.73351e-01
1.20000e+00 1.93218e+00 4.42958e-01
1.30000e+00 2.03981e+00 5.35076e-01
1.40000e+00 2.13465e+00 6.56501e-01
1.50000e+00 2.20797e+00 8.15108e-01
1.60000e+00 2.24880e+00 1.01869e+00
1.70000e+00 2.24459e+00 1.27226e+00
1.80000e+00 2.18348e+00 1.57340e+00
1.90000e+00 2.05828e+00 1.90642e+00
2.00000e+00 1.87172e+00 2.23879e+00
2.10000e+00 1.63985e+00 2.52529e+00
2.20000e+00 1.38973e+00 2.72212e+00
2.30000e+00 1.15040e+00 2.80400e+00
2.40000e+00 9.42866e-01 2.77196e+00
2.50000e+00 7.75794e-01 2.64766e+00
2.60000e+00 6.47970e-01 2.46125e+00
2.70000e+00 5.53285e-01 2.24135e+00
2.80000e+00 4.84603e-01 2.01032e+00
2.90000e+00 4.35642e-01 1.78341e+00
3.00000e+00 4.01514e-01 1.56994e+00
3.10000e+00 3.78630e-01 1.37484e+00
3.20000e+00 3.64437e-01 1.20008e+00
3.30000e+00 3.57146e-01 1.04578e+00
3.40000e+00 3.55511e-01 9.10984e-01
3.50000e+00 3.58675e-01 7.94137e-01
3.60000e+00 3.66059e-01 6.93450e-01
3.70000e+00 3.77281e-01 6.07085e-01
3.80000e+00 3.92105e-01 5.33276e-01
3.90000e+00 4.10405e-01 4.70393e-01
4.00000e+00 4.32140e-01 4.16969e-01
4.10000e+00 4.57335e-01 3.71714e-01
4.20000e+00 4.86069e-01 3.33507e-01
4.30000e+00 5.18465e-01 3.01388e-01
4.40000e+00 5.54686e-01 2.74546e-01
4.50000e+00 5.94926e-01 2.52303e-01
4.60000e+00 6.39408e-01 2.34108e-01
4.70000e+00 6.88380e-01 2.19517e-01
4.80000e+00 7.42107e-01 2.08195e-01
4.90000e+00 8.00867e-01 1.99903e-01
5.00000e+00 8.64945e-01 1.94504e-01
5.10000e+00 9.34615e-01 1.91960e-01
5.20000e+00 1.01014e+00 1.92349e-01
5.30000e+00 1.09172e+00 1.95878e-01
5.40000e+00 1.17951e+00 2.02910e-01
5.50000e+00 1.27352e+00 2.14010e-01
5.60000e+00 1.37362e+00 2.30002e-01
5.70000e+00 1.47939e+00 2.52054e-01
5.80000e+00 1.59004e+00 2.81799e-01
5.90000e+00 1.70424e+00 3.21489e-01
6.00000e+00 1.81987e+00 3.74205e-01
6.10000e+00 1.93376e+00 4.44089e-01
6.20000e+00 2.04126e+00 5.36571e-01
6.30000e+00 2.13586e+00 6.58465e-01
6.40000e+00 2.20880e+00 8.17656e-01
6.50000e+00 2.24908e+00 1.02192e+00
6.60000e+00 2.24415e+00 1.27620e+00
6.70000e+00 2.18217e+00 1.57794e+00
6.80000e+00 2.05605e+00 1.91122e+00
6.90000e+00 1.86870e+00 2.24327e+00
7.00000e+00 1.63637e+00 2.52878e+00
7.10000e+00 1.38620e+00 2.72411e+00
7.20000e+00 1.14721e+00 2.80431e+00
7.30000e+00 9.40215e-01 2.77078e+00
7.40000e+00 7.73724e-01 2.64539e+00
7.50000e+00 6.46416e-01 2.45831e+00
7.60000e+00 5.52149e-01 2.23812e+00
7.70000e+00 4.83786e-01 2.00705e+00
7.80000e+00 4.35066e-01 1.78028e+00
7.90000e+00 4.01119e-01 1.56705e+00
8.00000e+00 3.78374e-01 1.37222e+00
8.10000e+00 3.64290e-01 1.19776e+00
8.20000e+00 3.57086e-01 1.04374e+00
8.30000e+00 3.55524e-01 9.09211e-01
8.40000e+00 3.58751e-01 7.92605e-01
8.50000e+00 3.66192e-01 6.92133e-01
8.60000e+00 3.77466e-01 6.05957e-01
8.70000e+00 3.92339e-01 5.32314e-01
8.80000e+00 4.10688e-01 4.69574e-01
8.90000e+00 4.32472e-01 4.16275e-01
9.00000e+00 4.57717e-01 3.71127e-01
9.10000e+00 4.86501e-01 3.33013e-01
9.20000e+00 5.18950e-01 3.00974e-01
9.30000e+00 5.55226e-01 2.74201e-01
9.40000e+00 5.95525e-01 2.52019e-01
9.50000e+00 6.40069e-01 2.33877e-01
9.60000e+00 6.89106e-01 2.19335e-01
9.70000e+00 7.42902e-01 2.08057e-01
9.80000e+00 8.01736e-01 1.99807e-01
9.90000e+00 8.65890e-01 1.94448e-01
1.00000e+01 9.35642e-01 1.91945e-01
1.01000e+01 1.01125e+00 1.92377e-01
1.02000e+01 1.09292e+00 1.95952e-01
1.03000e+01 1.18079e+00 2.03037e-01
1.04000e+01 1.27490e+00 2.14200e-01
1.05000e+01 1.37508e+00 2.30268e-01
1.06000e+01 1.48092e+00 2.52417e-01
1.07000e+01 1.59164e+00 2.82284e-01
1.08000e+01 1.70587e+00 3.22136e-01
1.09000e+01 1.82151e+00 3.75063e-01
1.10000e+01 1.93534e+00 4.45225e-01
1.11000e+01 2.04271e+00 5.38072e-01
1.12000e+01 2.13706e+00 6.60437e-01
1.13000e+01 2.20963e+00 8.20214e-01
1.14000e+01 2.24936e+00 1.02516e+00
1.15000e+01 2.24370e+00 1.28016e+00
1.16000e+01 2.18084e+00 1.58249e+00
1.17000e+01 2.05381e+00 1.91602e+00
1.18000e+01 1.86567e+00 2.24775e+00
1.19000e+01 1.63288e+00 2.53226e+00
1.20000e+01 1.38268e+00 2.72607e+00
1.21000e+01 1.14402e+00 2.80460e+00
1.22000e+01 9.37572e-01 2.76958e+00
1.23000e+01 7.71662e-01 2.64310e+00
1.24000e+01 6.44870e-01 2.45537e+00
1.25000e+01 5.51018e-01 2.23489e+00
1.26000e+01 4.82973e-01 2.00379e+00
1.27000e+01 4.34493e-01 1.77716e+00
1.28000e+01 4.00726e-01 1.56415e+00
1.29000e+01 3.78119e-01 1.36961e+00
1.30000e+01 3.64143e-01 1.19544e+00
1.31000e+01 3.57027e-01 1.04171e+00
1.32000e+01 3.55537e-01 9.07441e-01
1.33000e+01 3.58828e-01 7.91076e-01
1.34000e+01 3.66325e-01 6.90819e-01
1.35000e+01 3.77651e-01 6.04833e-01
1.36000e+01 3.92575e-01 5.31355e-01
1.37000e+01 4.10973e-01 4.68758e-01
1.38000e+01 4.32805e-01 4.15583e-01
1.39000e+01 4.58099e-01 3.70542e-01
1.40000e+01 4.86934e-01 3.32519e-01
1.41000e+01 5.19436e-01 3.00560e-01
1.42000e+01 5.55768e-01 2.73856e-01
1.43000e+01 5.96125e-01 2.51735e-01
1.44000e+01 6.40730e-01 2.33647e-01
1.45000e+01 6.89833e-01 2.19153e-01
1.46000e+01 7.43698e-01 2.07920e-01
1.47000e+01 8.02605e-01 1.99711e-01
1.48000e+01 8.66837e-01 1.94392e-01
1.49000e+01 9.36670e-01 1.91930e-01
1.50000e+01 1.01236e+00 1.92404e-01
1.51000e+01 1.09412e+00 1.96026e-01
1.52000e+01 1.18208e+00 2.03165e-01
1.53000e+01 1.27627e+00 2.14391e-01
1.54000e+01 1.37654e+00 2.30536e-01
1.55000e+01 1.48246e+00 2.52781e-01
1.56000e+01 1.59323e+00 2.82772e-01
1.57000e+01 1.70750e+00 3.22784e-01
1.58000e+01 1.82314e+00 3.75924e-01
1.59000e+01 1.93691e+00 4.46365e-01
1.60000e+01 2.04415e+00 5.39580e-01
1.61000e+01 2.13827e+00 6.62416e-01
1.62000e+01 2.21045e+00 8.22781e-01
1.63000e+01 2.24962e+00 1.02841e+00
1.64000e+01 2.24323e+00 1.28413e+00
1.65000e+01 2.17950e+00 1.58705e+00
1.66000e+01 2.05155e+00 1.92082e+00
1.67000e+01 1.86264e+00 2.25221e+00
1.68000e+01 1.62940e+00 2.53572e+00
1.69000e+01 1.37917e+00 2.72801e+00
1.70000e+01 1.14084e+00 2.80486e+00
1.71000e+01 9.34938e-01 2.76836e+00
1.72000e+01 7.69607e-01 2.64080e+00
1.73000e+01 6.43330e-01 2.45242e+00
1.74000e+01 5.49892e-01 2.23165e+00
1.75000e+01 4.82164e-01 2.00052e+00
1.76000e+01 4.33923e-01 1.77403e+00
1.77000e+01 4.00336e-01 1.56127e+00
1.78000e+01 3.77866e-01 1.36700e+00
1.79000e+01 3.63998e-01 1.19312e+00
1.80000e+01 3.56969e-01 1.03968e+00
1.81000e+01 3.55552e-01 9.05674e-01
1.82000e+01 3.58906e-01 7.89550e-01
1.83000e+01 3.66459e-01 6.89508e-01
1.84000e+01 3.77838e-01 6.03710e-01
1.85000e+01 3.92811e-01 5.30397e-01
1.86000e+01 4.11257e-01 4.67944e-01
1.87000e+01 4.33139e-01 4.14892e-01
1.88000e+01 4.58482e-01 3.69958e-01
1.89000e+01 4.87368e-01 3.32027e-01
1.90000e+01 5.19923e-01 3.00147e-01
1.91000e+01 5.56310e-01 2.73513e-01
1.92000e+01 5.96725e-01 2.51453e-01
1.93000e+01 6.41393e-01 2.33418e-01
1.94000e+01 6.90561e-01 2.18972e-01
1.95000e+01 7.44496e-01 2.07783e-01
1.96000e+01 8.03476e-01 1.99616e-01
1.97000e+01 8.67785e-01 1.94337e-01
1.98000e+01 9.37699e-01 1.91916e-01
1.99000e+01 1.01347e+00 1.92433e-01
