50
5.27264  1.65213  -0.480907  -0.960237
5.09522  2.74189  -0.828099  0.134579
3.26102  12.2679  -0.76515  -1.67614
2.39725  8.12728  1.17363  2.45141
1.22023  9.85924  0.499351  0.79833
12.5874  4.77395  0.685662  1.39935
3.35493  3.93826  0.254029  -0.777597
7.58754  7.44615  0.978136  1.59575
2.03405  5.59777  -0.573648  0.715072
1.10867  6.88466  -0.752677  -0.174255
12.1078  2.47411  -1.12531  0.953212
4.21459  0.797054  0.806802  -0.372044
13.5986  5.43891  -0.161008  0.259442
11.8407  12.3891  0.87327  2.64287
5.39555  9.63185  1.29939  0.651769
7.84598  12.6458  1.52286  -0.701628
7.74634  4.71479  -0.738867  -0.682169
12.822  11.8304  -0.260213  1.03443
3.43888  8.59121  -0.828014  -1.17397
12.5123  9.30583  -0.194929  -1.07661
12.4314  1.40621  -1.1406  0.731116
2.08832  2.61503  0.128949  -1.93429
6.39572  3.34851  -0.164079  -0.890161
0.458011  3.51527  -0.0944389  1.16777
2.1829  10.4169  -0.700532  -1.04175
4.86147  13.7266  -3.04615  -0.950174
6.51146  11.3448  0.175963  -0.480214
0.350644  8.93647  -0.573511  -2.10145
5.81971  7.8577  -0.395056  0.721199
3.41916  10.1274  0.511874  1.30645
0.15691  10.253  0.118848  -0.530101
9.99155  12.6124  0.534567  1.30122
5.93935  13.4845  -0.450824  -0.48497
7.20975  1.04619  -1.14226  -0.875289
9.05164  12.2  0.452154  0.253176
9.11042  4.27716  -0.155079  0.0204361
9.77372  5.68827  0.182923  -0.479203
9.9876  10.8454  0.53836  -0.00774041
8.76433  8.37171  0.991813  2.31638
0.181491  11.435  0.743481  -1.13443
9.45848  13.5325  0.380204  -0.962003
13.2207  12.9709  -1.21851  0.0982229
8.61688  11.1534  -0.331609  0.381591
3.26083  13.8493  2.32191  0.287403
6.40565  0.45441  -0.384781  -0.462311
7.37996  2.70271  0.562069  0.68211
6.2613  2.05414  0.124901  0.569044
8.49812  3.24542  -0.408408  -2.08605
1.51277  3.73457  1.05658  -0.271974
6.22326  6.54195  -0.00298709  -0.185617
