1.95310e-02 1.01116e+00 1.00022e-01 3.05816e+00
9.76560e-02 1.05750e+00 1.00556e-01 3.28188e+00
3.13836e-01 1.19895e+00 1.06218e-01 3.82086e+00
5.65019e-01 1.38336e+00 1.22855e-01 4.28338e+00
8.16201e-01 1.57967e+00 1.56445e-01 4.55353e+00
1.02138e+00 1.73633e+00 2.05019e-01 4.62826e+00
1.19297e+00 1.85211e+00 2.69418e-01 4.59671e+00
1.37099e+00 1.94172e+00 3.71223e-01 4.48971e+00
1.51306e+00 1.97801e+00 4.88046e-01 4.36868e+00
1.65512e+00 1.97167e+00 6.44520e-01 4.23868e+00
1.79718e+00 1.91465e+00 8.43649e-01 4.12640e+00
1.94910e+00 1.79572e+00 1.09557e+00 4.05957e+00
2.07263e+00 1.66116e+00 1.31237e+00 4.06905e+00
2.19616e+00 1.50439e+00 1.51610e+00 4.15104e+00
2.31970e+00 1.33944e+00 1.68270e+00 4.31311e+00
2.44323e+00 1.17972e+00 1.79375e+00 4.55590e+00
2.57716e+00 1.02393e+00 1.84243e+00 4.90412e+00
2.74291e+00 8.65322e-01 1.80692e+00 5.44031e+00
2.90867e+00 7.46047e-01 1.69243e+00 6.06850e+00
3.07442e+00 6.61608e-01 1.53281e+00 6.76389e+00
3.24018e+00 6.05583e-01 1.35654e+00 7.50548e+00
3.40593e+00 5.72066e-01 1.18303e+00 8.27647e+00
3.57915e+00 5.56130e-01 1.01670e+00 9.09917e+00
3.76827e+00 5.56774e-01 8.59212e-01 1.00031e+01
3.98074e+00 5.76305e-01 7.14200e-01 1.10102e+01
4.23350e+00 6.22259e-01 5.82659e-01 1.21756e+01
4.54517e+00 7.10442e-01 4.72409e-01 1.35302e+01
4.79508e+00 8.05628e-01 4.18220e-01 1.45236e+01
5.04499e+00 9.22089e-01 3.90371e-01 1.54111e+01
5.29490e+00 1.05806e+00 3.88150e-01 1.61722e+01
5.52827e+00 1.19844e+00 4.11939e-01 1.67534e+01
5.76164e+00 1.34317e+00 4.67474e-01 1.72006e+01
5.95759e+00 1.45692e+00 5.47070e-01 1.74739e+01
6.15354e+00 1.54852e+00 6.66874e-01 1.76657e+01
6.34949e+00 1.59903e+00 8.36428e-01 1.78005e+01
6.54544e+00 1.58879e+00 1.05801e+00 1.79184e+01
6.70195e+00 1.52886e+00 1.26179e+00 1.80356e+01
6.84355e+00 1.43698e+00 1.44783e+00 1.81854e+01
6.98516e+00 1.31840e+00 1.61206e+00 1.83953e+01
7.12676e+00 1.18656e+00 1.73179e+00 1.86768e+01
7.26837e+00 1.05549e+00 1.79188e+00 1.90334e+01
7.43138e+00 9.19597e-01 1.78358e+00 1.95317e+01
7.59439e+00 8.08119e-01 1.70492e+00 2.01109e+01
7.76850e+00 7.18222e-01 1.56862e+00 2.07999e+01
7.94262e+00 6.55972e-01 1.40564e+00 2.15417e+01
8.11673e+00 6.17151e-01 1.23777e+00 2.23184e+01
8.29085e+00 5.97700e-01 1.07907e+00 2.31152e+01
8.47866e+00 5.94753e-01 9.26713e-01 2.39830e+01
8.68610e+00 6.09976e-01 7.85290e-01 2.49365e+01
8.92517e+00 6.48651e-01 6.57177e-01 2.60099e+01
9.24739e+00 7.33522e-01 5.37493e-01 2.73787e+01
9.50117e+00 8.25565e-01 4.80152e-01 2.83656e+01
9.76541e+00 9.43721e-01 4.51321e-01 2.92822e+01
1.00296e+01 1.08158e+00 4.54008e-01 3.00630e+01
1.02597e+01 1.21202e+00 4.85630e-01 3.06185e+01
1.04898e+01 1.34211e+00 5.51811e-01 3.10532e+01
1.06882e+01 1.44154e+00 6.45090e-01 3.13363e+01
1.08867e+01 1.51304e+00 7.80615e-01 3.15504e+01
1.10852e+01 1.53833e+00 9.63520e-01 3.17248e+01
1.12837e+01 1.50192e+00 1.18710e+00 3.19029e+01
1.14321e+01 1.43181e+00 1.36475e+00 3.20693e+01
1.15880e+01 1.32530e+00 1.53679e+00 3.22994e+01
1.17438e+01 1.19843e+00 1.66801e+00 3.26030e+01
1.18997e+01 1.06734e+00 1.73839e+00 3.29879e+01
1.20637e+01 9.39908e-01 1.73966e+00 3.34784e+01
1.22353e+01 8.28324e-01 1.67063e+00 3.40742e+01
1.24165e+01 7.38510e-01 1.54311e+00 3.47769e+01
1.25978e+01 6.76188e-01 1.38669e+00 3.55345e+01
1.27791e+01 6.37703e-01 1.22370e+00 3.63284e+01
1.29604e+01 6.19218e-01 1.06889e+00 3.71428e+01
1.31506e+01 6.17905e-01 9.24021e-01 3.80046e+01
1.33604e+01 6.34891e-01 7.89475e-01 3.89487e+01
1.36015e+01 6.75577e-01 6.67970e-01 4.00063e+01
1.39299e+01 7.64342e-01 5.54589e-01 4.13637e+01
1.41853e+01 8.58366e-01 5.03194e-01 4.23244e+01
1.44527e+01 9.78289e-01 4.81249e-01 4.32157e+01
1.47201e+01 1.11578e+00 4.93201e-01 4.39689e+01
1.49432e+01 1.23705e+00 5.33556e-01 4.44807e+01
1.51662e+01 1.35341e+00 6.08930e-01 4.48855e+01
1.53892e+01 1.44836e+00 7.29022e-01 4.51946e+01
1.56123e+01 1.49972e+00 9.02556e-01 4.54367e+01
1.58353e+01 1.48499e+00 1.12736e+00 4.56610e+01
1.59897e+01 1.42986e+00 1.29957e+00 4.58397e+01
1.61555e+01 1.33364e+00 1.47642e+00 4.60822e+01
1.63214e+01 1.21162e+00 1.61697e+00 4.63980e+01
1.64873e+01 1.08103e+00 1.69740e+00 4.67986e+01
1.66532e+01 9.57730e-01 1.70770e+00 4.72842e+01
1.68325e+01 8.44493e-01 1.64700e+00 4.78945e+01
1.70204e+01 7.53518e-01 1.52581e+00 4.86110e+01
1.72083e+01 6.90380e-01 1.37330e+00 4.93853e+01
1.73962e+01 6.51762e-01 1.21277e+00 5.01975e+01
1.75841e+01 6.33902e-01 1.05982e+00 5.10308e+01
1.77719e+01 6.33642e-01 9.23092e-01 5.18707e+01
1.79833e+01 6.51548e-01 7.93130e-01 5.28084e+01
1.82252e+01 6.93093e-01 6.76261e-01 5.38529e+01
1.85450e+01 7.79565e-01 5.70257e-01 5.51533e+01
1.88065e+01 8.75143e-01 5.20551e-01 5.61199e+01
1.90771e+01 9.95187e-01 5.02156e-01 5.70038e+01
1.93477e+01 1.13137e+00 5.19375e-01 5.77483e+01
1.95681e+01 1.24659e+00 5.64502e-01 5.82427e+01
1.97884e+01 1.35437e+00 6.44767e-01 5.86378e+01
2.00000e+01 1.43584e+00 7.62939e-01 5.89360e+01
