1.95310e-02 1.01107e+00 1.00022e-01 2.98004e+00
8.48403e-02 1.04806e+00 1.00409e-01 2.90700e+00
2.79793e-01 1.15542e+00 1.04496e-01 2.63224e+00
4.42622e-01 1.23542e+00 1.11403e-01 2.34142e+00
6.11723e-01 1.29900e+00 1.22028e-01 1.99012e+00
7.43674e-01 1.32628e+00 1.32593e-01 1.69210e+00
8.82563e-01 1.32453e+00 1.45257e-01 1.37077e+00
1.02145e+00 1.28225e+00 1.58193e-01 1.06125e+00
1.16034e+00 1.19287e+00 1.69172e-01 7.88161e-01
1.25599e+00 1.10506e+00 1.74115e-01 6.34911e-01
1.35910e+00 9.94226e-01 1.75940e-01 5.10952e-01
1.44549e+00 8.98561e-01 1.74310e-01 4.43178e-01
1.53187e+00 8.10687e-01 1.69957e-01 4.07375e-01
1.62655e+00 7.31601e-01 1.62696e-01 4.00013e-01
1.74207e+00 6.62956e-01 1.51619e-01 4.25513e-01
1.87249e+00 6.16628e-01 1.37938e-01 4.84234e-01
2.00291e+00 5.93645e-01 1.24387e-01 5.60623e-01
2.14271e+00 5.86069e-01 1.10874e-01 6.50838e-01
2.29206e+00 5.90864e-01 9.80228e-02 7.47875e-01
2.45747e+00 6.06619e-01 8.58152e-02 8.48457e-01
2.64578e+00 6.33577e-01 7.43568e-02 9.46792e-01
2.86662e+00 6.73015e-01 6.37844e-02 1.03269e+00
3.16218e+00 7.31842e-01 5.34887e-02 1.08921e+00
3.37582e+00 7.73497e-01 4.81299e-02 1.08669e+00
3.60340e+00 8.11797e-01 4.38098e-02 1.04720e+00
3.83098e+00 8.38623e-01 4.04809e-02 9.77671e-01
4.05856e+00 8.49371e-01 3.77316e-02 8.90755e-01
4.28614e+00 8.41925e-01 3.51957e-02 8.02322e-01
4.51372e+00 8.18614e-01 3.25951e-02 7.28261e-01
4.71067e+00 7.91031e-01 3.01865e-02 6.84833e-01
4.90763e+00 7.62870e-01 2.76453e-02 6.63751e-01
5.10459e+00 7.39196e-01 2.50575e-02 6.63354e-01
5.31106e+00 7.22207e-01 2.24136e-02 6.79889e-01
5.52958e+00 7.13557e-01 1.98069e-02 7.08634e-01
5.76245e+00 7.13451e-01 1.73271e-02 7.43268e-01
6.01759e+00 7.21096e-01 1.49951e-02 7.77210e-01
6.30988e+00 7.35248e-01 1.27897e-02 8.03055e-01
6.58435e+00 7.49468e-01 1.11035e-02 8.11347e-01
6.85881e+00 7.61074e-01 9.70941e-03 8.05193e-01
7.13327e+00 7.67766e-01 8.53376e-03 7.88849e-01
7.40773e+00 7.68754e-01 7.51627e-03 7.68292e-01
7.71325e+00 7.64205e-01 6.51830e-03 7.47664e-01
8.03202e+00 7.56165e-01 5.59451e-03 7.34521e-01
8.35079e+00 7.48437e-01 4.77671e-03 7.31791e-01
8.66956e+00 7.43592e-01 4.06177e-03 7.37255e-01
8.98833e+00 7.42406e-01 3.44722e-03 7.46555e-01
9.33510e+00 7.44439e-01 2.88477e-03 7.55986e-01
9.72779e+00 7.48625e-01 2.36388e-03 7.61519e-01
1.01205e+01 7.52241e-01 1.94327e-03 7.60626e-01
1.05132e+01 7.53720e-01 1.60079e-03 7.55626e-01
1.09058e+01 7.52998e-01 1.31900e-03 7.50112e-01
1.13361e+01 7.50921e-01 1.06545e-03 7.46667e-01
1.17891e+01 7.49041e-01 8.49375e-04 7.46859e-01
1.22421e+01 7.48491e-01 6.76357e-04 7.49311e-01
1.27277e+01 7.49178e-01 5.29875e-04 7.51719e-01
1.32396e+01 7.50247e-01 4.10065e-04 7.52268e-01
1.37515e+01 7.50733e-01 3.17614e-04 7.51127e-01
1.42837e+01 7.50478e-01 2.43550e-04 7.49735e-01
1.48664e+01 7.49923e-01 1.81997e-04 7.49286e-01
1.54492e+01 7.49700e-01 1.35934e-04 7.49816e-01
1.61174e+01 7.49900e-01 9.72672e-05 7.50415e-01
1.68678e+01 7.50136e-01 6.68043e-05 7.50295e-01
1.76183e+01 7.50077e-01 4.58879e-05 7.49917e-01
1.85997e+01 7.49941e-01 2.80471e-05 7.49941e-01
1.95811e+01 7.49999e-01 1.71416e-05 7.50091e-01
2.00000e+01 7.50024e-01 1.39083e-05 7.50070e-01
