1.95310e-02 1.01107e+00 1.00022e-01 2.97645e+00
8.32031e-02 1.04706e+00 1.00393e-01 2.89821e+00
2.74487e-01 1.15241e+00 1.04318e-01 2.65188e+00
4.73997e-01 1.25143e+00 1.13129e-01 2.38473e+00
6.73508e-01 1.32999e+00 1.27150e-01 2.12063e+00
8.83512e-01 1.38096e+00 1.47813e-01 1.86447e+00
1.04367e+00 1.39441e+00 1.67456e-01 1.69669e+00
1.21896e+00 1.38489e+00 1.92099e-01 1.55042e+00
1.37151e+00 1.36012e+00 2.15289e-01 1.45935e+00
1.52406e+00 1.32572e+00 2.39074e-01 1.40241e+00
1.67660e+00 1.28729e+00 2.62520e-01 1.37670e+00
1.84630e+00 1.24526e+00 2.87325e-01 1.37848e+00
2.04040e+00 1.20259e+00 3.13346e-01 1.40920e+00
2.29002e+00 1.15907e+00 3.42765e-01 1.47517e+00
2.53964e+00 1.12748e+00 3.68017e-01 1.55289e+00
2.80580e+00 1.10389e+00 3.91242e-01 1.63488e+00
3.08306e+00 1.08684e+00 4.12373e-01 1.71161e+00
3.38002e+00 1.07377e+00 4.32431e-01 1.78102e+00
3.70707e+00 1.06273e+00 4.52114e-01 1.84296e+00
4.08229e+00 1.05200e+00 4.71965e-01 1.89920e+00
4.59717e+00 1.03848e+00 4.94432e-01 1.95926e+00
5.11204e+00 1.02600e+00 5.11061e-01 2.00751e+00
5.62691e+00 1.01542e+00 5.21971e-01 2.04785e+00
6.14178e+00 1.00756e+00 5.28051e-01 2.08083e+00
6.68441e+00 1.00247e+00 5.30784e-01 2.10709e+00
7.39144e+00 9.99901e-01 5.31439e-01 2.12836e+00
8.09847e+00 9.99970e-01 5.31294e-01 2.13780e+00
8.80551e+00 1.00071e+00 5.31552e-01 2.14025e+00
9.60556e+00 1.00103e+00 5.32349e-01 2.14015e+00
1.03775e+01 1.00070e+00 5.33092e-01 2.14029e+00
1.11494e+01 1.00020e+00 5.33460e-01 2.14123e+00
1.20837e+01 9.99863e-01 5.33456e-01 2.14250e+00
1.32132e+01 9.99908e-01 5.33287e-01 2.14308e+00
1.43427e+01 1.00004e+00 5.33264e-01 2.14291e+00
1.50550e+01 1.00006e+00 5.33303e-01 2.14278e+00
1.57571e+01 1.00003e+00 5.33338e-01 2.14275e+00
1.70155e+01 9.99990e-01 5.33349e-01 2.14283e+00
1.78515e+01 9.99987e-01 5.33337e-01 2.14288e+00
1.89677e+01 9.99998e-01 5.33328e-01 2.14287e+00
2.00000e+01 1.00000e+00 5.33330e-01 2.14286e+00
